image,height,width,label
0000025__0630__23_02_19_P1____END.png,127,227,0
0000120__0720__14_37_50_PC_______.png,160,161,1
0000148__0720__14_20_28_PC_______.png,15,87,2
0000241__0720__13_28_51_PC_______.png,179,32,3
0004044__0704__19_00_31__________.png,42,210,4
0004057__0704__19_00_32_______END.png,129,210,4
0019034__0716__19_56_28_PC_______.png,61,183,3
0022891__0716__20_02_53_PC_______.png,200,106,4
0032996__0704__19_48_46_PC____END.png,68,59,4
0040641__0704__20_01_30_PC_______.png,199,206,5
0089564__0704__21_23_02_PC____END.png,245,51,3
0103_15_07_56_i4981_id276_cn1578064077907896000_thr540.In .jpg,252,124,6
0103_15_15_58_i9801_id752_cn1578064559994107000_thr505.In .jpg,13,172,4
0103_15_16_01_i9832_id766_cn1578064562592794000_thr750.Out_bord .jpg,242,154,3
0103_15_26_15_i15968_id798_cn1578065176872478000_thr960.Sg_bord .jpg,84,49,3
0103_15_26_15_i15970_id802_cn1578065177055000000_thr931.In_bord .jpg,158,150,3
0103_15_26_16_i15980_id822_cn1578065177055000000_thr986. looks_different.jpg,234,146,3
0103_15_26_16_i15981_id824_cn1578065178130660000_thr951.In looks_different.jpg,163,136,6
0103_15_41_08_i24902_id1212_cn1578066070431687000_thr970.Sgl looks_different.jpg,215,194,4
0103_15_41_09_i24906_id1214_cn1578066070792863000_thr989.Out looks_different.jpg,206,1,4
0103_16_01_26_i37078_id1474_cn1578067287842037000_thr983.Out looks_different.jpg,232,216,4
0103_16_06_46_i40280_id1894_cn1578067608088507000_thr601.Out looks_different.jpg,126,63,6
0103_16_15_09_i45304_id1946_cn1578068111095074000_thr968.Sg_bord .jpg,141,167,6
0103_16_19_06_i47670_id2043_cn1578068347670340000_thr959.Out looks_different.jpg,191,215,0
0103_16_19_16_i47773_id2088_cn1578068358096242000_thr741.Sgl looks_different.jpg,181,182,6
0103_16_19_17_i47779_id2095_cn1578068358772574000_thr578.In looks_different.jpg,181,166,6
0103_16_22_44_i49856_id2203_cn1578068566432972000_thr987.Sgl looks_different.jpg,28,244,4
0103_16_22_45_i49858_id2205_cn1578068566625583000_thr711.Sgl looks_different.jpg,72,213,4
0103_16_22_46_i49872_id2219_cn1578068568024401000_thr978.Sgl looks_different.jpg,41,229,4
0103_16_22_48_i49897_id2244_cn1578068570398560000_thr855.Out looks_different.jpg,3,34,4
0103_16_22_48_i49898_id2245_cn1578068570599191000_thr697.In looks_different.jpg,249,242,0
0103_16_27_03_i52441_id2298_cn1578068824303823000_thr995. crossing.jpg,84,0,4
0103_16_27_05_i52461_id2331_cn1578068826998719000_thr970.Sgl looks_different.jpg,240,13,6
0103_16_27_05_i52462_id2332_cn1578068827076995000_thr999.Sgl .jpg,246,179,4
0103_16_27_05_i52467_id2337_cn1578068827561382000_thr798.In crossing.jpg,110,92,4
0103_20_20_47_i192650_id5164_cn1578082842238325000_thr604.Out .jpg,33,241,6
0104_07_11_32_i583016_id5710_cn1578121894634733000_thr921.Sgl .jpg,199,167,6
0104_09_28_28_i665149_id7699_cn1578130108206525000_thr541.Out .jpg,27,139,6
0104_10_01_56_i685233_id8465_cn1578132120529240000_thr971.Sgl looks_different.jpg,101,166,0
0104_10_01_57_i685241_id8480_cn1578132122258606000_thr996.In looks_different.jpg,71,108,3
0104_10_01_58_i685250_id8499_cn1578132123308811000_thr972.Out_bord .jpg,35,35,3
0104_10_02_13_i685368_id8581_cn1578132134656409000_thr1000.Out_bord .jpg,251,83,6
0104_10_02_14_i685370_id8586_cn1578132141730258000_thr919.Sg_bord looks_different.jpg,55,57,6
0104_10_14_04_i692313_id9058_cn1578132842617453000_thr889.Out_bord looks_different.jpg,9,142,6
0104_10_17_05_i693989_id9357_cn1578133034972138000_thr965.Sgl .jpg,115,161,6
0104_10_17_10_i694007_id9379_cn1578133040904809000_thr808.In looks_different.jpg,44,130,6
0104_10_20_01_i695539_id9545_cn1578133213484318000_thr999. crossing.jpg,184,188,6
0104_10_20_03_i695541_id9552_cn1578133218738515000_thr779.In .jpg,128,141,6
0104_10_20_03_i695543_id9560_cn1578133203333759000_thr645. .jpg,224,193,6
0104_10_20_06_i695551_id9587_cn1578133216271664000_thr833. .jpg,200,194,6
0104_10_20_08_i695555_id9602_cn1578133216271664000_thr969. .jpg,146,150,6
0104_10_20_29_i695598_id9695_cn1578133213484318000_thr797. looks_different.jpg,189,158,6
0104_10_20_35_i695612_id9732_cn1578133255114855000_thr978.Sgl .jpg,136,172,6
0104_10_23_50_i696402_id9900_cn1578133448280091000_thr805.In looks_different.jpg,15,34,6
0104_10_26_01_i696961_id10045_cn1578133570823332000_thr990. looks_different.jpg,130,39,0
0104_10_26_01_i696963_id10049_cn1578133570823332000_thr1000. .jpg,140,150,0
0104_10_26_01_i696970_id10066_cn1578133570823332000_thr996. looks_different.jpg,190,100,0
0104_10_26_04_i696977_id10092_cn1578133589269167000_thr991. looks_different.jpg,41,163,3
0104_10_26_04_i696978_id10095_cn1578133589269167000_thr885. looks_different.jpg,39,216,3
0104_10_26_07_i696980_id10108_cn1578133593705171000_thr914.Sgl looks_different.jpg,200,23,0
0104_10_26_07_i696981_id10113_cn1578133593777734000_thr815.In crossing.jpg,22,71,0
0104_10_26_07_i696982_id10115_cn1578133585450112000_thr985. looks_different.jpg,42,153,3
0104_10_26_07_i696984_id10131_cn1578133589269167000_thr563.Out looks_different.jpg,47,236,3
0104_10_26_10_i696985_id10136_cn1578133598389903000_thr967.Sgl looks_different.jpg,105,9,0
0104_10_26_10_i696986_id10142_cn1578133598478148000_thr892.Sgl .jpg,83,33,3
0104_10_26_11_i696988_id10153_cn1578133589612020000_thr957. .jpg,188,71,6
0104_10_26_14_i696990_id10160_cn1578133589612020000_thr1000. .jpg,171,91,6
0104_10_26_14_i696990_id10163_cn1578133585450112000_thr992. looks_different.jpg,73,163,3
0104_10_26_14_i696991_id10167_cn1578133603637180000_thr949.Sgl looks_different.jpg,104,72,3
0104_10_26_14_i696993_id10174_cn1578133589612020000_thr998. looks_different.jpg,175,144,6
0104_10_26_18_i696997_id10194_cn1578133609960638000_thr805.Sgl .jpg,78,72,6
0104_10_26_25_i697005_id10226_cn1578133589612020000_thr931. .jpg,60,25,6
0104_10_26_25_i697006_id10230_cn1578133624025859000_thr879.In_bord looks_different.jpg,23,36,0
0104_10_26_25_i697007_id10233_cn1578133616259732000_thr922. .jpg,70,39,3
0104_10_26_25_i697007_id10234_cn1578133624025859000_thr759.Out_bord .jpg,70,248,0
0104_10_26_25_i697008_id10237_cn1578133616259732000_thr983. looks_different.jpg,65,247,3
0104_10_26_33_i697015_id10256_cn1578133589612020000_thr997.Out looks_different.jpg,46,45,6
0104_10_26_33_i697015_id10257_cn1578133603901751000_thr993. .jpg,216,31,3
0104_10_26_33_i697015_id10258_cn1578133616259732000_thr990. .jpg,52,236,3
0104_10_26_43_i697027_id10295_cn1578133639114202000_thr797. crossing.jpg,34,183,3
0104_10_26_56_i697036_id10308_cn1578133668922728000_thr836.Sg_bord looks_different.jpg,55,209,3
0104_10_29_45_i697483_id10352_cn1578133840571341000_thr839.Sg_bord looks_different.jpg,141,175,6
0104_10_30_40_i697521_id10353_cn1578133865725576000_thr735.Sgl .jpg,73,145,4
0104_10_30_42_i697526_id10354_cn1578133873488465000_thr1000.Sgl .jpg,113,56,3
0104_10_31_23_i697602_id10419_cn1578133916795019000_thr956.Sgl .jpg,59,160,4
0104_10_35_15_i698091_id10480_cn1578134149338045000_thr990.Sg_bord looks_different.jpg,48,179,6
0104_10_35_17_i698108_id10502_cn1578134175169904000_thr974. looks_different.jpg,105,69,3
0104_10_35_33_i698119_id10549_cn1578134175169904000_thr992. .jpg,96,30,6
0104_10_35_33_i698119_id10550_cn1578134149504089000_thr988. .jpg,170,17,3
0104_10_35_41_i698122_id10567_cn1578134204298373000_thr968.In_bord looks_different.jpg,152,158,2
0104_10_35_49_i698127_id10591_cn1578134204298373000_thr926.Out .jpg,4,53,6
0104_10_35_49_i698127_id10592_cn1578134215336196000_thr722.Sgl .jpg,241,84,0
0104_10_35_57_i698131_id10608_cn1578134215684594000_thr991. looks_different.jpg,62,131,6
0104_10_35_58_i698133_id10618_cn1578134215684594000_thr979.Out looks_different.jpg,176,13,6
0104_10_36_06_i698137_id10636_cn1578134239714810000_thr995.Sgl .jpg,170,14,0
0104_10_36_15_i698143_id10666_cn1578134239936539000_thr1000. .jpg,90,230,0
0104_10_36_15_i698143_id10669_cn1578134239568831000_thr937. .jpg,42,245,3
0104_10_36_15_i698144_id10672_cn1578134239568831000_thr985. crossing.jpg,39,212,3
0104_10_36_24_i698147_id10687_cn1578134239568831000_thr964.Out .jpg,23,13,3
0104_10_36_33_i698151_id10697_cn1578134239936539000_thr998. looks_different.jpg,11,93,0
0104_10_36_33_i698151_id10699_cn1578134295610997000_thr719.Sg_bord looks_different.jpg,218,154,3
0104_10_36_33_i698153_id10703_cn1578134184430399000_thr998. .jpg,14,165,3
0104_10_52_11_i698817_id10817_cn1578135254859818000_thr996. .jpg,41,15,0
0104_10_52_11_i698820_id10825_cn1578135254859818000_thr985. .jpg,190,129,0
0104_10_52_52_i698832_id10856_cn1578135275752934000_thr1000. .jpg,130,77,6
0104_11_00_21_i699032_id10883_cn1578135689440992000_thr979.In .jpg,97,156,4
0104_11_09_43_i699584_id10970_cn1578136092003413000_thr926. .jpg,177,252,4
0104_11_10_06_i699588_id10979_cn1578136092003413000_thr866.Out looks_different.jpg,155,9,4
0104_11_47_27_i703607_id11321_cn1578138522114282000_thr567. .jpg,217,201,6
0104_11_57_54_i703847_id11484_cn1578139151539376000_thr997.Out_bord looks_different.jpg,88,71,0
0104_12_46_50_i716713_id11802_cn1578142115759266000_thr993.In_bord looks_different.jpg,19,56,6
0104_13_02_01_i1825_id209_cn1578142921629288000_thr989. .jpg,49,234,6
0104_13_02_01_i1825_id211_cn1578142918531573000_thr581.Out_bord .jpg,147,175,6
0104_13_02_44_i2256_id401_cn1578142965714930000_thr983.Out .jpg,70,228,7
0104_13_34_25_i21260_id1225_cn1578144866872277000_thr949.In_bord .jpg,43,17,3
0104_13_35_30_i21913_id1285_cn1578144929163876000_thr977. looks_different.jpg,89,228,4
0104_13_35_30_i21913_id1286_cn1578144932163387000_thr752.Sgl .jpg,63,158,4
0104_13_35_35_i21962_id1333_cn1578144929163876000_thr954. crossing.jpg,22,252,4
0104_13_35_36_i21969_id1341_cn1578144937775108000_thr970.Sg_bord looks_different.jpg,109,32,6
0104_13_35_36_i21971_id1345_cn1578144929163876000_thr890. looks_different.jpg,237,246,4
0104_13_35_36_i21973_id1349_cn1578144929163876000_thr729.Out_bord looks_different.jpg,175,182,4
0104_13_47_12_i28929_id1569_cn1578145633048818000_thr979. crossing.jpg,13,19,4
0104_13_47_16_i28967_id1597_cn1578145633048818000_thr551. crossing.jpg,97,168,4
0104_13_56_49_i34697_id1732_cn1578146208368594000_thr996.Out looks_different.jpg,12,208,6
0104_13_56_49_i34697_id1733_cn1578146206562461000_thr677. looks_different.jpg,108,227,6
0104_13_56_49_i34699_id1737_cn1578146206562461000_thr754.Out looks_different.jpg,10,197,6
0104_14_07_14_i40944_id1954_cn1578146834093360000_thr992. crossing.jpg,178,153,4
0104_14_07_15_i40955_id1965_cn1578146834093360000_thr695. crossing.jpg,165,157,4
0104_14_17_18_i46985_id2073_cn1578147439979338000_thr970.In_bord looks_different.jpg,28,206,1
0104_14_24_10_i51107_id2219_cn1578147840694354000_thr504. crossing.jpg,75,25,7
0104_14_24_21_i51219_id2291_cn1578147856931187000_thr994. crossing.jpg,139,182,2
0104_14_24_25_i51256_id2319_cn1578147867138244000_thr892.Sg_bord looks_different.jpg,0,179,7
0104_14_25_51_i52114_id2320_cn1578147952944522000_thr688.In_bord .jpg,204,123,4
0104_14_26_01_i52215_id2412_cn1578147952944522000_thr689.Out .jpg,58,21,4
0104_14_27_43_i53235_id2475_cn1578148065101306000_thr888.In_bord .jpg,4,144,4
0104_14_30_36_i54962_id2634_cn1578148229702523000_thr901. .jpg,106,149,4
0104_15_14_18_i81183_id3255_cn1578150860102278000_thr958. .jpg,108,200,6
0104_15_14_18_i81183_id3256_cn1578150859599107000_thr784. crossing.jpg,35,19,6
0104_15_14_25_i81246_id3352_cn1578150864924428000_thr995.Out looks_different.jpg,206,33,3
0104_15_15_16_i81758_id3462_cn1578150918014540000_thr990.In_bord .jpg,7,126,8
0104_15_15_17_i81769_id3473_cn1578150919088610000_thr821.Sgl .jpg,141,116,8
0104_15_15_17_i81773_id3477_cn1578150919489790000_thr839.In looks_different.jpg,64,79,4
0104_15_15_18_i81782_id3486_cn1578150919489790000_thr984.Out_bord .jpg,220,29,4
0104_15_15_18_i81783_id3487_cn1578150920507376000_thr898.Sgl .jpg,35,45,4
0104_15_54_10_i105091_id5480_cn1578153252355437000_thr955.Sgl looks_different.jpg,138,135,6
0104_15_57_10_i106894_id5528_cn1578153432219765000_thr640.In_bord .jpg,194,217,4
0104_15_57_13_i106922_id5557_cn1578153435088586000_thr998.In looks_different.jpg,142,149,7
0104_15_57_14_i106929_id5564_cn1578153435088586000_thr978.Out_bord looks_different.jpg,103,129,7
0104_16_13_52_i116907_id6213_cn1578154433905458000_thr740.In_bord looks_different.jpg,88,57,7
0104_16_23_24_i122625_id6632_cn1578155000233339000_thr698.Out looks_different.jpg,152,204,6
0104_16_39_50_i132488_id6736_cn1578155994134232000_thr994.In looks_different.jpg,130,8,6
0104_16_39_50_i132488_id6737_cn1578155994134536000_thr931.In .jpg,58,9,6
0104_16_43_10_i134478_id6827_cn1578156196693146000_thr875.In .jpg,77,141,6
0104_16_43_20_i134533_id6911_cn1578156207704413000_thr998. .jpg,18,33,2
0105_08_20_56_i693297_id8807_cn1578212467297796000_thr995. looks_different.jpg,186,180,4
0105_08_35_18_i701274_id8926_cn1578213330116661000_thr817. .jpg,59,92,2
0105_09_36_29_i733040_id9813_cn1578216995359942000_thr875. .jpg,145,74,1
0105_09_36_48_i733070_id9851_cn1578216995359942000_thr985. .jpg,96,78,2
0105_09_44_52_i737046_id9997_cn1578217507475390000_thr997.Out .jpg,80,84,6
0105_09_50_17_i739933_id10027_cn1578217828360513000_thr882.Sgl .jpg,206,118,6
0105_09_51_29_i740152_id10157_cn1578217901472588000_thr995. looks_different.jpg,241,172,6
0105_09_51_33_i740159_id10175_cn1578217874521076000_thr941. .jpg,162,153,2
0105_09_56_29_i741815_id10353_cn1578218218932667000_thr923.Out looks_different.jpg,163,143,6
0105_09_57_11_i741876_id10371_cn1578218265671485000_thr701.Out looks_different.jpg,57,159,6
0105_10_01_21_i743745_id10471_cn1578218487426826000_thr924.Out_bord looks_different.jpg,22,226,6
0105_10_04_50_i744366_id10542_cn1578218733114399000_thr992.Sgl .jpg,112,5,4
0105_10_06_50_i744880_id10571_cn1578218839439647000_thr641. looks_different.jpg,43,150,6
0105_10_07_12_i744896_id10589_cn1578218884654876000_thr724.Sgl .jpg,9,245,6
0105_10_15_46_i747610_id10772_cn1578219336900014000_thr752.Out_bord looks_different.jpg,238,142,4
0105_10_44_33_i758995_id11218_cn1578221111764685000_thr991. looks_different.jpg,68,218,6
0105_10_50_57_i761153_id11359_cn1578221499686485000_thr1000. .jpg,191,243,6
0105_10_54_27_i761341_id11439_cn1578221731256998000_thr879.Sg_bord .jpg,241,131,6
0105_10_54_27_i761342_id11442_cn1578221704536721000_thr998. .jpg,86,249,6
0105_10_54_27_i761346_id11453_cn1578221704536721000_thr791. looks_different.jpg,95,21,6
0105_10_54_27_i761346_id11454_cn1578221745007020000_thr705.Sgl looks_different.jpg,221,131,6
0105_10_54_27_i761352_id11465_cn1578221704536721000_thr989.Out .jpg,134,2,6
0105_10_54_39_i761356_id11474_cn1578221774845636000_thr960.Sgl looks_different.jpg,173,31,6
0105_10_54_39_i761359_id11484_cn1578221704536425000_thr555. looks_different.jpg,118,228,6
0105_10_54_51_i761360_id11486_cn1578221775249366000_thr916. looks_different.jpg,40,245,6
0105_10_54_52_i761363_id11500_cn1578221775007291000_thr770.Out looks_different.jpg,234,21,6
0105_10_55_04_i761365_id11508_cn1578221790454344000_thr838. looks_different.jpg,223,184,6
0105_10_55_17_i761373_id11535_cn1578221790454344000_thr984. looks_different.jpg,9,201,6
0105_11_27_48_i770336_id11869_cn1578223727936400000_thr1000. .jpg,184,30,6
0105_11_48_15_i777115_id12063_cn1578224983043081000_thr998.Out looks_different.jpg,67,160,6
0105_13_11_38_i800505_id12673_cn1578229996078068000_thr757.Sgl .jpg,79,14,4
0105_13_32_10_i804061_id12880_cn1578231081694892000_thr806.Out_bord .jpg,255,138,4
0105_13_58_10_i572_id119_cn1578232688271088000_thr520.Out looks_different.jpg,56,134,6
0105_13_58_23_i703_id296_cn1578232691565068000_thr819.Out .jpg,186,210,6
0105_14_00_14_i1811_id558_cn1578232815422111000_thr992. .jpg,72,40,2
0105_14_12_00_i8873_id1682_cn1578233522564828000_thr526.In .jpg,7,15,6
0105_14_16_56_i11825_id2384_cn1578233817880346000_thr617.In_bord .jpg,89,98,2
0105_14_17_06_i11932_id2434_cn1578233828571158000_thr935.In_bord looks_different.jpg,234,132,2
0105_14_17_09_i11958_id2460_cn1578233828571158000_thr955. crossing.jpg,169,11,2
0105_14_32_42_i21288_id3038_cn1578234761285156000_thr976.Out .jpg,133,55,6
0105_14_32_43_i21293_id3048_cn1578234762816121000_thr995. .jpg,92,248,6
0105_14_32_44_i21301_id3066_cn1578234765443231000_thr943. crossing.jpg,99,52,6
0105_14_32_44_i21303_id3071_cn1578234765784062000_thr996.Out .jpg,19,62,6
0105_14_39_50_i25564_id3203_cn1578235192045152000_thr995.In_bord looks_different.jpg,234,59,2
0105_14_43_02_i27488_id3268_cn1578235384479105000_thr945.In_bord looks_different.jpg,29,243,2
0105_14_47_31_i30178_id3362_cn1578235652640496000_thr993. crossing.jpg,124,71,6
0105_15_01_49_i38755_id3487_cn1578236511567698000_thr979.Sg_bord .jpg,245,103,3
0105_15_30_19_i55850_id3819_cn1578238220224541000_thr991. crossing.jpg,59,83,4
0105_15_36_31_i59570_id3920_cn1578238592281487000_thr996. crossing.jpg,60,244,4
0105_15_59_55_i73602_id4219_cn1578239992323449000_thr580.Out .jpg,142,206,7
0105_16_00_59_i74246_id4292_cn1578240061543709000_thr936.Sg_bord looks_different.jpg,5,236,6
0105_16_01_02_i74273_id4351_cn1578240064698724000_thr972.Sgl .jpg,5,9,6
0105_16_02_43_i75286_id4472_cn1578240165544573000_thr985.In_bord looks_different.jpg,65,42,2
0105_16_02_44_i75296_id4482_cn1578240166565306000_thr999.Sgl looks_different.jpg,171,181,2
0105_16_11_10_i80351_id4544_cn1578240668220037000_thr803.Out looks_different.jpg,93,138,2
0105_16_20_22_i85870_id4600_cn1578241224277207000_thr907.In .jpg,52,127,7
0105_16_20_25_i85901_id4619_cn1578241224277207000_thr517.Out .jpg,114,170,7
0105_16_20_28_i85928_id4633_cn1578241229978128000_thr815.Sgl .jpg,55,152,7
0105_16_20_28_i85929_id4634_cn1578241228873400000_thr995. .jpg,234,69,7
0105_16_20_28_i85935_id4647_cn1578241230049266000_thr902. .jpg,96,176,2
0105_16_20_30_i85956_id4681_cn1578241231926989000_thr751. looks_different.jpg,207,207,2
0105_16_28_22_i90675_id4938_cn1578241704115078000_thr984.Out looks_different.jpg,100,23,6
0105_16_30_50_i92150_id5078_cn1578241851727184000_thr997. crossing.jpg,117,80,4
0105_16_30_53_i92178_id5106_cn1578241856762785000_thr866.Sgl looks_different.jpg,121,178,4
0105_16_34_31_i94364_id5109_cn1578242074262893000_thr979.In_bord .jpg,237,150,2
0105_16_47_46_i102312_id5250_cn1578242866407805000_thr987. crossing.jpg,133,90,6
0106_01_00_24_i397748_id6103_cn1578272425281409000_thr911. .jpg,59,224,6
0106_08_43_19_i673780_id6576_cn1578300217122615000_thr973.In looks_different.jpg,33,116,3
0106_10_28_16_i730467_id7508_cn1578306509544536000_thr812.Sg_bord .jpg,202,164,3
0106_10_28_17_i730468_id7509_cn1578306509645767000_thr890.Sg_bord .jpg,13,238,3
0106_10_28_17_i730469_id7510_cn1578306509738243000_thr857.In looks_different.jpg,25,240,3
0106_10_52_39_i742901_id7865_cn1578307978015152000_thr779.Sg_bord .jpg,3,131,6
0106_10_52_59_i742955_id7919_cn1578307992779133000_thr979.Out_bord looks_different.jpg,37,182,7
0106_11_09_20_i750469_id8276_cn1578308995851429000_thr958.In .jpg,59,20,6
0106_11_23_33_i755048_id8594_cn1578309848174827000_thr987. crossing.jpg,11,10,6
0106_11_27_19_i755925_id8684_cn1578310063296545000_thr885.In_bord .jpg,6,50,4
0106_11_31_05_i757179_id8757_cn1578310265312631000_thr844.Out .jpg,125,209,4
0106_11_31_24_i757203_id8758_cn1578310302621559000_thr803.Sgl .jpg,76,179,2
0106_11_31_49_i757259_id8763_cn1578310328313153000_thr950.Sgl .jpg,59,255,4
0106_11_37_06_i759487_id8827_cn1578310645626773000_thr932.In_bord .jpg,240,177,7
0106_11_40_04_i760252_id8921_cn1578310798198907000_thr769.Out_bord looks_different.jpg,151,136,7
0106_11_48_05_i764148_id8990_cn1578311320025381000_thr805.In .jpg,82,131,6
0106_11_48_05_i764152_id8994_cn1578311326753385000_thr891.Sgl .jpg,205,4,6
0106_11_51_17_i764942_id9064_cn1578311526721546000_thr931.In_bord looks_different.jpg,58,212,7
0106_11_51_24_i764947_id9073_cn1578311526721546000_thr969. looks_different.jpg,70,59,7
0106_12_03_57_i768697_id9274_cn1578312282562579000_thr851.Sgl .jpg,19,220,6
0106_12_03_57_i768698_id9275_cn1578312282704733000_thr929.Sgl looks_different.jpg,41,9,6
0106_12_20_37_i772070_id9659_cn1578313225849940000_thr983. crossing.jpg,155,186,7
0106_12_21_00_i772087_id9676_cn1578313307095760000_thr772.In .jpg,34,118,7
0106_12_21_00_i772088_id9678_cn1578313307095760000_thr542.Out .jpg,24,111,7
0106_12_26_12_i773105_id9820_cn1578313636949691000_thr990.Out looks_different.jpg,22,169,6
0106_12_28_01_i773610_id9822_cn1578313733121615000_thr826.Sg_bord .jpg,13,161,2
0106_12_37_44_i775394_id9965_cn1578314316583780000_thr996.Out .jpg,199,127,6
0106_12_39_30_i775448_id10100_cn1578314342791297000_thr1000. .jpg,161,231,6
0106_12_51_54_i778433_id10381_cn1578315167839656000_thr654.In .jpg,18,10,4
0106_12_54_35_i778537_id10478_cn1578315370973950000_thr767. .jpg,85,238,6
0106_13_23_15_i790111_id10613_cn1578317078779236000_thr900.Out_bord looks_different.jpg,207,112,6
0106_13_31_13_i792291_id10668_cn1578317600057160000_thr890.Sgl .jpg,19,138,6
0114_09_55_21_i552092_id9828_tcn-9828_cn1578995723306371000_thr999.Sgl_different_place.jpg,1,44,3
0114_10_18_12_i565800_id10329_tcn-10329_cn1578997093826553000_thr996.In_bord_.jpg,26,162,6
0114_10_23_07_i568754_id10785_tcn-10785_cn1578997386854407000_thr518._crossing.jpg,31,178,6
0114_10_24_07_i569359_id11076_tcn-11076_cn1578997447624818000_thr653.Out_.jpg,77,196,4
0114_10_32_44_i574524_id11923_tcn-11923_cn1578997967001402000_thr995.Sgl_different_place.jpg,66,72,6
0114_11_29_01_i608308_id13831_tcn-13831_cn1579001343457488000_thr996.Sgl_different_place.jpg,82,138,6
0114_11_46_37_i618870_id14645_tcn-14645_cn1579002399459628000_thr730.In_bord_.jpg,47,187,6
0114_12_12_55_i634650_id16472_tcn-16472_cn1579003977147576000_thr792.Sg_bord_different_place.jpg,174,155,6
0114_12_13_26_i634964_id16518_tcn-16518_cn1579004008220080000_thr969.Out_different_place.jpg,200,82,6
0114_12_20_46_i639363_id17476_tcn-17476_cn1579004448280096000_thr928.Sg_bord_different_place.jpg,152,134,6
0114_12_42_50_i652611_id18530_tcn-18529_cn1579005771915536000_thr951.Out_different_place.jpg,122,56,6
0114_13_12_09_i670203_id20354_tcn-20354_cn1579007531444597000_thr925.Sg_bord_different_place.jpg,176,147,6
0114_13_12_22_i670332_id20453_tcn-20453_cn1579007544683882000_thr924.Sg_bord_different_place.jpg,30,152,6
0114_13_12_23_i670338_id20460_tcn-20459_cn1579007545296007000_thr949._.jpg,10,180,6
0114_13_14_55_i671859_id20638_tcn-20638_cn1579007697724352000_thr990.In_bord_.jpg,179,153,6
0114_13_15_25_i672155_id20913_tcn-20913_cn1579007727243624000_thr601.In_bord_.jpg,205,186,6
0114_13_17_03_i673140_id21054_tcn-21054_cn1579007825250650000_thr999._different_place.jpg,88,69,6
0114_14_09_01_i704333_id23288_tcn-23288_cn1579010944376610000_thr768.Sgl_.jpg,242,148,4
0114_14_28_30_i716021_id24429_tcn-24429_cn1579012111394236000_thr992.Out_bord_.jpg,205,160,6
0114_14_52_33_i730445_id26264_tcn-26264_cn1579013554279460000_thr589.Out_.jpg,192,232,6
0114_14_57_54_i733469_id27313_tcn-27313_cn1579013876765406000_thr928.In_different_place.jpg,201,246,6
0114_15_25_22_i749956_id27835_tcn-27834_cn1579015524444437000_thr983.Out_.jpg,174,21,0
0114_15_27_44_i751368_id28160_tcn-28160_cn1579015668230957000_thr910.Sg_bord_crossing.jpg,228,157,6
0114_15_43_33_i760874_id29342_tcn-29342_cn1579016617223812000_thr723.In_different_place.jpg,198,229,6
0114_15_47_27_i763211_id29467_tcn-29467_cn1579016849910809000_thr816.In_bord_.jpg,243,153,4
0114_15_55_38_i768027_id31557_tcn-31557_cn1579017335505531000_thr894._.jpg,195,191,6
0114_15_55_42_i768056_id31625_tcn-31617_cn1579017346184430000_thr916.Out_.jpg,232,227,6
0114_15_57_14_i768951_id31844_tcn-31844_cn1579017437187285000_thr925.Sg_bord_crossing.jpg,181,110,6
0114_15_57_19_i769005_id31896_tcn-31895_cn1579017437226927000_thr982.Out_bord_.jpg,116,32,6
0114_16_03_56_i772932_id32666_tcn-32666_cn1579017839827012000_thr855.In_looks_different.jpg,32,242,6
0114_16_07_04_i774811_id33173_tcn-33173_cn1579018029994528000_thr852.In_different_place.jpg,203,241,6
0114_16_14_41_i779325_id33909_tcn-33909_cn1579018486897508000_thr969.Sg_bord_different_place.jpg,224,120,6
0114_16_20_43_i782947_id34142_tcn-34142_cn1579018848728515000_thr764.Sg_bord_.jpg,173,129,6
0114_16_48_22_i799416_id35727_tcn-35727_cn1579020502798687000_thr691.Out_.jpg,200,168,6
0114_16_54_54_i803289_id36241_tcn-36241_cn1579020897856587000_thr586.Out_looks_different.jpg,227,124,4
0114_16_59_14_i805872_id37155_tcn-37155_cn1579021160004226000_thr958.Sg_bord_looks_different.jpg,93,191,6
0115787__0721__17_01_32_______END.png,146,198,6
0115_10_19_10_i1427697_id55692_tcn-55692_cn1579083557756288000_thr969.Sgl_looks_different.jpg,176,154,4
0115_10_25_56_i1431374_id56199_tcn-56199_cn1579083963343536000_thr543.Out_crossing.jpg,4,154,6
0115_11_36_26_i1471177_id59993_tcn-59993_cn1579088194375330000_thr812.Sgl_crossing.jpg,223,14,6
0115_13_22_12_i1529968_id69062_tcn-69062_cn1579094537502142000_thr999.Out_different_place.jpg,22,50,3
0115_13_30_47_i1534303_id70091_tcn-70091_cn1579095055759491000_thr830.Out_crossing.jpg,156,155,6
0115_13_30_52_i1534320_id70108_tcn-70108_cn1579095060752979000_thr988.Sg_bord_looks_different.jpg,177,140,6
0115_13_35_52_i1536975_id70459_tcn-70459_cn1579095359732682000_thr763.Sgl_crossing.jpg,27,150,6
0115_13_52_22_i1546069_id71070_tcn-71062_cn1579096349396301000_thr997._crossing.jpg,68,39,1
0115_15_01_05_i1583426_id74984_tcn-74984_cn1579100469133556000_thr820._different_place.jpg,40,97,4
0115_15_40_52_i1604966_id76941_tcn-76941_cn1579102857748765000_thr728.Sgl_crossing.jpg,151,47,5
0115_15_40_56_i1604994_id76986_tcn-76986_cn1579102866014140000_thr634.In_bord_.jpg,214,134,7
0116_10_14_29_i2245702_id93223_tcn-93223_cn1579169682641179000_thr891._different_place.jpg,226,253,6
0116_11_00_06_i2269047_id95753_tcn-95753_cn1579172414899977000_thr587._different_place.jpg,245,96,6
0116_11_53_05_i2295213_id99366_tcn-99366_cn1579175593077292000_thr999.Sgl_different_place.jpg,31,50,6
0116_13_11_32_i2334938_id104152_tcn-104152_cn1579180299725965000_thr916.In_.jpg,36,193,6
0116_13_14_39_i2336457_id104356_tcn-104356_cn1579180487170760000_thr941.Sgl_crossing.jpg,11,245,6
0116_13_39_00_i2350288_id104837_tcn-104837_cn1579181948300458000_thr749.Out_.jpg,5,246,2
0116_14_00_55_i2358543_id107537_tcn-107537_cn1579183258384944000_thr655._.jpg,209,209,6
0116_14_17_37_i2365589_id109030_tcn-109028_cn1579184264581935000_thr936._different_place.jpg,91,147,6
0116_14_18_42_i2365973_id109243_tcn-109205_cn1579184324487382000_thr916._.jpg,29,155,6
0116_14_29_35_i2370895_id110093_tcn-110093_cn1579184987908680000_thr916.Sgl_crossing.jpg,184,36,6
0116_15_08_13_i2388425_id114042_tcn-114042_cn1579187300030850000_thr955.In_bord_different_place.jpg,187,167,6
0117_10_05_41_i3009829_id134561_tcn-134561_cn1579255556953658000_thr995.In_.jpg,23,251,6
0117_10_13_50_i3013322_id135206_tcn-135206_cn1579256041575489000_thr756.Sgl_different_place.jpg,118,153,6
0117_10_22_48_i3017622_id135550_tcn-135550_cn1579256575944550000_thr614.In_bord_.jpg,214,119,6
0117_10_40_26_i3026862_id136053_tcn-136053_cn1579257641283662000_thr964.In_bord_.jpg,123,31,6
0117_11_06_36_i3038842_id137598_tcn-137598_cn1579259209425292000_thr763._crossing.jpg,253,87,6
0117_11_13_14_i3040925_id138889_tcn-138889_cn1579259609670633000_thr796.Sgl_.jpg,23,97,6
0117_11_21_00_i3042108_id140656_tcn-140656_cn1579260077299797000_thr747.Sgl_crossing.jpg,196,167,6
0117_11_29_11_i3044728_id142001_tcn-142001_cn1579260567189092000_thr937.In_.jpg,178,238,6
0117_14_49_18_i3136993_id153603_tcn-153603_cn1579272542900452000_thr947.Out_.jpg,97,188,1
0117_15_07_41_i3145489_id154391_tcn-154391_cn1579273677036637000_thr825.In_.jpg,55,228,6
0117_16_02_04_i3172397_id156200_tcn-156200_cn1579276936299408000_thr917.Sgl_different_place.jpg,23,229,6
0117_16_09_56_i3176125_id156467_tcn-156467_cn1579277413162086000_thr998.In_.jpg,77,222,6
0117_16_15_35_i3177866_id156965_tcn-156965_cn1579277751383053000_thr988.Sgl_different_place.jpg,151,144,6
0118_09_27_07_i3777438_id161178_tcn-161178_cn1579339636552342000_thr857.Sg_bord_different_place.jpg,80,159,6
0118_09_31_52_i3779851_id161319_tcn-161319_cn1579339922237944000_thr985.In_bord_.jpg,182,29,6
0118_09_53_47_i3789232_id162179_tcn-162179_cn1579341230353109000_thr948.Out_different_place.jpg,122,159,6
0118_10_01_18_i3792174_id163060_tcn-163054_cn1579341692882662000_thr992.Out_bord_.jpg,82,165,6
0118_10_40_09_i3810487_id164368_tcn-164368_cn1579344020144981000_thr749.Sgl_different_place.jpg,90,221,2
0118_10_44_37_i3812062_id164584_tcn-164578_cn1579344292653503000_thr940.Out_looks_different.jpg,8,129,6
0118_10_44_40_i3812066_id164587_tcn-164587_cn1579344297150358000_thr780.Sgl_.jpg,139,192,6
0118_12_07_40_i3852733_id167160_tcn-167160_cn1579349253934954000_thr994._looks_different.jpg,76,91,6
0118_12_15_16_i3856357_id167505_tcn-167471_cn1579349714768802000_thr983._.jpg,112,163,6
0118_12_17_26_i3857466_id167544_tcn-167544_cn1579349856054583000_thr748.Sg_bord_different_place.jpg,117,156,2
0118_13_47_58_i3904142_id169546_tcn-169538_cn1579355287683946000_thr949.Out_bord_.jpg,123,162,6
0118_14_02_50_i3911732_id169992_tcn-169992_cn1579356187393869000_thr687.Out_bord_.jpg,124,198,6
0118_15_43_37_i3963250_id172373_tcn-172373_cn1579362231560015000_thr905._different_place.jpg,14,45,7
0119_09_46_09_i4561746_id181354_tcn-181354_cn1579427187705826000_thr703.Sgl_looks_different.jpg,227,225,6
0119_10_27_27_i4578785_id183150_tcn-183150_cn1579429656209276000_thr916.In_bord_.jpg,181,111,6
0119_10_28_13_i4578941_id183246_tcn-183246_cn1579429698775874000_thr604.Out_bord_.jpg,196,122,6
0119_11_01_30_i4594043_id184646_tcn-184646_cn1579431704497200000_thr794.Out_bord_different_place.jpg,212,118,7
0119_12_52_56_i4645214_id189270_tcn-189270_cn1579438393582846000_thr989.Sgl_crossing.jpg,176,103,6
0120_10_49_07_i5298695_id209109_tcn-209109_cn1579517348682894000_thr725.In_.jpg,200,171,6
0120_11_32_06_i5314454_id213319_tcn-213319_cn1579519935887974000_thr598._.jpg,110,146,6
0120_11_37_51_i5315624_id213837_tcn-213837_cn1579520293099629000_thr971.In_.jpg,167,173,7
0120_11_40_07_i5315847_id214165_tcn-214165_cn1579520422436453000_thr867._looks_different.jpg,39,158,4
0120_13_38_46_i5364568_id219141_tcn-219141_cn1579527544553250000_thr871.Sgl_different_place.jpg,250,196,6
0120_14_35_25_i5386324_id221688_tcn-221685_cn1579530941992245000_thr995.Out_different_place.jpg,43,218,6
0120_15_02_12_i5395685_id222859_tcn-222859_cn1579532542960815000_thr986.Sgl_crossing.jpg,24,247,7
0120_15_53_57_i5416030_id224903_tcn-224865_cn1579535651402411000_thr986.Out_.jpg,73,100,6
0120_15_55_03_i5416186_id224956_tcn-224956_cn1579535715762545000_thr858.Sgl_different_place.jpg,98,74,6
0121_09_50_26_i5997046_id233561_tcn-233561_cn1579600250512232000_thr985.Sgl_different_place.jpg,131,42,6
0121_10_44_53_i6016905_id247595_tcn-247595_cn1579603507015319000_thr903.Sgl_crossing.jpg,51,232,6
0121_12_00_28_i6042948_id252332_tcn-252332_cn1579608044880107000_thr885.Sgl_crossing.jpg,81,132,6
0121_13_12_57_i6069754_id255575_tcn-255575_cn1579612318777056000_thr711._.jpg,4,184,6
0121_15_15_35_i6107478_id263340_tcn-263340_cn1579619753903850000_thr997.Sgl_different_place.jpg,89,185,6
0121_15_44_52_i6116396_id264952_tcn-264952_cn1579621517348057000_thr887.Sgl_different_place.jpg,192,77,6
0121_16_30_44_i6132292_id266855_tcn-266855_cn1579624272237118000_thr579.In_bord_.jpg,235,132,6
0121_16_31_19_i6132337_id266956_tcn-266956_cn1579624306914416000_thr697.In_.jpg,96,47,6
0121_16_49_42_i6138529_id267943_tcn-267943_cn1579625394268374000_thr756.Sg_bord_different_place.jpg,166,62,6
0122_09_56_46_i6680222_id276327_tcn-276327_cn1579687020781020000_thr999.Sgl_crossing.jpg,51,118,6
0122_10_19_48_i6685460_id277906_tcn-277906_cn1579688376397524000_thr677.Out_bord_.jpg,92,111,6
0122_10_20_31_i6685534_id278022_tcn-278022_cn1579688459503789000_thr994.Sgl_different_place.jpg,97,150,0
0122_10_26_10_i6687424_id278345_tcn-278345_cn1579688784569003000_thr952.Sgl_different_place.jpg,209,217,6
0122_10_40_28_i6690502_id280068_tcn-280068_cn1579689643105600000_thr997.Out_.jpg,74,57,6
0122_10_49_06_i6691721_id280638_tcn-280638_cn1579690172207019000_thr884.In_.jpg,9,125,0
0122_11_07_30_i6695408_id281920_tcn-281920_cn1579691267141266000_thr948._different_place.jpg,86,122,6
0122_11_13_01_i6695938_id282452_tcn-282452_cn1579691603043202000_thr941.Out_.jpg,238,218,6
0122_11_35_43_i6703315_id283320_tcn-283320_cn1579692956541191000_thr919.Sg_bord_different_place.jpg,109,124,6
0122_12_48_13_i6729651_id285490_tcn-285490_cn1579697323644959000_thr704.In_bord_.jpg,255,155,6
0122_12_49_33_i6729746_id285668_tcn-285668_cn1579697399958073000_thr964.Sg_bord_crossing.jpg,18,179,6
0122_12_52_03_i6730002_id285806_tcn-285806_cn1579697538065368000_thr583.Out_.jpg,91,148,4
0122_13_50_20_i6753333_id287356_tcn-287356_cn1579701045064327000_thr787.Sgl_.jpg,96,17,6
0122_13_54_14_i6753859_id287581_tcn-287581_cn1579701278915924000_thr714.Out_bord_.jpg,41,37,6
0122_14_03_56_i6756118_id288183_tcn-288183_cn1579701865935371000_thr993.Sgl_crossing.jpg,51,69,6
0122_14_15_09_i6758928_id288849_tcn-288849_cn1579702524628506000_thr995.Out_.jpg,228,122,6
0122_14_59_09_i6774761_id290079_tcn-290079_cn1579705167788924000_thr948._different_place.jpg,139,167,6
0122_15_30_03_i6783764_id291344_tcn-291344_cn1579707019338179000_thr784.Sgl_different_place.jpg,191,230,3
0122_15_32_13_i6784147_id291435_tcn-291435_cn1579707162971220000_thr973.Sg_bord_looks_different.jpg,139,171,3
0122_16_19_37_i6797622_id293491_tcn-293491_cn1579710000498647000_thr752.Sgl_crossing.jpg,107,187,6
0122_19_33_24_i16733_id16124_tcn-16124_cn1579721606003034000_thr537.In_.jpg,201,235,6
0123_09_18_21_i511835_id22183_tcn-22183_cn1579771105951875000_thr787.Sg_bord_.jpg,41,189,6
0123_09_20_35_i513184_id22517_tcn-22517_cn1579771238879624000_thr860.Sgl_looks_different.jpg,108,69,7
0123_09_23_35_i514417_id25385_tcn-25385_cn1579771419218934000_thr720._different_place.jpg,90,199,3
0123_09_24_00_i514624_id25642_tcn-25642_cn1579771441350472000_thr580.Out_.jpg,89,166,3
0123_09_24_51_i515144_id25777_tcn-25777_cn1579771495046573000_thr937.Sgl_different_place.jpg,105,34,6
0123_09_28_01_i516947_id26662_tcn-26662_cn1579771684572553000_thr793.Sgl_.jpg,74,7,6
0123_09_28_15_i517085_id26735_tcn-26735_cn1579771698043920000_thr999._crossing.jpg,90,80,6
0123_09_33_37_i519841_id28300_tcn-28300_cn1579772008965892000_thr755._.jpg,12,178,4
0123_09_44_19_i526134_id29984_tcn-29984_cn1579772663069486000_thr986.In_bord_.jpg,254,151,6
0123_10_00_48_i535021_id33890_tcn-33890_cn1579773652376509000_thr974.Sg_bord_different_place.jpg,24,173,6
0123_10_04_24_i537111_id34766_tcn-34766_cn1579773867553691000_thr997._different_place.jpg,28,61,6
0123_10_07_20_i538420_id36066_tcn-36060_cn1579774041748104000_thr976.Out_bord_.jpg,251,73,0
0123_10_08_15_i538982_id36149_tcn-36149_cn1579774101123360000_thr959.Sg_bord_.jpg,185,161,6
0123_10_37_14_i555969_id38119_tcn-38119_cn1579775833413886000_thr597._crossing.jpg,175,180,6
0123_10_49_19_i562855_id39117_tcn-39117_cn1579776558160502000_thr827.Out_bord_.jpg,240,208,0
0123_10_55_31_i566415_id39553_tcn-39553_cn1579776930928410000_thr644.Out_bord_.jpg,170,118,6
0123_11_10_14_i574623_id41323_tcn-41323_cn1579777813300111000_thr875.Out_different_place.jpg,8,231,0
0123_11_28_05_i583311_id48585_tcn-48585_cn1579778889399594000_thr715.Sgl_different_place.jpg,116,194,6
0123_11_37_07_i587344_id51199_tcn-51199_cn1579779434043206000_thr997._.jpg,240,6,7
0123_11_58_12_i595822_id55964_tcn-55964_cn1579780696187457000_thr999._different_place.jpg,162,59,6
0123_12_18_21_i604764_id58531_tcn-58531_cn1579781909154011000_thr604.In_.jpg,52,24,6
0123_12_34_53_i614172_id59299_tcn-59299_cn1579782901829622000_thr925.Sgl_crossing.jpg,9,7,6
0123_13_04_38_i630074_id61769_tcn-61769_cn1579784683257652000_thr802.In_bord_.jpg,173,226,6
0123_13_12_37_i634526_id62196_tcn-62196_cn1579785165106422000_thr723.Sg_bord_crossing.jpg,16,102,3
0123_13_12_37_i634527_id62197_tcn-62197_cn1579785165803588000_thr565.In_.jpg,188,237,4
0123_13_24_36_i641433_id62571_tcn-62571_cn1579785880919429000_thr922._crossing.jpg,121,227,6
0123_13_38_47_i649321_id63062_tcn-63062_cn1579786732920804000_thr984.In_bord_.jpg,118,209,3
0123_14_02_21_i662006_id64563_tcn-64563_cn1579788144438010000_thr674.Out_bord_crossing.jpg,95,165,6
0123_14_04_49_i663358_id64717_tcn-64717_cn1579788295729598000_thr951.Sgl_crossing.jpg,195,3,7
0123_14_09_13_i665188_id65403_tcn-65403_cn1579788558875047000_thr807.Sg_bord_looks_different.jpg,188,118,6
0123_14_16_30_i668728_id66111_tcn-66111_cn1579788995204647000_thr976.Out_bord_different_place.jpg,29,116,7
0123_14_17_43_i669349_id66253_tcn-66253_cn1579789070222785000_thr887._different_place.jpg,145,44,6
0123_14_29_17_i675429_id67063_tcn-67063_cn1579789763003561000_thr940.Sg_bord_.jpg,232,173,6
0123_14_29_18_i675437_id67073_tcn-67073_cn1579789764650998000_thr941._.jpg,90,15,3
0123_14_30_34_i675914_id67283_tcn-67283_cn1579789843539035000_thr789.Sgl_crossing.jpg,198,172,6
0123_14_41_04_i681323_id67970_tcn-67970_cn1579790469481258000_thr998.Sgl_different_place.jpg,224,48,1
0123_14_46_57_i684242_id68374_tcn-68374_cn1579790825817448000_thr875.Sgl_different_place.jpg,197,178,6
0123_14_58_12_i690465_id68864_tcn-68864_cn1579791499896898000_thr691.In_.jpg,56,156,4
0123_14_58_35_i690600_id68971_tcn-68967_cn1579791517434729000_thr999._.jpg,33,37,6
0123_15_05_30_i693380_id69761_tcn-69761_cn1579791936294451000_thr950.Sgl_different_place.jpg,96,34,6
0123_15_15_30_i698045_id70582_tcn-70582_cn1579792538687408000_thr891.Sgl_different_place.jpg,225,165,6
0123_15_52_10_i716769_id72815_tcn-72815_cn1579794735655315000_thr931.Sg_bord_different_place.jpg,127,204,6
0123_16_43_39_i742968_id76855_tcn-76855_cn1579797828534554000_thr597.In_.jpg,56,144,4
0123_16_48_30_i745449_id77213_tcn-77213_cn1579798121345564000_thr999._crossing.jpg,197,23,3
0123_16_48_30_i745449_id77215_tcn-77215_cn1579798122142941000_thr971.Sgl_.jpg,237,193,0
0123_16_48_47_i745501_id77293_tcn-77293_cn1579798136957671000_thr934.Sgl_different_place.jpg,151,111,6
0123_17_02_48_i751533_id78982_tcn-78982_cn1579798976594675000_thr924.In_.jpg,228,29,6
0123__19_33_40__i0013530__gcn0000615__0000648__multy__P2_______.png,178,175,6
0124_09_21_35_i1309894_id94199_tcn-94199_cn1579857703534304000_thr749.Out_.jpg,33,173,6
0124_09_22_12_i1309999_id94538_tcn-94538_cn1579857745910064000_thr849.Sgl_crossing.jpg,7,180,3
0124_09_22_32_i1310051_id94754_tcn-94754_cn1579857765661983000_thr999.In_.jpg,13,8,0
0124_09_33_06_i1313503_id96734_tcn-96734_cn1579858398567306000_thr803.Sg_bord_crossing.jpg,166,185,6
0124_09_34_22_i1313774_id97141_tcn-97141_cn1579858469306075000_thr990.Sgl_crossing.jpg,163,161,6
0124_09_36_28_i1314458_id97856_tcn-97856_cn1579858599528841000_thr781.Sgl_different_place.jpg,3,173,6
0124_09_48_43_i1320487_id103441_tcn-103441_cn1579859330005934000_thr925.Sg_bord_different_place.jpg,181,111,6
0124_10_08_51_i1329188_id111412_tcn-111412_cn1579860539726270000_thr898._.jpg,114,155,7
0124_10_18_24_i1333320_id113218_tcn-113206_cn1579861108133582000_thr999._.jpg,198,75,7
0124_13_00_42_i1416680_id121029_tcn-121029_cn1579870847433780000_thr995._different_place.jpg,66,114,3
0124_13_01_18_i1416921_id121083_tcn-121083_cn1579870884360111000_thr598.Out_.jpg,252,75,3
0124_13_07_51_i1420728_id121140_tcn-121140_cn1579871276456257000_thr568.Out_.jpg,152,157,7
0124_14_00_47_i1451032_id121622_tcn-121622_cn1579874457040693000_thr863.Out_different_place.jpg,214,187,6
0124_16_29_02_i1529916_id125537_tcn-125537_cn1579883351675086000_thr898.Out_.jpg,174,178,4
0124_16_29_03_i1529918_id125539_tcn-125539_cn1579883356436754000_thr582.Out_.jpg,202,168,4
0124_16_49_11_i1539682_id126134_tcn-126134_cn1579884559952614000_thr837.Sgl_looks_different.jpg,189,238,6
0124_17_05_53_i1548980_id126316_tcn-126316_cn1579885561741085000_thr930.In_bord_.jpg,25,87,3
0124_17_07_29_i1549685_id126949_tcn-126949_cn1579885661334262000_thr613.In_.jpg,213,179,6
0124_17_15_52_i1553849_id131216_tcn-131216_cn1579886166172113000_thr778.Sgl_looks_different.jpg,210,246,6
0124_17_16_53_i1554352_id131732_tcn-131732_cn1579886229205750000_thr764.Sgl_different_place.jpg,62,224,6
0124_17_17_17_i1554424_id131814_tcn-131814_cn1579886246649529000_thr980.Sgl_looks_different.jpg,169,240,6
0124_17_32_43_i1563280_id140689_tcn-140689_cn1579887179745058000_thr886.Sgl_.jpg,133,98,6
0124_17_40_41_i1567750_id145059_tcn-145059_cn1579887655314536000_thr619.Out_.jpg,14,161,6
0125_08_13_19_i2068474_id151077_tcn-151077_cn1579940008141860000_thr981._crossing.jpg,116,89,0
0125_09_40_16_i2110886_id153930_tcn-153930_cn1579945225920512000_thr998._crossing.jpg,244,24,7
0125_10_12_55_i2123775_id156721_tcn-156721_cn1579947193123526000_thr924.Sgl_different_place.jpg,4,35,7
0125_10_24_31_i2126104_id158011_tcn-158011_cn1579947868803698000_thr694.Out_.jpg,101,145,4
0125_10_39_10_i2128361_id160837_tcn-160837_cn1579948713845072000_thr986._looks_different.jpg,60,184,1
0125_10_42_17_i2128728_id161382_tcn-161382_cn1579948955606199000_thr752.Sgl_crossing.jpg,73,149,6
0125_10_47_37_i2129568_id162020_tcn-162015_cn1579949273053711000_thr996._crossing.jpg,121,198,3
0125_11_02_26_i2132486_id164058_tcn-164058_cn1579950163492904000_thr965.In_.jpg,144,201,3
0125_11_05_57_i2133539_id164266_tcn-164266_cn1579950374912362000_thr994.In_different_place.jpg,117,33,0
0125_11_10_15_i2135103_id164584_tcn-164584_cn1579950604530049000_thr719.Out_bord_.jpg,239,122,6
0125_11_29_16_i2143960_id165261_tcn-165192_cn1579951748143854000_thr1000._.jpg,122,54,6
0125_14_45_54_i2232423_id173053_tcn-173053_cn1579963573913544000_thr748.Sgl_different_place.jpg,200,94,6
0125_15_22_19_i2238452_id178586_tcn-178586_cn1579965745893896000_thr610._different_place.jpg,5,108,3
0125_16_10_41_i2259163_id180890_tcn-180890_cn1579968662047078000_thr985.Sgl_different_place.jpg,170,59,6
0125_16_44_19_i2273776_id181496_tcn-181496_cn1579970670158186000_thr746.Sg_bord_crossing.jpg,182,182,6
0125_16_47_39_i2274943_id181606_tcn-181606_cn1579970879162777000_thr835.Sgl_crossing.jpg,57,185,3
0125_17_03_00_i2277905_id182516_tcn-182516_cn1579971797315255000_thr750.Sg_bord_crossing.jpg,185,164,6
0125_18_31_41_i2314928_id184671_tcn-184671_cn1579977115134689000_thr829.Sgl_different_place.jpg,53,180,3
0125_21_32_57_i2413228_id185973_tcn-185973_cn1579987994434778000_thr898.Out_.jpg,24,29,3
0126_09_30_31_i2836550_id186782_tcn-186782_cn1580031050019200000_thr969.Out_.jpg,147,205,6
0126_09_41_12_i2841803_id186964_tcn-186964_cn1580031682100368000_thr774.In_bord_.jpg,225,102,6
0126_10_26_00_i2867222_id187205_tcn-187205_cn1580034369988505000_thr1000.Sgl_different_place.jpg,107,124,6
0126_11_01_00_i2887537_id187289_tcn-187289_cn1580036470416488000_thr739.In_bord_.jpg,18,250,6
0126_11_01_01_i2887545_id187297_tcn-187297_cn1580036470416488000_thr980._crossing.jpg,127,231,6
0126_11_47_54_i2914588_id187506_tcn-187506_cn1580039274132678000_thr990._crossing.jpg,119,27,3
0126_12_29_29_i2938160_id187811_tcn-187811_cn1580041771435995000_thr522.In_.jpg,121,182,6
0126_12_58_27_i2953401_id188151_tcn-188151_cn1580043518152818000_thr817.In_bord_.jpg,75,17,6
0126_13_00_35_i2954444_id188219_tcn-188219_cn1580043655111373000_thr751.Sgl_crossing.jpg,78,170,8
0126_13_02_00_i2955098_id188239_tcn-188239_cn1580043734278112000_thr998.In_.jpg,117,45,3
0126_13_13_42_i2961379_id188410_tcn-188404_cn1580044439863572000_thr934.Out_.jpg,147,31,6
0126_13_14_50_i2961870_id188440_tcn-188440_cn1580044502800735000_thr988.Sgl_different_place.jpg,124,247,6
0126_13_58_20_i2986000_id188736_tcn-188736_cn1580047108905576000_thr958._crossing.jpg,96,1,4
0126_13_58_32_i2986029_id188765_tcn-188765_cn1580047133187913000_thr988.Sg_bord_crossing.jpg,42,43,4
0126_14_39_04_i3008309_id189178_tcn-189178_cn1580049557175805000_thr994.Sgl_looks_different.jpg,23,37,6
0126_15_57_35_i3053114_id189689_tcn-189689_cn1580054253163593000_thr887.Out_bord_.jpg,214,123,2
0126_16_16_40_i3063510_id189871_tcn-189869_cn1580055412588130000_thr928._looks_different.jpg,239,8,8
0127_09_58_13_i3668347_id195836_tcn-195836_cn1580119103021101000_thr829.Sg_bord_crossing.jpg,131,109,4
0127_10_30_06_i3678565_id198261_tcn-198261_cn1580121023185223000_thr769.In_.jpg,115,158,6
0127_11_13_04_i3693871_id200887_tcn-200887_cn1580123573175871000_thr929.Out_bord_.jpg,55,181,6
0127_12_01_16_i3708573_id204547_tcn-204547_cn1580126497649163000_thr839.Out_.jpg,204,193,6
0127_14_33_15_i3765522_id211696_tcn-211696_cn1580135591582939000_thr727.Out_.jpg,97,215,7
0127_14_46_29_i3770716_id212136_tcn-212136_cn1580136410897650000_thr749.In_.jpg,153,240,6
0127_22_45_59_i3990329_id222182_tcn-222182_cn1580165170774565000_thr937._crossing.jpg,239,10,6
0128_09_01_49_i4340623_id224458_tcn-224458_cn1580202121104606000_thr997.Sgl_crossing.jpg,11,73,6
0128_09_02_55_i4341152_id224467_tcn-224467_cn1580202190287203000_thr919.Sgl_.jpg,214,242,6
0128_09_06_36_i4341876_id224631_tcn-224631_cn1580202411213739000_thr822.Sgl_different_place.jpg,180,17,6
0128_09_09_52_i4342959_id224748_tcn-224748_cn1580202609026249000_thr753.Sgl_crossing.jpg,156,9,3
0128_09_15_13_i4344851_id224983_tcn-224983_cn1580202936861440000_thr727.In_.jpg,21,220,3
0128_09_26_15_i4349211_id225237_tcn-225237_cn1580203597924735000_thr680.Out_looks_different.jpg,238,22,6
0128_09_28_36_i4349800_id225456_tcn-225456_cn1580203741286532000_thr780.Sgl_.jpg,101,148,6
0128_09_32_40_i4350527_id225641_tcn-225640_cn1580203976488687000_thr999.Out_different_place.jpg,5,15,6
0128_09_46_34_i4354719_id226395_tcn-226395_cn1580204809223351000_thr998._crossing.jpg,61,38,6
0128_10_15_37_i4364702_id227733_tcn-227733_cn1580206547025331000_thr984._.jpg,174,241,3
0128_10_15_37_i4364704_id227737_tcn-227732_cn1580206555548955000_thr992._different_place.jpg,115,166,6
0128_11_04_21_i4383334_id229549_tcn-229549_cn1580209474424795000_thr890.Sgl_looks_different.jpg,73,208,6
0128_11_08_11_i4384622_id229762_tcn-229754_cn1580209706559703000_thr998._crossing.jpg,145,61,0
0128_11_15_54_i4387780_id230016_tcn-230016_cn1580210148898552000_thr808._crossing.jpg,198,232,6
0128_12_07_00_i4399773_id233897_tcn-233897_cn1580213245782273000_thr930.In_.jpg,211,225,7
0128_12_53_43_i4414243_id236418_tcn-236418_cn1580216048738894000_thr849.Sg_bord_different_place.jpg,219,221,6
0128_12_56_21_i4414866_id236693_tcn-236693_cn1580216197232225000_thr987.Sgl_different_place.jpg,126,113,6
0128_12_57_21_i4415095_id236757_tcn-236757_cn1580216267519046000_thr964.Sgl_different_place.jpg,73,76,6
0128_13_00_58_i4416132_id236981_tcn-236981_cn1580216484691273000_thr768.Sgl_different_place.jpg,33,237,0
0128_13_03_05_i4416579_id237136_tcn-237136_cn1580216583583981000_thr951.Out_bord_looks_different.jpg,63,64,6
0128_13_19_04_i4422091_id238649_tcn-238649_cn1580217570227598000_thr726.Sg_bord_different_place.jpg,84,65,6
0128_13_21_28_i4422311_id238840_tcn-238838_cn1580217704712750000_thr998.Out_.jpg,167,171,0
0128_14_00_42_i4433098_id241150_tcn-241150_cn1580220059743477000_thr797.Sgl_different_place.jpg,250,47,2
0128_14_35_45_i4444136_id242947_tcn-242947_cn1580222170537811000_thr951.In_different_place.jpg,30,6,4
0128_14_42_53_i4445285_id243301_tcn-243301_cn1580222597646352000_thr919._.jpg,140,2,3
0128_14_44_44_i4445464_id243458_tcn-243458_cn1580222681852934000_thr567.Out_.jpg,33,147,4
0128_15_41_01_i4462052_id245672_tcn-245670_cn1580226074992257000_thr990.Out_.jpg,248,9,4
0128_16_03_47_i4468851_id246638_tcn-246638_cn1580227428690310000_thr643.In_.jpg,109,131,6
0128_16_23_17_i4474594_id247765_tcn-247765_cn1580228604209814000_thr991._crossing.jpg,90,80,6
0128_16_57_55_i4484207_id249460_tcn-249460_cn1580230653193020000_thr620.Out_.jpg,45,156,4
0128_17_17_07_i4491611_id249987_tcn-249987_cn1580231841897139000_thr989.Sgl_looks_different.jpg,212,243,6
0128_17_18_51_i4491923_id250075_tcn-250075_cn1580231956432063000_thr978.Sgl_different_place.jpg,95,243,6
0128__16_19_59__i2235414__gcn0310828__0310874__person_1611840010454117343.png,6,249,7
0129_09_19_30_i5021392_id254969_tcn-254969_cn1580289594202325000_thr916.Sgl_crossing.jpg,81,147,4
0129_09_34_21_i5024512_id255846_tcn-255846_cn1580290474040989000_thr534._.jpg,145,224,6
0129_10_04_07_i5030379_id257754_tcn-257754_cn1580292264808919000_thr749.Sg_bord_crossing.jpg,27,119,7
0129_10_23_44_i5036207_id258938_tcn-258938_cn1580293436494219000_thr604.Out_.jpg,113,197,6
0129_10_53_51_i5044243_id260289_tcn-260289_cn1580295257946264000_thr993.Sgl_different_place.jpg,20,110,6
0129_11_22_15_i5052327_id261502_tcn-261502_cn1580296959803899000_thr863.Sgl_looks_different.jpg,195,67,6
0129_13_14_24_i5088687_id266738_tcn-266737_cn1580303688450311000_thr942.Out_bord_.jpg,243,130,6
0129_14_05_51_i5108203_id268402_tcn-268402_cn1580306726392519000_thr707.Out_bord_.jpg,247,139,7
0129_14_55_46_i5119357_id271805_tcn-271805_cn1580309773797585000_thr907.Out_.jpg,75,241,0
0129_15_54_25_i5140662_id273966_tcn-273965_cn1580313289400183000_thr953.Out_different_place.jpg,104,94,6
0130_08_17_28_i5661538_id281537_tcn-281537_cn1580372277901625000_thr715.Sgl_different_place.jpg,230,75,0
0130_09_30_24_i5690235_id282821_tcn-282821_cn1580376655034774000_thr778.In_.jpg,205,77,4
0130_10_38_03_i5707851_id286606_tcn-286606_cn1580380713847208000_thr804.Sg_bord_crossing.jpg,209,163,7
0130_11_05_16_i5715495_id288889_tcn-288889_cn1580382308446553000_thr575.Out_bord_.jpg,246,145,4
0130_11_10_17_i5716973_id289023_tcn-289023_cn1580382630893279000_thr975.In_.jpg,238,17,3
0130_13_46_32_i5771729_id294245_tcn-294245_cn1580392021811115000_thr716.Sgl_crossing.jpg,192,98,6
0130_14_09_53_i5779504_id295178_tcn-295176_cn1580393414689029000_thr993.Out_bord_crossing.jpg,229,71,1
0130_14_16_07_i5780446_id295502_tcn-295502_cn1580393788259222000_thr981._crossing.jpg,229,246,4
0130_15_56_49_i5801170_id299692_tcn-299689_cn1580399825762727000_thr954._.jpg,146,177,6
0130_16_04_53_i5803316_id299968_tcn-299965_cn1580400307866760000_thr970.Out_bord_.jpg,68,132,6
0130__10_17_51__i0633830__gcn0093193__0093194__person_1611991088456086084.png,20,8,7
0131_09_13_01_i6339863_id306529_tcn-306529_cn1580462007820356000_thr775.Sgl_crossing.jpg,184,212,4
0131_09_13_06_i6339873_id306532_tcn-306532_cn1580462018458567000_thr701.Sgl_.jpg,171,220,7
0131_09_34_53_i6345605_id307448_tcn-307448_cn1580463287386385000_thr889.Out_.jpg,192,167,7
0131_09_34_53_i6345606_id307449_tcn-307449_cn1580463325422224000_thr759.Sgl_different_place.jpg,31,129,7
0131_09_47_25_i6349204_id307986_tcn-307986_cn1580464079117172000_thr876.Sgl_different_place.jpg,120,176,4
0131_10_54_03_i6365670_id311039_tcn-311039_cn1580468077057552000_thr821.Sgl_crossing.jpg,124,148,7
0131_10_55_40_i6365779_id311346_tcn-311346_cn1580468077057482000_thr996._different_place.jpg,139,68,6
0131_12_10_46_i6388045_id314031_tcn-314031_cn1580472663867214000_thr756.Sg_bord_.jpg,243,104,3
0131_12_19_10_i6390498_id314294_tcn-314294_cn1580473173274243000_thr819.Sg_bord_looks_different.jpg,237,64,0
0131_13_37_01_i6413556_id316948_tcn-316948_cn1580477838446182000_thr953.In_bord_.jpg,239,151,2
0131_13_46_07_i6415056_id317413_tcn-317413_cn1580478392472044000_thr854.Out_.jpg,141,141,6
0131_14_18_08_i6424928_id318242_tcn-318242_cn1580480303442773000_thr961.Sgl_crossing.jpg,134,107,1
0131_16_23_21_i6459296_id322641_tcn-322641_cn1580487816715494000_thr809.In_.jpg,83,173,2
0131_16_28_57_i6461039_id322818_tcn-322814_cn1580488148726058000_thr908.Out_.jpg,157,194,1
0131_16_42_04_i6468067_id322924_tcn-322924_cn1580488940777696000_thr730.Out_.jpg,27,132,2
0201_08_50_50_i7003837_id326762_tcn-326762_cn1580547073641438000_thr981.Out_different_place.jpg,95,51,3
0201_09_11_43_i7012709_id327296_tcn-327296_cn1580548335220588000_thr999.Sgl_crossing.jpg,208,133,0
0201_09_28_35_i7017426_id328288_tcn-328288_cn1580549347686167000_thr964.Sgl_different_place.jpg,96,26,6
0201_11_44_58_i7058812_id333075_tcn-333075_cn1580557504499719000_thr996._.jpg,35,37,3
0201_12_28_21_i7079988_id333561_tcn-333561_cn1580560119629472000_thr808.Sg_bord_crossing.jpg,14,138,3
0202_10_39_30_i7723667_id348386_tcn-348386_cn1580640001288246000_thr890.Sgl_different_place.jpg,56,236,7
0202_11_27_50_i7736658_id350003_tcn-350003_cn1580642884886340000_thr764.Out_.jpg,54,221,4
0202_16_56_20_i7835860_id360767_tcn-360767_cn1580662612573950000_thr892.Out_.jpg,241,126,0
0203_09_12_06_i8370410_id364279_tcn-364279_cn1580721161654582000_thr984.Sgl_different_place.jpg,117,205,2
0203_09_29_37_i8373236_id365201_tcn-365201_cn1580722190572356000_thr997._crossing.jpg,149,76,3
0203_09_32_10_i8373377_id365455_tcn-365455_cn1580722366078434000_thr892.Sgl_looks_different.jpg,122,150,6
0203_10_04_53_i8375598_id367685_tcn-367685_cn1580724332269535000_thr906.In_looks_different.jpg,254,224,6
0203_10_39_24_i8378542_id370612_tcn-370612_cn1580726347578453000_thr635._.jpg,33,213,6
0203_10_40_01_i8378584_id370655_tcn-370655_cn1580726407540130000_thr898.Out_.jpg,29,136,4
0203_11_03_52_i8383435_id371523_tcn-371523_cn1580727867904961000_thr999.Sgl_looks_different.jpg,133,52,0
0203_11_27_09_i8389436_id372085_tcn-372085_cn1580729247009662000_thr950.Sgl_crossing.jpg,90,159,7
0203_11_28_11_i8389956_id372086_tcn-372086_cn1580729311957384000_thr732.Sgl_crossing.jpg,154,150,4
0203_11_33_13_i8391358_id372220_tcn-372220_cn1580729616231906000_thr999.Sgl_different_place.jpg,224,21,0
0203_13_10_47_i8417659_id375035_tcn-375035_cn1580735467014865000_thr884.Out_different_place.jpg,151,235,6
0203_17_10_36_i8479028_id382383_tcn-382383_cn1580749860461678000_thr844.Sgl_different_place.jpg,35,161,4
0203_18_19_32_i8501797_id383771_tcn-383771_cn1580753989856642000_thr840._crossing.jpg,28,242,7
0204_09_27_09_i8996987_id386971_tcn-386971_cn1580808461827602000_thr861.Out_bord_different_place.jpg,23,237,6
0204_09_41_06_i8999753_id387219_tcn-387219_cn1580809289121412000_thr652.Out_different_place.jpg,66,40,6
0204_11_47_54_i9030838_id391411_tcn-391411_cn1580816897299445000_thr952._crossing.jpg,134,43,6
0204_13_46_15_i9079496_id393086_tcn-393086_cn1580824002981514000_thr1000.In_looks_different.jpg,226,88,6
0204_14_24_29_i9096604_id393487_tcn-393487_cn1580826290400856000_thr739.Sgl_.jpg,239,38,6
0204_14_24_36_i9096627_id393508_tcn-393508_cn1580826318129469000_thr997.In_bord_different_place.jpg,20,133,6
0204_14_58_02_i9107986_id394149_tcn-394149_cn1580828323523129000_thr810.Sgl_different_place.jpg,137,195,4
0204_15_03_29_i9108560_id394342_tcn-394342_cn1580828648146590000_thr943.Sgl_crossing.jpg,10,240,6
0204_15_11_09_i9109967_id394618_tcn-394618_cn1580829107014734000_thr937.Sgl_.jpg,13,247,6
0204_16_28_44_i9132320_id396755_tcn-396755_cn1580833725712224000_thr716.Out_.jpg,22,40,6
0204_17_46_40_i9160384_id398484_tcn-398483_cn1580838438121637000_thr992.Out_different_place.jpg,104,16,3
0205_08_37_32_i9665824_id400535_tcn-400532_cn1580891876891348000_thr962.Out_.jpg,5,233,3
0205_11_07_38_i9716310_id403890_tcn-403890_cn1580900884134093000_thr930.In_.jpg,193,123,6
0205_11_20_50_i9720187_id404378_tcn-404378_cn1580901685921777000_thr834.Out_bord_.jpg,212,135,6
0205_11_57_49_i9730748_id405701_tcn-405701_cn1580903890961071000_thr702.Sg_bord_.jpg,35,232,3
0205_13_21_21_i9763923_id407155_tcn-407153_cn1580908899865940000_thr998._.jpg,136,57,6
0205_13_22_50_i9764222_id407267_tcn-407267_cn1580909010184926000_thr909.Sg_bord_.jpg,169,149,6
0205_13_46_54_i9768479_id408126_tcn-408126_cn1580910414937263000_thr711.Out_bord_.jpg,3,148,4
0205_13_49_58_i9768675_id408270_tcn-408270_cn1580910627919346000_thr922.In_bord_different_place.jpg,94,169,6
0205_15_34_18_i9790619_id412745_tcn-412745_cn1580916876745065000_thr948.Sg_bord_crossing.jpg,187,146,6
0205_15_43_21_i9792248_id413157_tcn-413155_cn1580917441592807000_thr941._.jpg,16,143,6
0205_15_45_35_i9792499_id413220_tcn-413220_cn1580917577972985000_thr975.In_.jpg,78,143,6
0205_16_32_43_i9808713_id414258_tcn-414258_cn1580920395848840000_thr939.Sgl_looks_different.jpg,20,14,6
0205_16_33_15_i9808749_id414300_tcn-414300_cn1580920395867299000_thr740.Out_bord_.jpg,185,251,0
0206_08_33_13_i10317893_id419602_tcn-419602_cn1580978019400674000_thr973._different_place.jpg,194,52,6
0206_08_33_35_i10317912_id419645_tcn-419645_cn1580978060280616000_thr999.Sgl_different_place.jpg,246,110,3
0206_08_33_39_i10317916_id419653_tcn-419653_cn1580978064012967000_thr911.Sgl_different_place.jpg,225,5,3
0206_08_40_29_i10321440_id419671_tcn-419671_cn1580978451590958000_thr998.In_bord_.jpg,224,126,3
0206_08_42_53_i10322170_id419771_tcn-419771_cn1580978616809149000_thr993.Out_bord_.jpg,3,96,6
0206_08_45_36_i10323315_id419803_tcn-419802_cn1580978743409286000_thr997._crossing.jpg,185,71,6
0206_09_04_42_i10331387_id420065_tcn-420065_cn1580979922199507000_thr750.Sg_bord_.jpg,218,247,6
0206_09_05_11_i10331412_id420066_tcn-420066_cn1580979944396482000_thr992.In_.jpg,120,34,6
0206_09_06_39_i10331683_id420140_tcn-420140_cn1580979984285755000_thr809._crossing.jpg,66,9,6
0206_09_12_45_i10333523_id420254_tcn-420253_cn1580980394233188000_thr989._crossing.jpg,237,0,7
0206_09_16_44_i10334878_id420369_tcn-420369_cn1580980647858982000_thr972.Sgl_.jpg,231,196,6
0206_09_18_09_i10335244_id420381_tcn-420381_cn1580980711560041000_thr999._crossing.jpg,178,78,4
0206_09_18_42_i10335282_id420421_tcn-420421_cn1580980711560041000_thr800.Out_bord_.jpg,102,200,4
0206_09_22_54_i10336357_id420492_tcn-420492_cn1580981018435189000_thr871.Sgl_looks_different.jpg,215,174,6
0206_09_50_43_i10348201_id420845_tcn-420845_cn1580982673232239000_thr875.Sgl_looks_different.jpg,19,31,6
0206_09_51_42_i10348263_id420890_tcn-420890_cn1580982739485110000_thr899.Sg_bord_different_place.jpg,78,181,6
0206_10_24_54_i10360055_id421596_tcn-421596_cn1580984735088845000_thr873.Out_.jpg,234,227,6
0206_11_00_44_i10377760_id421845_tcn-421845_cn1580986863920944000_thr688.In_bord_.jpg,251,144,6
0206_11_08_27_i10381945_id421901_tcn-421901_cn1580987333740222000_thr995.Sgl_looks_different.jpg,100,25,6
0206_11_08_42_i10381971_id421932_tcn-421932_cn1580987333811477000_thr994._.jpg,222,204,6
0206_11_19_27_i10385516_id422110_tcn-422110_cn1580987990231828000_thr552.In_.jpg,156,163,6
0206_11_23_06_i10386141_id422197_tcn-422197_cn1580988212571371000_thr976.Sgl_looks_different.jpg,23,24,6
0206_11_33_39_i10389440_id422417_tcn-422416_cn1580988845215245000_thr996._crossing.jpg,138,47,3
0206_12_23_47_i10414656_id422857_tcn-422857_cn1580991856946815000_thr869.Sg_bord_.jpg,103,165,6
0206_12_32_45_i10418780_id422975_tcn-422975_cn1580992402149631000_thr995.Sgl_.jpg,95,85,6
0206_12_32_56_i10418794_id423001_tcn-423001_cn1580992416869274000_thr557._crossing.jpg,191,34,6
0206_13_06_43_i10434386_id423282_tcn-423282_cn1580994443518317000_thr973.Sgl_crossing.jpg,66,9,6
0206_13_18_16_i10437780_id423501_tcn-423501_cn1580995119055599000_thr833.Sg_bord_crossing.jpg,230,225,6
0206_13_20_35_i10438527_id423558_tcn-423558_cn1580995271470708000_thr733.In_crossing.jpg,143,165,4
0206_13_20_49_i10438545_id423575_tcn-423575_cn1580995293778184000_thr854.Sgl_different_place.jpg,190,1,4
0206_13_48_54_i10451178_id423855_tcn-423855_cn1580996977945759000_thr887.Sg_bord_.jpg,236,14,6
0206_13_49_58_i10451353_id423886_tcn-423886_cn1580997042648305000_thr995.Sgl_different_place.jpg,122,159,6
0206_13_53_53_i10452888_id423962_tcn-423962_cn1580997277910967000_thr638.In_different_place.jpg,18,29,7
0206_14_10_39_i10459818_id424157_tcn-424157_cn1580998214158055000_thr604.Out_different_place.jpg,200,219,6
0206_14_11_24_i10460014_id424161_tcn-424161_cn1580998303493251000_thr934.In_bord_.jpg,37,45,3
0206_14_35_01_i10471199_id424346_tcn-424346_cn1580999741570108000_thr982.Sgl_different_place.jpg,180,184,6
0206_14_37_57_i10472255_id424369_tcn-424369_cn1580999896726872000_thr875.In_.jpg,74,242,4
0206_14_43_40_i10474201_id424450_tcn-424450_cn1581000264519671000_thr619.In_different_place.jpg,201,217,4
0206_14_46_28_i10475210_id424472_tcn-424472_cn1581000407542761000_thr947.Sg_bord_different_place.jpg,233,145,6
0206_14_57_30_i10480406_id424549_tcn-424549_cn1581001069440146000_thr916.Sg_bord_crossing.jpg,38,133,6
0206_15_01_05_i10481933_id424621_tcn-424621_cn1581001295470563000_thr970.Out_different_place.jpg,239,77,6
0206_15_03_37_i10482533_id424711_tcn-424711_cn1581001458518677000_thr986.Sgl_crossing.jpg,198,39,6
0206_15_04_03_i10482555_id424746_tcn-424746_cn1581001480871599000_thr957._different_place.jpg,226,51,6
0206_15_05_50_i10482660_id424787_tcn-424787_cn1581001579321150000_thr669.In_.jpg,34,148,6
0206_16_18_44_i10515665_id425582_tcn-425577_cn1581005947117834000_thr996._crossing.jpg,120,24,6
0206_16_18_56_i10515676_id425592_tcn-425592_cn1581005969457072000_thr685.Out_.jpg,223,237,6
0206_16_33_19_i10521592_id425735_tcn-425735_cn1581006818698667000_thr815.Sg_bord_crossing.jpg,153,173,6
0206_16_53_49_i10531061_id425995_tcn-425995_cn1581008055805225000_thr919.Sgl_different_place.jpg,96,206,6
0206_17_25_14_i10546474_id426307_tcn-426307_cn1581009958257820000_thr986.Sgl_different_place.jpg,116,169,6
0206_18_23_57_i10575746_id426773_tcn-426773_cn1581013479014078000_thr932.Sgl_looks_different.jpg,145,43,3
0206_19_18_21_i10599047_id427358_tcn-427356_cn1581016731409024000_thr990._different_place.jpg,95,128,3
0206_19_36_17_i10608421_id427444_tcn-427444_cn1581017813553983000_thr943.Sgl_different_place.jpg,123,22,4
0206_19_56_27_i10617506_id427585_tcn-427585_cn1581019013535536000_thr671._crossing.jpg,31,27,6
0206_19_56_38_i10617525_id427615_tcn-427615_cn1581019043425456000_thr750.Sgl_crossing.jpg,100,89,6
0206_21_40_30_i10675445_id427952_tcn-427952_cn1581025271054489000_thr752.Sgl_different_place.jpg,217,15,4
0206_21_41_03_i10675472_id427956_tcn-427956_cn1581025297072310000_thr846.Sgl_different_place.jpg,113,230,4
0206__01_13_57__i0073060__gcn1612563225095171074__1612563225095171074__person_1612563235197714270.png,7,119,6
0206__05_57_41__i0381949__gcn1612580214332559105__1612580254961090053__person_1612580258660770004.png,195,92,6
0206__05_58_16__i0382409__gcn1612580295273724161__1612580295273724161__person_1612580294559370506.png,248,108,6
0206__06_37_41__i0414400__gcn1612582659861697795__1612582659906294018__person_1612582677388556714.png,152,80,6
0206__06_37_48__i0414492__gcn1612582665087840001__1612582667190778883__person_1612582684298408998.png,210,96,6
0206__06_37_51__i0414528__gcn1612582669547520006__1612582669547520006__person_1612582686848629809.png,232,120,6
0206__06_37_53__i0414554__gcn1612582671603360007__1612582671603360007__bike_1612582688788631442.png,64,140,6
0206__06_37_54__i0414570__gcn1612582672973136904__1612582673088152837__person_1612582690088748582.png,5,143,6
0206__06_37_58__i0414612__gcn1612582672973136904__1612582672973136904__person_1612582693448585402.png,67,167,7
0206__06_37_58__i0414617__gcn1612582672973099018__1612582672973099018__person_1612582693788685936.png,57,167,7
0206__06_38_01__i0414649__gcn1612582672973099018__1612582677541892097__person_1612582696748189122.png,99,235,7
0206__06_38_11__i0414779__gcn1612582689628386055__1612582689628386055__person_1612582707108005918.png,44,172,6
0206__06_40_30__i0416653__gcn1612582810291638021__1612582828185928970__person_1612582846973976725.png,204,110,6
0206__06_41_50__i0417687__gcn1612582900113826057__1612582904632401922__person_1612582926141864738.png,2,127,7
0206__06_41_53__i0417726__gcn1612582900113826057__1612582904632401922__person_1612582929242150789.png,64,183,7
0206__06_41_53__i0417728__gcn1612582902699502848__1612582906997113098__person_1612582929442158339.png,0,204,6
0206__07_29_36__i0456715__gcn1612585680559385089__1612585739697426945__person_1612585774151581507.png,212,118,6
0206__07_58_56__i0480647__gcn1612587535478328070__1612587535496517893__person_1612587495291933268.png,9,109,6
0206__07_59_27__i0481019__gcn1612587535478328070__1612587543776182787__person_1612587534661224567.png,233,94,6
0206__08_00_01__i0481428__gcn1612587535478328070__1612587599135346945__person_1612587577219759842.png,4,120,6
0206__08_00_01__i0481431__gcn1612587535478328070__1612587599841314051__person_1612587577379969002.png,4,120,6
0206__08_09_16__i0488949__gcn1612588154012075009__1612588154012075009__person_1612588125833834998.png,16,104,6
0206__08_45_34__i0517870__gcn1612590267450889986__1612590326542032904__person_1612590313697986133.png,240,107,6
0206__09_27_17__i0548891__gcn1612592821274683905__1612592833189848833__person_1612592774041053275.png,227,86,6
0206__09_28_35__i0549720__gcn1612592908680224778__1612592913266785030__person_1612592876277778444.png,40,108,6
0206__09_28_42__i0549785__gcn1612592920776807937__1612592920776807937__person_1612592884967619530.png,224,131,6
0206__09_28_44__i0549807__gcn1612592920776807937__1612592923023842057__person_1612592888667483838.png,30,124,6
0206__09_28_49__i0549860__gcn1612592920776807937__1612592927952014083__person_1612592895767299621.png,218,87,6
0206__09_28_50__i0549865__gcn1612592924939469058__1612592926049635842__person_1612592896577373782.png,147,86,6
0206__09_28_54__i0549896__gcn1612592920776807937__1612592923023842057__person_1612592900667666137.png,153,81,6
0206__09_29_16__i0550107__gcn1612592952190851844__1612592953107953921__person_1612592928826292593.png,222,107,6
0206__09_50_01__i0564975__gcn1612594161202689030__1612594165599438086__person_1612594175821357210.png,227,103,6
0206__09_50_44__i0565371__gcn1612594161202689030__1612594242388809989__person_1612594230630211100.png,218,103,6
0206__09_50_52__i0565441__gcn1612594161202689030__1612594244735110154__person_1612594242079844138.png,211,115,6
0206__09_51_10__i0565617__gcn1612594198605052928__1612594267410424832__person_1612594264179168697.png,228,96,6
0206__09_51_19__i0565704__gcn1612594157906179074__1612594277675354116__person_1612594276179057345.png,201,108,6
0206__09_52_01__i0566103__gcn1612594157906179074__1612594315628487937__person_1612594316197529852.png,199,105,6
0206__09_52_27__i0566368__gcn1612594161202689030__1612594336017764096__person_1612594343396828213.png,209,109,6
0206__09_52_45__i0566559__gcn1612594161202689030__1612594363493992200__person_1612594361606394155.png,193,112,6
0206__09_54_05__i0567356__gcn1612594291410185218__1612594443043795208__multy_1612594440423997887.png,200,116,6
0206__09_54_09__i0567395__gcn1612594161202689030__1612594446913067009__person_1612594444733543657.png,190,96,6
0206__09_54_35__i0567668__gcn1612594157906179074__1612594449565037064__person_1612594471673441035.png,192,100,6
0206__09_54_59__i0567923__gcn1612594161202689030__1612594497360385801__person_1612594495742401517.png,197,92,6
0206__10_07_47__i0576369__gcn1612595264300015876__1612595265065777923__person_1612595241250867064.png,251,107,6
0206__10_08_18__i0576680__gcn1612595264300015876__1612595292242934018__person_1612595282762030355.png,225,87,6
0206__10_09_00__i0577106__gcn1612595264300015876__1612595312335881989__person_1612595337738151585.png,231,84,6
0206__10_29_54__i0592586__gcn1612596568581361158__1612596582097508872__person_1612596527044784292.png,225,103,6
0206__10_53_39__i0608492__gcn1612598016775110917__1612598016775110917__person_1612597992033465800.png,232,136,6
0206__10_53_59__i0608698__gcn1612598034395371010__1612598034395371010__person_1612598017582879014.png,164,120,6
0206__10_54_02__i0608731__gcn1612598034395371010__1612598040612472065__person_1612598019782733731.png,164,120,6
0206__11_24_07__i0628394__gcn1612599844874580996__1612599845226048003__person_1612599840541845212.png,236,116,6
0206__11_24_08__i0628401__gcn1612599844874580996__1612599845772606981__person_1612599840901868147.png,228,101,6
0206__11_24_11__i0628432__gcn1612599844874580996__1612599849389970945__person_1612599843041879103.png,232,112,6
0206__11_24_17__i0628498__gcn1612599855541328898__1612599855541328898__person_1612599852592103135.png,182,101,6
0206__11_24_55__i0628921__gcn1612599893962220038__1612599893962220038__person_1612599885410820906.png,255,101,4
0206__11_24_55__i0628922__gcn1612599893962220038__1612599893962220038__person_1612599885951198448.png,252,100,6
0206__11_24_56__i0628927__gcn1612599893865181955__1612599893865181955__multy_1612599886551089830.png,245,122,4
0206__11_24_57__i0628941__gcn1612599893962220038__1612599895792084993__person_1612599887811014091.png,237,136,4
0206__11_24_58__i0628947__gcn1612599893962220038__1612599895853615873__person_1612599889111110125.png,18,154,4
0206__11_25_00__i0628972__gcn1612599893962220038__1612599896620290056__person_1612599892860903288.png,31,125,4
0206__11_25_05__i0629013__gcn1612599893962220038__1612599903624250887__person_1612599899270909972.png,212,104,6
0206__11_29_52__i0632277__gcn1612600189310831104__1612600190688931847__person_1612600119854329262.png,3,124,7
0206__11_29_53__i0632282__gcn1612600189310831104__1612600190688931847__person_1612600120224279326.png,17,119,7
0206__11_30_44__i0632786__gcn1612600211291179777__1612600233389081098__person_1612600183922384159.png,18,133,7
0206__11_30_46__i0632804__gcn1612600211291179777__1612600233389081098__person_1612600186332126192.png,65,163,7
0206__11_30_51__i0632850__gcn1612600211291179777__1612600233389081098__person_1612600192982471159.png,144,72,7
0206__11_31_05__i0635849__gcn1612600259921581056__1612600259921581056__person_1612600243168250527.png,219,108,7
0206__11_31_08__i0635872__gcn1612600259921581056__1612600259921581056__person_1612600247618060230.png,6,132,7
0206__11_31_09__i0635877__gcn1612600259921581056__1612600259921581056__person_1612600248318304542.png,26,131,7
0206__11_31_10__i0635892__gcn1612600259921581056__1612600259921581056__person_1612600250127900368.png,89,148,7
0206__11_31_12__i0635902__gcn1612600259921581056__1612600259921581056__person_1612600251327919960.png,95,171,7
0206__11_31_13__i0635914__gcn1612600259921581056__1612600259921581056__person_1612600252927809030.png,91,204,7
0206__11_31_15__i0635925__gcn1612600259921581056__1612600272817491976__person_1612600254377658659.png,36,168,7
0206__11_31_36__i0633256__gcn1612600294451044102__1612600294451044102__person_1612600256340620835.png,192,242,1
0206__11_31_38__i0633274__gcn1612600294451044102__1612600294451044102__person_1612600258690282834.png,61,188,6
0206__11_31_45__i0633331__gcn1612600301119614979__1612600302815781123__person_1612600267449805469.png,13,128,6
0206__11_49_33__i0643938__gcn1612601369984535813__1612601370565861897__person_1612601346899117651.png,252,148,6
0206__11_50_43__i0647574__gcn1612601440113658889__1612601440113658889__person_1612601459642821301.png,60,161,7
0206__11_50_46__i0647602__gcn1612601440113658889__1612601441547857921__person_1612601462382874340.png,84,141,7
0206__11_50_53__i0647656__gcn1612601440113658889__1612601441547857921__person_1612601468812852967.png,239,121,7
0206__11_51_30__i0645018__gcn1612601488588502022__1612601488588502022__person_1612601485975114452.png,187,185,7
0206__11_56_16__i0647899__gcn1612601770321767946__1612601774138231048__person_1612601747177824724.png,224,112,6
0206__11_56_42__i0648115__gcn1612601783533466119__1612601800059358983__person_1612601782286754035.png,221,109,6
0206__11_57_18__i0648399__gcn1612601783533466119__1612601804781747978__person_1612601832205263956.png,250,125,6
0206__11_57_54__i0648742__gcn1612601856583113986__1612601872174120966__person_1612601869864403952.png,244,100,6
0206__11_58_47__i0649266__gcn1612601922401619971__1612601924796964873__person_1612601915922909346.png,206,124,7
0206__11_58_52__i0649311__gcn1612601922401619971__1612601930016321031__person_1612601919122918306.png,196,92,6
0206__11_58_56__i0649357__gcn1612601922401619971__1612601933969980938__person_1612601925822502036.png,235,122,7
0206__11_59_05__i0649440__gcn1612601922401619971__1612601933969980938__person_1612601938732314852.png,207,101,7
0206__11_59_32__i0649718__gcn1612601957356988934__1612601968350624006__person_1612601967821912152.png,251,130,7
0206__12_00_05__i0650044__gcn1612602003783377927__1612602003783377927__person_1612602001230720925.png,251,89,6
0206__12_00_21__i0650176__gcn1612602003783377927__1612602015560141063__person_1612602016660309463.png,20,96,6
0206__12_00_21__i0650176__gcn1612602018013128962__1612602018905030917__person_1612602016660309463.png,216,112,6
0206__12_00_38__i0650358__gcn1612602023166536198__1612602023414254857__person_1612602034489653927.png,5,120,7
0206__12_01_29__i0650921__gcn1612602087123132938__1612602087123132938__person_1612602080008198555.png,236,116,4
0206__12_01_31__i0650933__gcn1612602087123132938__1612602089065968136__person_1612602080668264838.png,242,160,4
0206__12_01_33__i0650948__gcn1612602090993113094__1612602090993113094__person_1612602081598219634.png,248,147,3
0206__12_01_38__i0650990__gcn1612602095520401929__1612602095884218885__person_1612602086898564237.png,22,123,4
0206__12_01_41__i0651025__gcn1612602095348232966__1612602099076276993__person_1612602091548402810.png,13,115,4
0206__12_01_44__i0651044__gcn1612602098144998914__1612602101706588929__person_1612602095818029732.png,19,120,6
0206__12_01_44__i0651047__gcn1612602098144998914__1612602101706588929__person_1612602096257927546.png,21,114,6
0206__12_03_40__i0652170__gcn1612602218496433929__1612602218496433929__person_1612602216195009031.png,164,125,6
0206__12_03_41__i0652183__gcn1612602218496433929__1612602218641382912__person_1612602217594541889.png,36,140,6
0206__12_03_46__i0652227__gcn1612602218496433929__1612602219700843017__person_1612602222484300110.png,97,191,6
0206__12_03_47__i0652232__gcn1612602218496433929__1612602219700843017__person_1612602222984293266.png,125,174,6
0206__12_04_29__i0652619__gcn1612602263468312070__1612602267476658947__person_1612602264153216959.png,222,123,6
0206__12_05_00__i0652885__gcn1612602218496433929__1612602276073538048__person_1612602296202639801.png,64,136,6
0206__12_05_00__i0652885__gcn1612602297552999942__1612602297552999942__multy_1612602296202639801.png,70,149,6
0206__12_05_01__i0652892__gcn1612602298680257032__1612602298680257032__multy_1612602297012522941.png,26,156,6
0206__12_05_01__i0652893__gcn1612602218496433929__1612602299176753921__person_1612602297052585519.png,24,136,6
0206__12_05_02__i0652895__gcn1612602299232193028__1612602299290257928__person_1612602297502550172.png,15,123,6
0206__12_05_10__i0652966__gcn1612602308044883974__1612602308044883974__person_1612602306761733704.png,36,140,6
0206__12_05_13__i0652989__gcn1612602304815596039__1612602307506196996__person_1612602309412037924.png,215,107,6
0206__12_05_26__i0653096__gcn1612602321047020801__1612602323143384067__person_1612602321051893667.png,66,168,6
0206__12_05_26__i0653097__gcn1612602321047020801__1612602323143384067__person_1612602321351931322.png,64,168,6
0206__12_05_58__i0653383__gcn1612602350444338181__1612602356791692037__person_1612602354920417378.png,16,180,6
0206__12_07_46__i0654457__gcn1612602458741815046__1612602465293773061__person_1612602457287719767.png,176,96,6
0206__12_08_33__i0654912__gcn1612602506873896964__1612602511010280965__person_1612602505296451707.png,236,100,6
0206__12_08_40__i0654976__gcn1612602518220052998__1612602518220052998__person_1612602515896279652.png,119,188,6
0206__12_08_41__i0654979__gcn1612602518220052998__1612602518220052998__person_1612602516096279510.png,143,197,6
0206__12_18_16__i0660788__gcn1612603090398461953__1612603092834907145__person_1612603083340550741.png,215,7,7
0206__12_18_19__i0660809__gcn1612603090398461953__1612603092834907145__person_1612603085780424735.png,136,229,7
0206__12_18_21__i0660826__gcn1612603090398461953__1612603099068891144__person_1612603087840327939.png,64,211,7
0206__12_18_22__i0660839__gcn1612603090398461953__1612603100127286021__person_1612603090340080969.png,23,153,7
0206__12_21_48__i0663052__gcn1612603306520505864__1612603306520505864__person_1612603247465906773.png,233,124,6
0206__12_21_51__i0663075__gcn1612603309354470912__1612603309354470912__multy_1612603248775741481.png,224,160,4
0206__12_21_51__i0663076__gcn1612603306520505864__1612603309469764101__person_1612603249015899753.png,224,160,4
0206__12_21_54__i0663105__gcn1612603309354470912__1612603312403526916__multy_1612603251525927390.png,224,160,4
0206__12_22_06__i0663218__gcn1612603321592189960__1612603322977657090__person_1612603265975512203.png,224,160,6
0206__12_23_14__i0663916__gcn1612603388077475074__1612603388387776001__person_1612603330493750287.png,229,126,4
0206__12_24_42__i0664825__gcn1612603480242512897__1612603480302099969__person_1612603410711719977.png,216,88,6
0206__12_25_11__i0665141__gcn1612603503049603079__1612603509158308870__person_1612603434020468921.png,0,112,6
0206__12_25_15__i0665178__gcn1612603503049603079__1612603511947714055__person_1612603439360556630.png,248,128,6
0206__12_25_17__i0665194__gcn1612603503049603079__1612603511947714055__person_1612603441610741138.png,217,100,6
0206__12_25_26__i0665278__gcn1612603503049603079__1612603516619180033__person_1612603455370273954.png,194,89,6
0206__12_25_28__i0665296__gcn1612603526141423877__1612603526141423877__person_1612603458870149464.png,192,98,6
0206__12_25_29__i0665306__gcn1612603525611456002__1612603527739745032__person_1612603459720403344.png,192,99,6
0206__12_26_23__i0665792__gcn1612603581941530881__1612603581941530881__person_1612603507789591642.png,159,85,6
0206__12_26_24__i0665794__gcn1612603581941530881__1612603582165675013__person_1612603508129256583.png,156,84,6
0206__12_50_19__i0680943__gcn1612605016748892165__1612605016748892165__person_1612604902699623142.png,235,111,6
0206__12_50_33__i0681066__gcn1612605014416291078__1612605031530137089__person_1612604919709883064.png,204,104,6
0206__12_50_42__i0681148__gcn1612605014416291078__1612605036851073024__person_1612604933958883084.png,230,95,6
0206__12_56_12__i0683627__gcn1612605367843475974__1612605368626705930__person_1612605366046990280.png,172,84,6
0206__12_56_24__i0683739__gcn1612605382308256008__1612605382308256008__person_1612605379296349156.png,210,94,6
0206__12_56_28__i0683778__gcn1612605382308256008__1612605382308256008__person_1612605383296127963.png,250,141,6
0206__12_56_36__i0683858__gcn1612605382308256008__1612605394843949061__person_1612605392465970034.png,247,104,6
0206__12_57_02__i0684085__gcn1612605399991848965__1612605420475266826__person_1612605418365353122.png,222,99,6
0206__12_57_04__i0684103__gcn1612605399991848965__1612605422611734024__person_1612605420215233408.png,208,92,6
0206__12_57_09__i0684144__gcn1612605399991848965__1612605422611707911__person_1612605425055621806.png,48,124,6
0206__12_57_42__i0684442__gcn1612605460206789128__1612605460206789128__person_1612605459264292664.png,3,99,6
0206__12_58_06__i0684660__gcn1612605475161233922__1612605484246478084__person_1612605482683502349.png,210,93,6
0206__13_00_05__i0685772__gcn1612605601839535879__1612605602351564033__person_1612605585510856305.png,212,100,6
0206__13_01_15__i0686463__gcn1612605672508538880__1612605672883992835__person_1612605637869073358.png,220,100,6
0206__13_01_21__i0686519__gcn1612605679929339905__1612605679929339905__person_1612605647219330274.png,204,88,6
0206__13_01_58__i0686829__gcn1612605715889647110__1612605716311971076__person_1612605698417730929.png,212,104,6
0206__13_09_53__i0691508__gcn1612606189626912009__1612606190159956997__person_1612606128825465615.png,2,116,6
0206__13_10_02__i0691587__gcn1612606189626912009__1612606200155493897__person_1612606141324923965.png,236,104,6
0206__13_10_05__i0691605__gcn1612606189626912009__1612606202419482115__person_1612606143925009748.png,3,120,6
0206__13_10_07__i0691624__gcn1612606205799539203__1612606205799539203__person_1612606147434646160.png,56,153,6
0206__13_10_15__i0691694__gcn1612606212942022145__1612606213184547841__person_1612606159334587004.png,224,172,6
0206__13_10_23__i0691750__gcn1612606218290749953__1612606219345612041__person_1612606168784373296.png,234,118,6
0206__13_10_23__i0691751__gcn1612606218290749953__1612606219848457223__person_1612606168924403446.png,234,113,6
0206__13_10_39__i0691867__gcn1612606223889126914__1612606232979872006__person_1612606188343934636.png,0,104,6
0206__13_10_42__i0691890__gcn1612606218290749953__1612606235251171081__person_1612606193243665001.png,242,107,6
0206__13_10_45__i0691911__gcn1612606241866539008__1612606242447644937__person_1612606196493525791.png,230,101,6
0206__13_10_53__i0691972__gcn1612606223889126914__1612606232979872006__person_1612606206643684801.png,243,104,6
0206__13_10_59__i0692019__gcn1612606241866539008__1612606257361437957__person_1612606215403136808.png,228,121,0
0206__13_11_02__i0692038__gcn1612606258573765890__1612606258710694914__person_1612606219303277815.png,11,102,6
0206__13_11_07__i0692070__gcn1612606218290749953__1612606263157932039__person_1612606226402734192.png,252,108,6
0206__13_11_11__i0692089__gcn1612606266178203139__1612606267940391169__person_1612606230612786642.png,231,104,6
0206__13_11_25__i0692201__gcn1612606258573805056__1612606282764226823__person_1612606250752028389.png,232,100,6
0206__13_11_29__i0692238__gcn1612606286840872961__1612606286934593025__person_1612606256951855463.png,253,116,6
0206__13_11_31__i0692242__gcn1612606287168997894__1612606287168997894__person_1612606258051797151.png,21,138,6
0206__13_11_31__i0692245__gcn1612606285704992002__1612606287693083140__person_1612606258211814463.png,242,118,3
0206__13_11_32__i0692246__gcn1612606241866539008__1612606287854558980__person_1612606258801815520.png,17,137,6
0206__13_11_34__i0692259__gcn1612606290300101893__1612606290300101893__person_1612606261911676929.png,46,133,3
0206__13_11_34__i0692261__gcn1612606291144141834__1612606291144141834__multy_1612606262011694614.png,48,135,3
0206__13_12_14__i0692617__gcn1612606331909950977__1612606331909950977__person_1612606321509742349.png,216,118,6
0206__13_22_07__i0698750__gcn1612606925054449921__1612606925054449921__person_1612606833925471459.png,248,130,6
0206__13_22_21__i0698883__gcn1612606938598278148__1612606938916369927__person_1612606848435129625.png,216,91,6
0206__13_22_24__i0698912__gcn1612606942494618890__1612606942494618890__person_1612606850134721179.png,239,84,6
0206__13_25_57__i0700645__gcn1612607153016730120__1612607154439691017__person_1612607149756925351.png,232,92,6
0206__13_26_00__i0700674__gcn1612607158973474052__1612607158973474052__person_1612607151246580131.png,240,108,6
0206__13_26_09__i0700752__gcn1612607166810329094__1612607166947791110__person_1612607160606095045.png,220,93,6
0206__13_26_27__i0700909__gcn1612607166810329094__1612607185373591812__person_1612607180565901725.png,229,96,6
0206__13_27_23__i0701454__gcn1612607238596097026__1612607241440290825__person_1612607234314455022.png,232,92,6
0206__13_27_42__i0701620__gcn1612607249060716032__1612607255462867969__person_1612607257623626908.png,232,104,6
0206__13_28_05__i0701809__gcn1612607275153443073__1612607282702737158__person_1612607280682741463.png,216,96,6
0206__13_28_10__i0701860__gcn1612607275153443073__1612607289056380169__person_1612607286592537300.png,212,84,6
0206__13_29_24__i0702509__gcn1612607356917880069__1612607360881483009__person_1612607358550710756.png,233,109,6
0206__13_29_27__i0702535__gcn1612607364519428866__1612607364519428866__person_1612607362150703816.png,200,94,6
0206__13_29_28__i0702552__gcn1612607364519428866__1612607366990243075__person_1612607363360311339.png,204,88,6
0206__13_29_28__i0702555__gcn1612607364519428866__1612607366990243075__person_1612607363500446227.png,204,88,6
0206__13_29_48__i0702765__gcn1612607384507757066__1612607384507757066__person_1612607378510009760.png,228,88,6
0206__13_30_00__i0702889__gcn1612607398070974208__1612607398659555075__person_1612607393469552272.png,240,84,6
0206__13_30_01__i0702892__gcn1612607398070974208__1612607398999922954__person_1612607393769583171.png,240,84,6
0206__13_30_05__i0702917__gcn1612607398070974208__1612607402262401024__person_1612607396509601148.png,232,84,6
0206__13_30_38__i0703239__gcn1612607435842854916__1612607435842854916__person_1612607430818874879.png,2,99,6
0206__13_30_45__i0703297__gcn1612607435842854916__1612607442966130954__person_1612607438888618459.png,228,96,6
0206__13_31_01__i0703462__gcn1612607459671586056__1612607459671586056__person_1612607458367823662.png,245,95,6
0206__13_31_05__i0703487__gcn1612607457564784897__1612607459747281152__person_1612607460727921486.png,213,98,6
0206__13_31_47__i0703893__gcn1612607502614772994__1612607502614772994__person_1612607502896371088.png,228,96,6
0206__13_31_52__i0703944__gcn1612607510365398791__1612607510365398791__person_1612607508036401097.png,151,81,6
0206__13_31_56__i0703981__gcn1612607510365398791__1612607510365398791__person_1612607512386294958.png,8,141,6
0206__13_46_45__i0712634__gcn1612608399295987978__1612608403305777925__person_1612608359222920260.png,248,112,6
0206__13_46_46__i0712643__gcn1612608403613014019__1612608403877445893__person_1612608360782421241.png,248,112,6
0206__13_46_47__i0712653__gcn1612608404082597123__1612608404681886976__person_1612608362132370356.png,244,112,6
0206__13_46_50__i0712674__gcn1612608407487823109__1612608407700310017__person_1612608365722521544.png,3,143,3
0206__13_46_50__i0712675__gcn1612608407487823109__1612608407822714113__person_1612608366022484015.png,11,140,6
0206__13_46_54__i0712708__gcn1612608412426019080__1612608412426019080__person_1612608372423001367.png,243,110,6
0206__13_46_58__i0712732__gcn1612608414310337026__1612608414310337026__person_1612608375882711519.png,245,101,6
0206__13_47_12__i0712834__gcn1612608427078427143__1612608427078427143__person_1612608394581307047.png,244,111,6
0206__13_47_15__i0712860__gcn1612608433399815168__1612608433487549952__person_1612608399631216987.png,232,100,6
0206__13_47_25__i0712945__gcn1612608440600855042__1612608443231781888__person_1612608414501407349.png,8,116,6
0206__13_47_33__i0713012__gcn1612608450509161985__1612608451143002889__person_1612608425040814613.png,252,108,6
0206__13_47_34__i0713014__gcn1612608450509161985__1612608451747986949__person_1612608425440708191.png,252,108,6
0206__13_47_45__i0713112__gcn1612608459644838153__1612608463755770880__person_1612608441050611901.png,228,96,6
0206__13_47_49__i0713138__gcn1612608465342844938__1612608465724699145__person_1612608444640551957.png,220,116,4
0206__13_47_49__i0713142__gcn1612608465342844938__1612608466952439048__person_1612608445450414344.png,220,116,4
0206__13_47_51__i0713152__gcn1612608469046614789__1612608469046614789__multy_1612608447500175658.png,220,116,4
0206__13_48_32__i0713531__gcn1612608503820908042__1612608509780942857__person_1612608497168571015.png,176,92,6
0206__13_49_01__i0713805__gcn1612608537137018881__1612608537137018881__person_1612608528208263016.png,176,88,6
0206__13_49_12__i0713896__gcn1612608548693878022__1612608549991089153__person_1612608541167319436.png,29,138,6
0206__13_49_12__i0713898__gcn1612608548693878022__1612608550114396937__person_1612608541267338429.png,16,157,6
0206__13_49_32__i0714064__gcn1612608543605750021__1612608561201217032__person_1612608567366871950.png,0,104,6
0206__13_49_34__i0714087__gcn1612608572250462978__1612608572250462978__person_1612608570376555948.png,216,88,6
0206__13_49_36__i0714099__gcn1612608573669154821__1612608573669154821__person_1612608571786820546.png,220,89,6
0206__13_49_55__i0714259__gcn1612608592781681921__1612608592781681921__person_1612608589825961263.png,214,112,6
0206__13_49_57__i0714272__gcn1612608594416928005__1612608594416928005__person_1612608591825895621.png,228,107,6
0206__13_50_40__i0714687__gcn1612608638602754055__1612608638602754055__person_1612608634244890173.png,0,108,6
0206__13_51_02__i0714879__gcn1612608655103075075__1612608660549263880__person_1612608655954032087.png,36,131,6
0206__13_51_31__i0715129__gcn1612608685533597954__1612608687955131907__person_1612608685344675472.png,26,161,6
0206__13_51_33__i0715152__gcn1612608685533597954__1612608691428772102__person_1612608688353971626.png,13,121,6
0206__13_51_35__i0715168__gcn1612608693492403977__1612608693661479939__person_1612608690363486599.png,182,94,6
0206__13_52_07__i0715430__gcn1612608725056189189__1612608725409061889__person_1612608723012362761.png,244,116,6
0206__13_52_08__i0715437__gcn1612608693492403977__1612608725801579010__person_1612608723512439688.png,140,166,6
0206__13_52_18__i0715518__gcn1612608725056189189__1612608727515696898__person_1612608733971870208.png,4,116,6
0206__13_53_25__i0716093__gcn1612608725056189189__1612608802295349000__person_1612608801140102757.png,240,109,6
0206__13_53_38__i0716199__gcn1612608725056189189__1612608815256793095__person_1612608812879645059.png,251,128,6
0206__14_00_21__i0720117__gcn1612609213565520137__1612609218047712010__person_1612609152000422086.png,43,152,6
0206__14_00_25__i0720148__gcn1612609213565520137__1612609219749286922__person_1612609157150154494.png,222,221,6
0206__14_00_26__i0720152__gcn1612609213565520137__1612609219749286922__person_1612609157770008499.png,5,253,6
0206__14_00_26__i0720153__gcn1612609213565520137__1612609223074755845__person_1612609158210091694.png,226,242,6
0206__14_00_27__i0720157__gcn1612609213565520137__1612609223278650114__person_1612609158610332737.png,212,76,6
0206__14_00_56__i0724120__gcn1612609241092876808__1612609244364259074__person_1612609214852214866.png,68,153,6
0206__14_00_57__i0724127__gcn1612609241092876808__1612609244364259074__person_1612609216242281236.png,105,208,6
0206__14_41_40__i0743785__gcn1612611669852596994__1612611677150732042__person_1612611681530878356.png,208,96,6
0206__14_43_22__i0744696__gcn1612611799550188032__1612611799550188032__person_1612611798107393373.png,28,97,6
0206__14_43_58__i0745043__gcn1612611835792345093__1612611836628097034__person_1612611823507280379.png,229,111,6
0206__14_44_00__i0745057__gcn1612611835792345093__1612611838052228866__person_1612611824716936697.png,220,99,6
0206__14_45_27__i0745902__gcn1612611924319345928__1612611924497811207__person_1612611892624903575.png,248,116,6
0206__14_45_37__i0745996__gcn1612611935690453001__1612611935690453001__person_1612611903424492437.png,216,112,6
0206__14_45_57__i0746169__gcn1612611953223460873__1612611953223460873__person_1612611919733628718.png,196,91,6
0206__14_45_57__i0746172__gcn1612611953514972930__1612611953514972930__person_1612611919893650854.png,253,117,6
0206__14_46_00__i0746197__gcn1612611953514972930__1612611956025687815__person_1612611921443556162.png,252,124,6
0206__14_46_02__i0746215__gcn1612611959728102917__1612611960077879050__person_1612611923243530212.png,7,114,6
0206__14_46_03__i0749771__gcn1612611954897772036__1612611957445842949__person_1612611949526997292.png,101,190,3
0206__14_46_05__i0746237__gcn1612611963063931905__1612611963063931905__person_1612611927193543605.png,26,174,6
0206__14_46_05__i0749787__gcn1612611954897772036__1612611957445842949__person_1612611952827031711.png,16,132,3
0206__14_46_25__i0746386__gcn1612611983106945030__1612611983106945030__person_1612611951743100116.png,165,76,6
0206__14_46_25__i0746390__gcn1612611983781259011__1612611983781259011__person_1612611952952878596.png,178,75,6
0206__14_46_34__i0746470__gcn1612611990700545031__1612611990700545031__person_1612611965292525460.png,169,205,3
0206__14_46_37__i0746487__gcn1612611990700545031__1612611990700545031__person_1612611967152456170.png,112,188,3
0206__14_46_48__i0746579__gcn1612611990700545031__1612612005513433856__person_1612611982202279187.png,143,80,3
0206__14_46_51__i0746599__gcn1612612009229923846__1612612009229923846__person_1612611985952289215.png,7,108,6
0206__14_46_54__i0746621__gcn1612612009229923846__1612612009229923846__person_1612611989402079987.png,6,103,6
0206__14_47_31__i0746928__gcn1612612049855536905__1612612049855536905__person_1612612041570747450.png,173,78,6
0206__14_47_48__i0747068__gcn1612612022224936960__1612612066038393096__person_1612612062620009742.png,244,104,6
0206__15_32_07__i0772584__gcn1612614723091806983__1612614723865138186__person_1612614600140315364.png,113,70,6
0206__15_32_20__i0772688__gcn1612614730768621831__1612614734102475785__person_1612614610339860202.png,132,72,3
0206__15_32_23__i0772712__gcn1612614730768621831__1612614740986166025__person_1612614615009549098.png,177,77,6
0206__15_32_25__i0772722__gcn1612614742244709121__1612614742244709121__person_1612614616959778135.png,160,80,3
0206__15_32_31__i0772785__gcn1612614730768621831__1612614744631854081__person_1612614628399223866.png,86,167,3
0206__15_57_25__i0804660__gcn1612616242550417928__1612616242550417928__person_1612616262156402028.png,224,237,6
0206__15_57_26__i0804679__gcn1612616242550417928__1612616242550417928__person_1612616263106281093.png,7,174,6
0206__15_58_07__i0805510__gcn1612616285920826887__1612616285920826887__person_1612616305105108051.png,64,140,6
0206__15_58_11__i0805574__gcn1612616285920826887__1612616289672028935__person_1612616308314704273.png,76,140,6
0206__15_58_16__i0805659__gcn1612616285920826887__1612616289672028935__person_1612616313304672104.png,5,172,6
0206__15_58_17__i0805674__gcn1612616285920826887__1612616296657659908__person_1612616314164554364.png,11,186,6
0206__16_25_52__i0837861__gcn1612617948227427079__1612617948227427079__person_1612617968827872459.png,56,161,6
0206__16_25_54__i0837890__gcn1612617948227427079__1612617948227427079__person_1612617970677795690.png,1,221,6
0206__16_25_54__i0837899__gcn1612617948227427079__1612617948227427079__person_1612617971287942399.png,204,180,1
0206__16_26_44__i0838800__gcn1612618002544497928__1612618002544497928__person_1612618020986371274.png,21,184,6
0206__17_48_14__i0933674__gcn1612622890348905986__1612622890348905986__person_1612622911148636395.png,216,104,3
0206__17_48_21__i0933777__gcn1612622890348905986__1612622890348905986__person_1612622917448592350.png,78,163,3
0206__17_48_23__i0933817__gcn1612622890348905986__1612622890348905986__person_1612622920048483392.png,44,212,3
0206__17_50_16__i0935928__gcn1612623009682005767__1612623015046286081__person_1612623032725114409.png,244,188,6
0207_08_24_42_i11057345_id428238_tcn-428238_cn1581063923650702000_thr742.Sgl_different_place.jpg,173,29,3
0207_09_10_06_i11079282_id428604_tcn-428604_cn1581066651319377000_thr881.Sg_bord_different_place.jpg,132,181,6
0207_09_10_51_i11079320_id428607_tcn-428607_cn1581066674467750000_thr986.Sgl_different_place.jpg,41,209,6
0207_10_00_17_i11101268_id429207_tcn-429207_cn1581069644068698000_thr988.In_.jpg,241,14,6
0207_10_17_18_i11105929_id429661_tcn-429661_cn1581070657478329000_thr997.Sgl_different_place.jpg,219,199,6
0207_10_25_52_i11108021_id429930_tcn-429930_cn1581071175826099000_thr810.Sg_bord_different_place.jpg,207,147,6
0207_10_39_54_i11110295_id430785_tcn-430785_cn1581072017623700000_thr930.Sg_bord_looks_different.jpg,81,6,6
0207_10_56_54_i11115974_id431193_tcn-431193_cn1581073056464153000_thr790.Sgl_different_place.jpg,15,254,4
0207_11_18_14_i11126190_id431333_tcn-431333_cn1581074324717973000_thr713.In_different_place.jpg,177,64,6
0207_11_43_01_i11137650_id431584_tcn-431584_cn1581075825789324000_thr989.Sgl_different_place.jpg,48,60,6
0207_11_51_12_i11140984_id431717_tcn-431717_cn1581076313217441000_thr723.Sgl_different_place.jpg,91,8,6
0207_11_51_12_i11140987_id431720_tcn-431720_cn1581076316986695000_thr945.Sgl_different_place.jpg,72,146,6
0207_11_54_34_i11142179_id431770_tcn-431770_cn1581076489909274000_thr994._crossing.jpg,36,81,6
0207_11_56_28_i11142897_id431830_tcn-431822_cn1581076599956789000_thr999.Out_different_place.jpg,75,39,3
0207_12_14_52_i11151129_id432017_tcn-432017_cn1581077718993388000_thr741.Sg_bord_different_place.jpg,164,6,6
0207_12_25_52_i11156032_id432199_tcn-432199_cn1581078378864782000_thr847.In_.jpg,66,234,6
0207_12_47_34_i11166210_id432398_tcn-432398_cn1581079684022165000_thr995.Sgl_crossing.jpg,71,61,0
0207_13_26_02_i11182059_id432862_tcn-432862_cn1581081989570044000_thr700.Sg_bord_different_place.jpg,174,208,6
0207_13_27_09_i11182151_id433007_tcn-433007_cn1581082068045801000_thr897.Out_.jpg,158,249,6
0207_13_28_03_i11182195_id433151_tcn-433151_cn1581082122351138000_thr991.Out_bord_different_place.jpg,169,107,6
0207_13_30_33_i11182573_id433246_tcn-433246_cn1581082268394624000_thr959.Sgl_crossing.jpg,148,58,6
0207_13_36_05_i11182974_id433571_tcn-433571_cn1581082611216203000_thr973.In_different_place.jpg,91,185,6
0207_14_54_59_i11215810_id434530_tcn-434530_cn1581087322279177000_thr780.Sg_bord_different_place.jpg,176,250,6
0207_15_11_52_i11223319_id434723_tcn-434723_cn1581088357775158000_thr992.In_.jpg,116,201,6
0207_15_12_41_i11223357_id434741_tcn-434741_cn1581088403372245000_thr999.Sgl_different_place.jpg,173,32,0
0207_15_20_18_i11226245_id434872_tcn-434872_cn1581088838331613000_thr942.In_bord_.jpg,65,178,6
0207_16_56_57_i11265716_id436294_tcn-436294_cn1581094659364811000_thr941.Sgl_different_place.jpg,203,192,6
0207_16_57_54_i11265762_id436387_tcn-436387_cn1581094720582337000_thr1000.Sgl_crossing.jpg,24,101,6
0207_17_47_09_i11284915_id437238_tcn-437238_cn1581097656306573000_thr734._.jpg,170,167,6
0207_19_07_53_i11323912_id437887_tcn-437887_cn1581102518620360000_thr933.Sgl_different_place.jpg,31,52,6
0207_20_00_13_i11351355_id438102_tcn-438102_cn1581105655066685000_thr916.In_.jpg,236,9,4
0207__12_51_33__i1921479__gcn1612691485505474058__1612691485630515970__person_1612691507428112202.png,90,175,8
0207__12_51_33__i1921484__gcn1612691485505474058__1612691485630515970__person_1612691508138111684.png,57,146,8
0207__12_51_34__i1921492__gcn1612691485505474058__1612691485630515970__person_1612691508737943639.png,52,150,8
0207__17_02_23__i0028475__gcn0001062__0001177__person___________.png,30,242,3
0207__18_18_54__i0074396__gcn0001816__0001853__person__P2_______.png,59,164,3
0207__18_18_55__i0074402__gcn0001816__0001853__person__P2_______.png,87,179,3
0207__20_22_46__i0148721__gcn0002873__0002919__person__P2_______.png,152,192,0
0207__20_22_48__i0148747__gcn0002873__0003036__person___________.png,145,228,0
0207__20_52_28__i0166542__gcn0003643__0003643__person__P2_______.png,134,171,3
0207__20_52_28__i0166546__gcn0003643__0003643__person__P2_______.png,166,174,3
0207__21_11_01__i0177681__gcn0003856__0004115__person_____L1____.png,13,2,0
0207__21_17_38__i0181652__gcn0004179__0004180__person_____L2____.png,68,24,3
0208278__0731__09_05_11__________.png,151,82,6
0208_07_13_28_i11745548_id438570_tcn-438570_cn1581146050136626000_thr849.Sgl_different_place.jpg,199,101,8
0208_08_40_51_i11795915_id438694_tcn-438694_cn1581151293211619000_thr736.Sgl_different_place.jpg,221,155,6
0208_08_42_58_i11796797_id438701_tcn-438701_cn1581151401631702000_thr916.Sg_bord_different_place.jpg,5,37,6
0208_08_49_03_i11799463_id438807_tcn-438807_cn1581151744605288000_thr792.In_.jpg,219,133,6
0208_08_57_33_i11803034_id439041_tcn-439041_cn1581152252868272000_thr699._different_place.jpg,21,124,3
0208_09_09_58_i11809513_id439099_tcn-439099_cn1581153039650466000_thr876.In_different_place.jpg,55,239,6
0208_09_16_08_i11811296_id439226_tcn-439226_cn1581153391638030000_thr999.Out_different_place.jpg,165,90,7
0208_09_27_01_i11817574_id439230_tcn-439230_cn1581154045195865000_thr990.Sg_bord_different_place.jpg,47,172,6
0208_10_01_41_i11835518_id439547_tcn-439547_cn1581156139513035000_thr756.Sg_bord_.jpg,104,169,3
0208_11_01_15_i11867445_id439871_tcn-439871_cn1581159699550263000_thr903.In_.jpg,101,133,6
0208_12_17_13_i11908115_id440316_tcn-440313_cn1581164255973132000_thr1000._crossing.jpg,137,39,3
0208_12_17_43_i11908149_id440350_tcn-440350_cn1581164255973132000_thr992._.jpg,153,74,3
0208_13_27_57_i11946169_id440619_tcn-440619_cn1581168500912537000_thr996.Sg_bord_different_place.jpg,6,86,6
0208_14_46_16_i11984524_id441324_tcn-441324_cn1581173210684749000_thr888.Out_.jpg,71,29,7
0208_15_20_03_i12001265_id441615_tcn-441614_cn1581175200057469000_thr950.Out_bord_.jpg,73,205,0
0208_15_33_18_i12007116_id441768_tcn-441768_cn1581176044397138000_thr998.Sgl_crossing.jpg,111,121,6
0208_17_28_28_i12069293_id442298_tcn-442298_cn1581182935752941000_thr992.Sgl_looks_different.jpg,84,26,6
0208_23_21_58_i12263552_id443457_tcn-443457_cn1581204141893675000_thr981.Sgl_different_place.jpg,38,93,6
0208__00_18_36__i0290248__gcn0005224__0005224__person__P2_______.png,201,188,3
0208__00_18_37__i0290255__gcn0005224__0005224__person___________.png,236,245,3
0208__07_14_44__i0152419__gcn0000353__0000353__person__P1_L1____.png,17,233,3
0208__07_14_45__i0152428__gcn0000353__0000353__person__P2_______.png,212,190,3
0208__07_23_25__i0157626__gcn0000890__0000890__person_____L2____.png,207,157,3
0208__07_23_26__i0157630__gcn0000890__0000897__person__P1_L1____.png,145,147,3
0208__07_23_27__i0157633__gcn0000890__0000897__person__P2_______.png,138,175,3
0208__07_23_29__i0157649__gcn0000976__0000976__multy_____L2____.png,136,222,0
0208__07_23_33__i0157681__gcn0000882__0001086__person___________.png,40,152,6
0208__07_23_37__i0157724__gcn0001129__0001129__person_____L2____.png,222,250,3
0208__07_23_38__i0157731__gcn0001129__0001129__person__P2_______.png,151,215,3
0208__07_23_39__i0157735__gcn0001132__0001132__multy__P2_______.png,181,6,3
0208__07_23_41__i0157748__gcn0001186__0001186__person__P2_L1____.png,16,198,3
0208__07_26_02__i0159196__gcn0001575__0001575__person_____L2____.png,228,12,3
0208__07_29_31__i0161288__gcn0001682__0001682__person__P2_______.png,149,223,3
0208__07_29_36__i0161332__gcn0001740__0001740__person_____L2____.png,240,199,0
0208__07_29_36__i0161334__gcn0001753__0001758__person_____L1____.png,197,190,0
0208__07_29_36__i0161335__gcn0001740__0001740__person__P2_______.png,20,212,0
0208__07_29_36__i0161335__gcn0001753__0001760__person___________.png,178,185,0
0208__07_29_36__i0161339__gcn0001740__0001740__person__P2_L1____.png,194,183,0
0208__07_29_38__i0161353__gcn0001753__0001767__person__P2_______.png,79,180,0
0208__07_29_39__i0161364__gcn0001740__0001740__person__P2_______.png,92,150,0
0208__07_30_52__i0162103__gcn0002001__0002004__person___________.png,72,252,3
0208__07_33_10__i0163473__gcn0002099__0002099__person_____L2____.png,175,174,0
0208__07_33_12__i0163488__gcn0002099__0002127__person__P2_L2____.png,212,214,0
0208__07_33_13__i0163490__gcn0002099__0002136__person_____L1____.png,192,200,0
0208__07_33_13__i0163490__gcn0002116__0002116__person__P1_L1____.png,69,233,0
0208__07_33_15__i0163499__gcn0002099__0002173__person___________.png,102,155,3
0208__07_33_15__i0163503__gcn0002099__0002194__person__P1_L1____.png,41,127,3
0208__07_33_16__i0163508__gcn0002116__0002116__person__P2_L2____.png,164,190,0
0208__07_33_17__i0163514__gcn0002116__0002116__person__P2_______.png,141,187,0
0208__07_33_17__i0163517__gcn0002259__0002259__person_____L2____.png,60,187,3
0208__07_33_18__i0163519__gcn0002259__0002271__person_____L1____.png,41,56,2
0208__07_33_18__i0163523__gcn0002259__0002283__person_____L2____.png,13,237,3
0208__07_33_20__i0163534__gcn0002259__0002283__person__P2_L1____.png,200,199,2
0208__07_33_23__i0163557__gcn0002259__0002283__person__P2_______.png,88,147,2
0208__07_34_56__i0164539__gcn0002598__0002601__person___________.png,88,224,0
0208__07_37_20__i0165981__gcn0002676__0002676__person__P2_______.png,201,224,6
0208__07_37_21__i0165989__gcn0002680__0002680__person__P2_______.png,219,212,3
0208__07_37_21__i0165991__gcn0002688__0002708__person___________.png,118,186,3
0208__07_37_22__i0165997__gcn0002680__0002680__person__P2_______.png,147,216,3
0208__07_56_59__i0177771__gcn0003427__0003428__person_____L2____.png,39,251,3
0208__07_56_59__i0177772__gcn0003427__0003429__person___________.png,36,248,3
0208__07_56_59__i0177775__gcn0003427__0003432__person___________.png,234,181,3
0208__08_06_10__i0183285__gcn0003970__0003970__person__P2_______.png,254,130,3
0208__08_16_16__i0189348__gcn0004782__0005007__person__P2_______.png,182,213,7
0208__08_22_30__i0193089__gcn0006191__0006285__person___________.png,208,120,6
0208__08_23_01__i0193380__gcn0006288__0006811__person___________.png,196,204,6
0208__08_23_42__i0193775__gcn0007112__0007313__person_____L2____.png,185,251,7
0208__08_23_44__i0193784__gcn0007112__0007313__person__P2_______.png,34,2,7
0208__08_24_09__i0194078__gcn0007847__0007854__person_____L2____.png,206,253,0
0208__08_24_14__i0194115__gcn0007922__0007922__multy___________.png,232,111,6
0208__08_24_15__i0194128__gcn0007837__0007839__person_____L2____.png,252,140,6
0208__08_25_16__i0194737__gcn0008755__0008760__person_____L2____.png,32,24,3
0208__08_25_20__i0194774__gcn0008755__0008760__person__P2_______.png,79,165,3
0208__08_25_35__i0194916__gcn0009136__0009136__multy_____L2____.png,224,113,6
0208__08_25_58__i0195167__gcn0009335__0009355__person_____L2____.png,171,182,3
0208__08_25_59__i0195176__gcn0009335__0009355__person__P2_______.png,146,183,3
0208__08_26_00__i0195185__gcn0009335__0009355__person__P2_______.png,92,155,3
0208__08_26_08__i0195261__gcn0009335__0009525__person___________.png,196,100,3
0208__08_30_35__i0197928__gcn0011306__0011306__person__P2_______.png,105,173,0
0208__08_30_36__i0197933__gcn0011306__0011306__person__P2_______.png,75,156,0
0208__08_32_02__i0198805__gcn0011995__0012012__person___________.png,224,96,6
0208__08_37_16__i0201949__gcn0014700__0014746__person___________.png,216,128,6
0208__08_38_03__i0202418__gcn0015005__0015005__person__P2_______.png,220,198,3
0208__08_38_04__i0202424__gcn0015005__0015005__person__P2_______.png,202,184,3
0208__08_38_04__i0202429__gcn0015005__0015005__person__P2_______.png,169,190,3
0208__08_38_06__i0202447__gcn0015005__0015005__person__P2_______.png,73,163,3
0208__08_38_58__i0202962__gcn0015496__0015504__person___________.png,96,172,6
0208__08_42_05__i0204839__gcn0016655__0016655__person__P2_______.png,188,204,0
0208__08_42_06__i0204843__gcn0016655__0016655__person__P2_______.png,173,216,0
0208__08_42_06__i0204849__gcn0016655__0016655__person__P2_______.png,112,213,0
0208__08_43_07__i0205454__gcn0017010__0017010__person_____L2____.png,20,28,3
0208__08_49_47__i0209459__gcn0020145__0020145__person__P2_______.png,245,34,0
0208__08_49_48__i0209464__gcn0020145__0020145__person__P2_______.png,225,230,0
0208__08_49_48__i0209468__gcn0020145__0020145__person__P1_L1____.png,204,180,0
0208__08_49_49__i0209480__gcn0020145__0020145__person__P2_______.png,112,210,0
0208__08_49_50__i0209485__gcn0020145__0020145__person__P2_L1____.png,90,179,0
0208__08_49_50__i0209490__gcn0020145__0020145__person__P2_______.png,72,164,0
0208__08_49_52__i0209507__gcn0020145__0020145__person__P2_______.png,39,134,0
0208__08_49_52__i0209511__gcn0020241__0020241__multy___________.png,6,137,0
0208__08_51_27__i0210461__gcn0021224__0021224__person_____L2____.png,2,187,3
0208__08_52_05__i0210840__gcn0021432__0021679__person___________.png,11,190,4
0208__08_52_07__i0210857__gcn0021432__0021696__person_____L1____.png,232,156,4
0208__08_52_11__i0210898__gcn0021732__0021732__person__P2_______.png,227,161,3
0208__08_52_14__i0210920__gcn0021732__0021732__person__P2_L1____.png,101,187,3
0208__08_52_15__i0210940__gcn0021732__0021827__person_____L2____.png,40,172,3
0208__08_52_56__i0211342__gcn0022150__0022150__person_____L2____.png,255,29,0
0208__08_52_56__i0211346__gcn0022150__0022150__person_____L2____.png,193,184,0
0208__08_52_57__i0211351__gcn0022150__0022150__person__P2_______.png,173,191,0
0208__08_52_59__i0211377__gcn0022150__0022150__person__P2_______.png,60,153,0
0208__08_53_51__i0211893__gcn0022478__0022707__person__P2_______.png,52,144,7
0208__08_53_53__i0211913__gcn0022478__0022707__person__P2_______.png,96,177,7
0208__08_53_53__i0211915__gcn0022478__0022707__person_____L2____.png,111,207,7
0208__08_53_55__i0211927__gcn0022478__0022907__person_____L1____.png,168,224,7
0208__08_53_55__i0211931__gcn0022478__0022916__person___________.png,132,216,7
0208__08_53_55__i0211932__gcn0022478__0022918__person___________.png,132,216,7
0208__08_53_56__i0211934__gcn0022478__0022907__person__P2_______.png,174,206,7
0208__08_53_57__i0211945__gcn0022478__0022953__person___________.png,236,208,7
0208__08_53_57__i0211948__gcn0022837__0022920__person__P2_______.png,185,203,4
0208__08_53_57__i0211953__gcn0022837__0022920__person__P2_______.png,226,225,4
0208__08_57_19__i0213980__gcn0023152__0023152__person_____L2____.png,40,32,3
0208__08_57_19__i0213981__gcn0023152__0023155__person___________.png,40,32,3
0208__08_57_20__i0213985__gcn0023152__0023155__person__P1_L2____.png,231,186,3
0208__08_58_31__i0214695__gcn0023260__0023280__person__P2_______.png,25,0,4
0208__08_59_11__i0215101__gcn0023421__0023421__person__P1_L1____.png,173,208,6
0208__09_00_36__i0215945__gcn0023787__0023787__person__P2_______.png,233,238,4
0208__09_00_36__i0215949__gcn0023787__0023787__person__P2_______.png,204,188,4
0208__09_00_36__i0215951__gcn0023787__0023787__person__P1_L1____.png,194,204,4
0208__09_02_09__i0216880__gcn0024291__0024291__person__P2_______.png,198,226,0
0208__09_05_16__i0218752__gcn0024804__0024804__person__P2_______.png,35,207,3
0208__09_05_18__i0218761__gcn0024804__0024804__person__P2_______.png,202,183,3
0208__09_05_20__i0218784__gcn0024804__0024804__person__P2_______.png,79,161,3
0208__09_05_27__i0218859__gcn0024871__0025027__person_____L2____.png,220,111,3
0208__09_05_32__i0218905__gcn0024871__0025033__person__P2_L1____.png,185,177,3
0208__09_05_32__i0218912__gcn0024871__0025130__person__P1_L2____.png,220,168,3
0208__09_13_10__i0223486__gcn0026194__0026232__person__P2_______.png,101,185,2
0208__09_13_13__i0223519__gcn0026194__0026232__person__P2_______.png,209,204,2
0208__09_13_15__i0223538__gcn0026194__0026232__person__P2_______.png,26,243,2
0208__09_15_53__i0225122__gcn0027213__0027213__multy_____L2____.png,227,134,4
0208__09_16_10__i0225290__gcn0027262__0027516__person___________.png,92,254,2
0208__09_19_53__i0227480__gcn0028475__0028504__person__P2_______.png,87,159,1
0208__09_19_55__i0227491__gcn0028475__0028504__person__P2_______.png,154,155,1
0208__09_19_55__i0227494__gcn0028475__0028504__person__P2_______.png,198,191,6
0208__09_19_56__i0227496__gcn0028462__0028472__person_____L2____.png,8,196,6
0208__09_31_37__i0234564__gcn0031601__0031868__person___________.png,8,152,6
0208__09_32_07__i0234856__gcn0031601__0031878__person___________.png,127,207,4
0208__09_32_53__i0235270__gcn0032565__0032632__person__P2_______.png,208,246,3
0208__09_32_55__i0235284__gcn0033263__0033263__person_____L2____.png,56,159,6
0208__09_33_07__i0235380__gcn0032894__0033549__person__P1_L1____.png,91,183,7
0208__09_34_13__i0236027__gcn0034651__0035092__person___________.png,39,241,6
0208__09_34_37__i0236290__gcn0035376__0035376__person__P2_______.png,72,4,6
0208__09_34_47__i0236389__gcn0035532__0035532__person__P2_______.png,157,187,3
0208__09_35_04__i0236536__gcn0035970__0035978__person_____L2____.png,121,107,7
0208__09_35_07__i0236556__gcn0035970__0035981__person__P2_L2____.png,16,14,7
0208__09_35_08__i0236560__gcn0035970__0036067__person_____L2____.png,7,3,7
0208__09_35_08__i0236562__gcn0035970__0036067__person_____L1____.png,248,248,7
0208__09_35_08__i0236564__gcn0035447__0036079__person_____L1____.png,85,151,7
0208__09_35_09__i0236570__gcn0035447__0036101__person___________.png,140,180,7
0208__09_35_10__i0236572__gcn0035447__0036108__person_____L1____.png,102,165,7
0208__09_35_10__i0236575__gcn0035970__0035981__person__P2_______.png,135,191,7
0208__09_35_11__i0236577__gcn0035970__0036126__person___________.png,151,216,7
0208__09_35_12__i0236584__gcn0036148__0036148__person_____L2____.png,32,153,7
0208__09_35_13__i0236592__gcn0035970__0035981__person_____L2____.png,93,169,7
0208__09_35_34__i0236749__gcn0036364__0036635__person__P2_______.png,81,177,6
0208__09_35_37__i0236772__gcn0036380__0036703__person__P1_L1____.png,172,188,0
0208__09_35_38__i0236783__gcn0036385__0036842__person__P2_______.png,54,212,6
0208__09_36_29__i0237206__gcn0037443__0038020__person___________.png,80,36,7
0208__09_36_30__i0237209__gcn0037443__0038027__person___________.png,80,36,4
0208__09_36_31__i0237223__gcn0037443__0038072__person___________.png,40,208,7
0208__09_36_52__i0237415__gcn0036088__0038484__person___________.png,28,232,4
0208__09_37_34__i0237640__gcn0038947__0038947__multy__P2_______.png,171,210,6
0208__09_38_18__i0238078__gcn0038947__0039842__multy___________.png,45,140,6
0208__09_38_44__i0238359__gcn0038598__0040202__person___________.png,68,220,7
0208__09_38_49__i0238399__gcn0038598__0040275__person___________.png,16,232,7
0208__09_39_18__i0238701__gcn0040629__0040635__person___________.png,224,204,7
0208__09_39_37__i0238840__gcn0040829__0040964__person_____L2____.png,165,242,6
0208__09_39_38__i0238845__gcn0040776__0040776__person__P2_______.png,86,176,3
0208__09_39_43__i0238885__gcn0041154__0041154__multy___________.png,227,126,6
0208__09_40_32__i0239343__gcn0041926__0042147__person___________.png,44,236,0
0208__09_40_37__i0239391__gcn0042166__0042166__person_____L2____.png,176,244,4
0208__09_41_05__i0239654__gcn0042740__0042740__multy___________.png,34,237,6
0208__09_41_06__i0239657__gcn0042715__0042715__person__P2_______.png,235,12,6
0208__09_43_14__i0241068__gcn0043839__0043980__person__P2_______.png,84,155,1
0208__09_43_15__i0241076__gcn0043839__0043980__person__P2_______.png,110,165,1
0208__09_43_16__i0241083__gcn0043839__0043980__person__P2_______.png,145,196,7
0208__09_43_17__i0241093__gcn0043839__0043980__person__P2_______.png,215,29,7
0208__09_43_17__i0241099__gcn0043839__0043980__person__P2_______.png,30,252,7
0208__09_43_18__i0241102__gcn0043839__0043980__person_____L2____.png,28,228,7
0208__09_43_18__i0241106__gcn0043839__0043980__person__P2_______.png,64,227,7
0208__09_43_19__i0241111__gcn0043839__0043980__person__P2_L1____.png,114,216,7
0208__09_45_41__i0242535__gcn0044252__0044261__person__P2_______.png,4,132,7
0208__09_46_02__i0242746__gcn0044515__0044678__person___________.png,28,168,4
0208__09_46_18__i0242904__gcn0044931__0044931__person_____L2____.png,216,140,4
0208__09_46_18__i0242906__gcn0044931__0044935__person_____L2____.png,220,132,4
0208__09_46_39__i0243112__gcn0045207__0045208__person_____L2____.png,72,218,6
0208__09_46_46__i0243168__gcn0045286__0045286__person__P2_L1____.png,64,149,6
0208__09_49_44__i0244953__gcn0045939__0045965__person_____L2____.png,254,155,7
0208__09_49_45__i0244958__gcn0045939__0045965__person__P1_L1____.png,43,142,7
0208__09_49_48__i0244986__gcn0045939__0045965__person_____L2____.png,59,175,7
0208__09_49_48__i0244987__gcn0045816__0046115__person__P2_______.png,54,153,3
0208__09_49_48__i0244988__gcn0045939__0046142__person___________.png,100,188,7
0208__09_49_50__i0245016__gcn0045939__0046208__person_____L2____.png,184,156,7
0208__09_52_04__i0246368__gcn0046490__0046629__person_____L1____.png,164,248,4
0208__09_52_05__i0246375__gcn0046490__0046636__person___________.png,164,248,4
0208__09_52_14__i0246464__gcn0046490__0046728__person_____L1____.png,188,196,4
0208__09_55_12__i0248225__gcn0046959__0047066__person_____L2____.png,8,240,6
0208__10_00_02__i0251140__gcn0048376__0048376__person__P2_______.png,195,250,7
0208__10_07_00__i0255324__gcn0051024__0051024__person__P2_______.png,7,207,0
0208__10_07_02__i0255346__gcn0051024__0051024__person__P2_______.png,118,158,0
0208__10_07_10__i0255427__gcn0051060__0051207__person_____L1____.png,227,122,6
0208__10_07_43__i0255760__gcn0051494__0051498__person___________.png,184,16,7
0208__10_07_44__i0255761__gcn0051494__0051494__person___________.png,184,16,7
0208__10_07_44__i0255762__gcn0051494__0051500__person_____L1____.png,184,16,7
0208__10_14_37__i0259898__gcn0053361__0053405__person__P2_______.png,120,199,6
0208__10_18_08__i0261983__gcn0054563__0054563__multy___________.png,37,165,6
0208__10_21_25__i0263973__gcn0055427__0055550__person___________.png,214,120,6
0208__10_26_18__i0266909__gcn0056524__0056742__person___________.png,188,108,3
0208__10_32_27__i0270601__gcn0057849__0057958__person___________.png,40,152,6
0208__10_32_28__i0270606__gcn0057849__0057849__person_____L2____.png,21,164,4
0208__10_32_39__i0270722__gcn0057849__0058080__person___________.png,221,104,4
0208__10_33_06__i0270987__gcn0058246__0058246__multy_____L2____.png,237,91,6
0208__10_33_18__i0271097__gcn0058402__0058452__person___________.png,200,96,6
0208__10_40_55__i0275684__gcn0060116__0060116__person_____L2____.png,165,47,6
0208__10_45_27__i0278398__gcn0061691__0061691__person__P2_______.png,132,198,6
0208__10_46_31__i0279027__gcn0061997__0061999__person__P2_______.png,89,173,7
0208__10_46_34__i0279054__gcn0062043__0062043__person__P2_______.png,94,156,6
0208__10_46_35__i0279060__gcn0062009__0062021__person_____L2____.png,72,141,6
0208__10_52_11__i0282439__gcn0064278__0064307__person___________.png,193,118,6
0208__10_52_24__i0282573__gcn0064437__0064437__multy_____L2____.png,196,116,6
0208__11_00_03__i0287117__gcn0065839__0066197__person__P2_______.png,88,171,7
0208__11_00_56__i0287654__gcn0066764__0066764__person__P1_L1____.png,32,68,7
0208__11_11_03__i0293757__gcn0072819__0072819__multy_____L2____.png,222,136,6
0208__11_11_17__i0293884__gcn0073075__0073075__multy_____L2____.png,163,96,6
0208__11_13_01__i0294925__gcn0073778__0073811__person___________.png,205,190,3
0208__11_13_03__i0294942__gcn0073778__0073831__person__P1_L1____.png,126,161,3
0208__11_13_06__i0294964__gcn0073772__0073772__person_____L2____.png,32,136,6
0208__11_32_09__i0306418__gcn0080193__0080193__person_____L2____.png,72,228,3
0208__11_32_10__i0306425__gcn0080193__0080197__person_____L2____.png,244,195,3
0208__11_32_15__i0306472__gcn0080193__0080307__person_____L2____.png,252,136,3
0208__11_41_16__i0311896__gcn0083673__0083673__person_____L2____.png,197,210,2
0208__11_41_20__i0311923__gcn0083674__0083687__person__P2_______.png,154,211,2
0208__11_41_21__i0311928__gcn0083674__0083687__person__P2_______.png,148,196,2
0208__11_43_42__i0313342__gcn0084749__0084936__person_____L2____.png,37,155,3
0208__11_44_31__i0313787__gcn0085888__0085890__person_____L1____.png,37,169,3
0208__11_46_31__i0315048__gcn0086226__0086325__person__P2_______.png,25,149,3
0208__11_46_35__i0315083__gcn0086209__0086351__person__P2_______.png,211,248,0
0208__11_46_36__i0315092__gcn0086209__0086351__person__P2_______.png,4,6,0
0208__11_47_56__i0315892__gcn0086621__0086659__person__P2_______.png,62,165,6
0208__11_56_20__i0320931__gcn0088120__0088219__person__P1_L1____.png,21,139,6
0208__11_58_14__i0322069__gcn0089264__0089264__person_____L2____.png,220,151,3
0208__11_58_14__i0322078__gcn0089264__0089264__person__P2_______.png,150,217,3
0208__11_58_15__i0322081__gcn0089264__0089264__person__P2_______.png,153,185,3
0208__11_58_16__i0322092__gcn0089264__0089264__person__P2_______.png,81,170,3
0208__11_58_20__i0322121__gcn0089264__0089407__person_____L1____.png,227,111,3
0208__11_58_20__i0322122__gcn0089264__0089410__person___________.png,238,112,3
0208__11_58_20__i0322124__gcn0089264__0089417__person___________.png,212,112,3
0208__11_58_20__i0322126__gcn0089264__0089417__person___________.png,206,110,3
0208__12_05_16__i0326291__gcn0090204__0090204__person__P2_______.png,202,253,3
0208__12_05_17__i0326304__gcn0090204__0090204__person__P2_______.png,120,251,3
0208__12_05_18__i0326316__gcn0090204__0090204__person__P2_______.png,85,185,3
0208__12_05_19__i0326321__gcn0090204__0090204__person__P2_______.png,64,173,3
0208__12_05_19__i0326325__gcn0090184__0090302__person___________.png,8,140,6
0208__12_05_47__i0326609__gcn0090184__0090635__person___________.png,192,108,1
0208__12_05_51__i0326649__gcn0090669__0090675__person___________.png,76,148,6
0208__12_05_53__i0326661__gcn0090669__0090697__person___________.png,76,148,6
0208__12_05_53__i0326664__gcn0090700__0090700__person_____L2____.png,25,70,3
0208__12_05_58__i0326694__gcn0090669__0090789__person_____L1____.png,76,148,6
0208__12_06_33__i0327062__gcn0091323__0091326__person_____L2____.png,64,166,6
0208__12_07_42__i0327761__gcn0091876__0091878__person_____L1____.png,160,48,3
0208__12_07_44__i0327778__gcn0091879__0091879__person__P2_______.png,171,251,3
0208__12_07_45__i0327792__gcn0091879__0091879__person__P1_L2____.png,149,240,3
0208__12_07_45__i0327794__gcn0091879__0091879__person_____L1____.png,164,232,3
0208__12_07_46__i0327796__gcn0091879__0091913__person_____L2____.png,84,210,3
0208__12_07_46__i0327801__gcn0091917__0091917__multy___________.png,65,224,3
0208__12_07_46__i0327802__gcn0091879__0091920__person___________.png,52,188,3
0208__12_07_58__i0327920__gcn0091921__0091923__person__P2_______.png,62,145,6
0208__12_08_00__i0327940__gcn0091951__0091955__person_____L2____.png,39,67,3
0208__12_08_01__i0327944__gcn0091960__0091960__multy_____L2____.png,57,80,3
0208__12_08_34__i0328282__gcn0092019__0092019__person__P1_L1____.png,73,162,6
0208__12_09_11__i0328646__gcn0092068__0092070__person_____L2____.png,168,0,3
0208__12_09_14__i0328677__gcn0092068__0092072__person__P2_______.png,84,191,3
0208__12_09_14__i0328680__gcn0092068__0092072__person_____L2____.png,84,188,3
0208__12_09_52__i0329054__gcn0092163__0092163__person_____L2____.png,37,38,3
0208__12_09_53__i0329072__gcn0092163__0092163__person__P1_L1____.png,154,25,3
0208__12_09_54__i0329078__gcn0092163__0092163__person__P1_L1____.png,142,21,3
0208__12_11_31__i0330044__gcn0092519__0092519__person___________.png,204,252,3
0208__12_11_31__i0330048__gcn0092531__0092531__person_____L2____.png,91,25,3
0208__12_11_31__i0330050__gcn0092519__0092536__person___________.png,200,28,3
0208__12_11_32__i0330052__gcn0092519__0092540__person_____L1____.png,200,28,3
0208__12_11_32__i0330053__gcn0092531__0092531__person__P2_______.png,252,237,3
0208__12_11_32__i0330058__gcn0092531__0092531__person__P2_L1____.png,226,5,3
0208__12_11_33__i0330062__gcn0092531__0092557__person_____L2____.png,220,200,3
0208__12_11_33__i0330071__gcn0092531__0092557__person__P2_______.png,153,199,3
0208__12_11_34__i0330081__gcn0092519__0092590__person_____L2____.png,59,166,3
0208__12_11_35__i0330086__gcn0092531__0092557__person__P2_______.png,83,159,3
0208__12_11_35__i0330090__gcn0092519__0092608__person_____L1____.png,48,172,3
0208__12_11_36__i0330096__gcn0092531__0092557__person_____L2____.png,51,176,3
0208__12_11_36__i0330101__gcn0092531__0092557__person_____L1____.png,48,192,3
0208__12_11_51__i0330249__gcn0092625__0092627__person___________.png,192,112,6
0208__12_13_00__i0330932__gcn0092766__0092846__person_____L1____.png,183,116,8
0208__12_13_04__i0330974__gcn0092766__0092846__person__P2_L1____.png,247,136,8
0208__12_13_05__i0330980__gcn0092766__0092846__person_____L2____.png,19,150,8
0208__12_13_05__i0330983__gcn0092796__0092942__person_____L2____.png,47,141,7
0208__12_13_07__i0331000__gcn0092796__0092942__person__P2_______.png,125,202,7
0208__12_13_07__i0331002__gcn0092766__0092846__person__P2_______.png,119,175,3
0208__12_13_07__i0331003__gcn0092988__0092988__multy_____L2____.png,128,200,8
0208__12_13_08__i0331011__gcn0092796__0092942__person__P2_______.png,208,187,7
0208__12_13_08__i0331015__gcn0092766__0092846__person__P1_L1____.png,198,174,8
0208__12_13_08__i0331017__gcn0092796__0092942__person___________.png,10,2,7
0208__12_13_08__i0331018__gcn0092796__0093015__person___________.png,8,0,7
0208__12_21_06__i0335801__gcn0093310__0093421__person__P2_L1____.png,233,215,6
0208__12_22_44__i0336775__gcn0093718__0093718__person__P2_______.png,243,132,6
0208__12_24_41__i0337951__gcn0093860__0093862__person_____L2____.png,11,141,6
0208__12_24_43__i0337972__gcn0093964__0093964__multy_____L2____.png,112,164,6
0208__12_30_46__i0341600__gcn0094174__0094174__person_____L2____.png,133,89,6
0208__12_30_57__i0341710__gcn0094174__0094204__person__P2_______.png,10,128,6
0208__12_31_00__i0341736__gcn0094174__0094204__person__P2_______.png,65,159,6
0208__12_32_02__i0342362__gcn0094483__0094484__person__P2_______.png,114,176,6
0208__12_32_32__i0342655__gcn0094594__0094595__person_____L1____.png,45,160,6
0208__12_33_33__i0343275__gcn0094718__0094733__person_____L1____.png,168,84,6
0208__12_36_41__i0345149__gcn0096311__0096311__person__P2_L1____.png,252,217,2
0208__12_36_42__i0345159__gcn0096311__0096311__person_____L2____.png,136,201,2
0208__12_36_44__i0345180__gcn0096311__0096311__person__P2_L2____.png,22,143,3
0208__12_36_45__i0345192__gcn0096311__0096311__person__P2_L1____.png,251,135,3
0208__12_36_46__i0345198__gcn0096311__0096370__person___________.png,224,128,3
0208__12_36_46__i0345199__gcn0096311__0096371__person___________.png,224,128,3
0208__12_37_02__i0345360__gcn0096427__0096431__person__P2_L2____.png,236,128,6
0208__12_37_25__i0345593__gcn0096614__0096614__person__P2_______.png,137,200,6
0208__12_37_27__i0345611__gcn0096666__0096666__multy___________.png,119,186,6
0208__12_37_34__i0345676__gcn0096614__0096675__person__P2_______.png,209,135,6
0208__12_37_37__i0345706__gcn0096614__0096675__person__P2_______.png,176,112,6
0208__12_37_38__i0345717__gcn0096635__0096881__person___________.png,164,108,6
0208__12_38_59__i0346528__gcn0097065__0097065__person__P1_L1____.png,85,148,2
0208__12_39_00__i0346538__gcn0097065__0097065__person_____L2____.png,50,151,2
0208__12_39_01__i0346550__gcn0097065__0097065__person__P1_L1____.png,19,139,2
0208__12_39_03__i0346565__gcn0097036__0097036__person__P2_______.png,207,117,6
0208__12_40_06__i0347195__gcn0097550__0097649__person__P2_______.png,49,131,6
0208__12_40_06__i0347198__gcn0097550__0097738__person_____L2____.png,7,115,6
0208__12_40_38__i0347519__gcn0097952__0097956__person___________.png,156,88,6
0208__12_41_17__i0347912__gcn0097976__0097992__person__P2_L2____.png,38,149,6
0208__12_41_20__i0347939__gcn0097976__0097992__person__P2_______.png,207,182,6
0208__12_43_14__i0349083__gcn0098304__0098304__person_____L2____.png,10,122,6
0208__12_43_15__i0349094__gcn0098304__0098368__person_____L1____.png,228,132,6
0208__12_43_47__i0349414__gcn0098767__0098767__multy_____L2____.png,96,241,6
0208__12_44_43__i0349969__gcn0098778__0098778__person_____L2____.png,187,106,6
0208__12_47_41__i0351754__gcn0099548__0099740__person_____L2____.png,248,118,2
0208__12_47_44__i0351776__gcn0099548__0099742__person__P1_L1____.png,54,152,2
0208__12_47_45__i0351786__gcn0099548__0099742__person__P2_______.png,111,158,7
0208__12_49_42__i0352961__gcn0100129__0100250__person___________.png,196,108,6
0208__12_50_08__i0353222__gcn0100771__0100771__person_____L2____.png,90,27,3
0208__12_50_08__i0353225__gcn0100771__0100771__person_____L1____.png,88,24,3
0208__12_50_10__i0353237__gcn0100771__0100785__person_____L1____.png,65,4,3
0208__12_50_10__i0353238__gcn0100771__0100792__person_____L2____.png,31,13,3
0208__12_50_28__i0353426__gcn0100835__0100835__person_____L2____.png,56,184,6
0208__12_51_46__i0354200__gcn0100891__0100961__person_____L1____.png,42,150,6
0208__12_51_52__i0354258__gcn0100891__0101052__person__P2_______.png,189,97,6
0208__12_53_07__i0355011__gcn0101552__0101556__person_____L2____.png,112,232,3
0208__12_56_21__i0356950__gcn0102320__0102323__person_____L2____.png,108,44,3
0208__13_04_25__i0361684__gcn0103492__0104295__person_____L2____.png,136,180,4
0208__13_04_53__i0361895__gcn0103673__0104889__person_____L1____.png,185,190,6
0208__13_05_46__i0362213__gcn0106277__0106277__person_____L2____.png,152,216,3
0208__13_05_50__i0362244__gcn0106277__0106379__person_____L2____.png,79,205,3
0208__13_05_51__i0362246__gcn0106277__0106386__person___________.png,96,212,3
0209_08_23_10_i12583895_id443740_tcn-443740_cn1581236606302954000_thr821.Out_.jpg,92,11,6
0209_09_06_21_i12605340_id444024_tcn-444024_cn1581239211787670000_thr997.Sgl_different_place.jpg,226,150,6
0209_11_27_01_i12672792_id445360_tcn-445360_cn1581247645448592000_thr924.Sg_bord_.jpg,211,203,6
0209_11_42_05_i12677896_id445888_tcn-445888_cn1581248565542462000_thr992._.jpg,132,24,6
0209_11_47_16_i12679412_id446019_tcn-446019_cn1581248875510324000_thr996.Sg_bord_different_place.jpg,35,104,6
0209_14_39_58_i12771074_id447022_tcn-447022_cn1581259241023378000_thr997.Sg_bord_different_place.jpg,141,74,6
0209_16_51_20_i12829195_id448745_tcn-448745_cn1581267126661059000_thr898.Sgl_looks_different.jpg,146,169,6
0209__07_13_47__i0151813__gcn0000447__0000447__person__P2_L1____.png,135,194,0
0209__07_25_32__i0158875__gcn0001421__0001421__person__P2_______.png,45,148,3
0209__07_34_47__i0164425__gcn0001513__0001513__person_____L2____.png,227,62,0
0209__08_05_36__i0182912__gcn0004390__0004409__person_____L2____.png,177,236,4
0209__08_36_21__i0201367__gcn0013616__0013708__person__P2_______.png,27,151,7
0209__08_36_22__i0201383__gcn0013616__0013708__person__P2_______.png,59,173,7
0209__08_47_49__i0208250__gcn0016729__0016921__person__P2_______.png,68,164,2
0209__08_47_53__i0208283__gcn0017000__0017007__person___________.png,54,36,2
0209__08_48_00__i0208356__gcn0016910__0016926__person___________.png,92,192,7
0209__08_48_00__i0208361__gcn0016910__0017180__person___________.png,120,216,7
0209__08_49_09__i0209056__gcn0016729__0018061__person___________.png,28,214,2
0209__08_49_48__i0209411__gcn0016910__0018775__person___________.png,204,188,7
0209__08_49_51__i0209427__gcn0018273__0018834__person___________.png,200,164,2
0209__08_49_58__i0209484__gcn0016910__0018919__person__P2_______.png,221,208,7
0209__08_49_59__i0209498__gcn0017000__0018938__person__P2_______.png,62,38,2
0209__09_07_26__i0220019__gcn0021897__0021897__person_____L2____.png,208,203,4
0209__09_07_28__i0220042__gcn0021897__0021897__person__P2_______.png,91,225,4
0209__09_07_29__i0220053__gcn0021897__0021897__person__P2_______.png,46,189,4
0209__09_07_32__i0220079__gcn0021897__0021897__person_____L2____.png,234,142,4
0209__09_07_37__i0220130__gcn0021897__0022055__person___________.png,236,136,6
0209__09_14_50__i0224460__gcn0023672__0023926__person__P2_______.png,193,173,2
0209__09_15_38__i0224939__gcn0024172__0024172__person__P2_______.png,241,173,2
0209__09_38_07__i0238438__gcn0027556__0027690__person___________.png,120,200,6
0209__09_38_31__i0238677__gcn0027932__0027932__person__P2_______.png,43,233,3
0209__09_38_33__i0238697__gcn0027932__0027932__person__P2_______.png,186,196,3
0209__10_01_23__i0252400__gcn0035726__0035726__person__P2_______.png,43,144,0
0209__10_16_11__i0261284__gcn0038081__0038100__person__P2_______.png,17,154,4
0209__10_16_13__i0261304__gcn0038081__0038100__person__P2_______.png,84,162,4
0209__10_16_17__i0261339__gcn0038081__0038100__person__P2_______.png,0,248,4
0209__10_19_48__i0263449__gcn0038611__0038658__person_____L1____.png,162,165,4
0209__10_25_08__i0266637__gcn0041406__0041568__person___________.png,28,20,7
0209__10_46_28__i0279457__gcn0049692__0049748__person__P1_L1____.png,14,130,3
0209__10_46_29__i0279461__gcn0049692__0049748__person_____L2____.png,5,132,3
0209__10_46_29__i0279467__gcn0049692__0049748__person__P1_L1____.png,17,144,3
0209__10_50_42__i0281997__gcn0050611__0050616__person___________.png,241,119,4
0209__11_10_21__i0293779__gcn0052382__0052455__person__P1_L1____.png,235,132,3
0209__11_10_27__i0293839__gcn0052401__0052604__person__P2_______.png,133,199,0
0209__11_10_28__i0293844__gcn0052401__0052604__person__P2_______.png,161,204,0
0209__11_10_28__i0293849__gcn0052401__0052604__person__P2_L1____.png,192,216,3
0209__11_26_34__i0303519__gcn0053832__0054010__person__P2_______.png,176,202,1
0209__11_38_00__i0310376__gcn0055839__0055841__person___________.png,86,22,2
0209__11_38_00__i0310378__gcn0055839__0055845__person___________.png,81,63,2
0209__11_38_31__i0310684__gcn0055852__0056251__person__P2_______.png,14,231,7
0209__11_46_06__i0315241__gcn0058053__0058053__person__P2_______.png,170,207,3
0209__11_54_59__i0320565__gcn0060222__0060240__person__P2_L1____.png,93,164,1
0209__11_55_01__i0320588__gcn0060222__0060240__person__P2_______.png,184,207,1
0209__11_55_01__i0320589__gcn0060222__0060240__person_____L2____.png,179,227,1
0209__11_55_02__i0320602__gcn0060222__0060240__person__P1_L2____.png,11,211,1
0209__12_09_50__i0329482__gcn0061238__0061238__person__P2_______.png,180,188,4
0209__12_11_36__i0330539__gcn0061493__0061493__person__P2_______.png,237,240,4
0209__12_17_08__i0333857__gcn0064593__0064593__person__P2_______.png,179,207,7
0209__12_25_45__i0339035__gcn0065601__0065603__person__P2_______.png,193,247,2
0209__12_44_01__i0349869__gcn0067860__0067860__person_____L2____.png,236,212,7
0209__13_00_20__i0359313__gcn0069985__0069985__person__P2_L1____.png,253,202,3
0209__13_15_49__i0368608__gcn0070676__0070706__person_____L1____.png,0,135,6
0209__13_29_23__i0376747__gcn0071996__0072034__person_____L2____.png,18,38,4
0209__13_29_25__i0376764__gcn0071996__0072051__person_____L1____.png,2,86,4
0209__13_48_25__i0388175__gcn0072878__0072970__person___________.png,40,172,6
0209__14_24_31__i0409836__gcn0073595__0073595__person__P2_______.png,110,164,7
0209__14_24_34__i0409863__gcn0073595__0073595__person__P1_L1____.png,4,123,7
0209__14_26_18__i0410902__gcn0073771__0073771__person__P2_______.png,196,179,7
0209__14_26_19__i0410914__gcn0073771__0073771__person_____L2____.png,118,196,7
0209__14_26_21__i0410924__gcn0073771__0073771__person__P1_L2____.png,65,160,7
0209__14_57_58__i0429902__gcn0075108__0075109__person___________.png,238,130,3
0209__15_01_53__i0432253__gcn0075470__0075470__person_____L2____.png,211,248,2
0209__15_13_08__i0439003__gcn0075910__0075910__person_____L2____.png,147,161,3
0209__15_32_23__i0450562__gcn0076844__0076844__person__P1_L1____.png,6,125,5
0209__16_15_28__i0476408__gcn0081019__0081019__person_____L2____.png,255,203,7
0209__16_37_25__i0489567__gcn0091528__0091528__person__P2_______.png,86,172,2
0209__17_02_56__i0504894__gcn0102840__0102859__person__P2_______.png,27,226,3
0209__17_02_57__i0504898__gcn0102857__0103067__person___________.png,245,184,3
0209__17_03_26__i0505159__gcn0103501__0103537__person__P2_______.png,8,209,0
0209__17_03_36__i0505238__gcn0103654__0103908__person__P2_______.png,212,197,3
0209__17_03_44__i0505296__gcn0104059__0104144__person__P2_______.png,70,153,3
0209__17_03_49__i0505327__gcn0104059__0104144__person__P2_______.png,193,228,3
0209__17_04_03__i0505412__gcn0104124__0104322__person__P1_L2____.png,191,163,0
0209__17_04_03__i0505414__gcn0104404__0105001__person_____L2____.png,227,200,6
0209__17_04_11__i0505450__gcn0104404__0105108__person___________.png,185,180,0
0209__17_04_12__i0505457__gcn0104124__0105248__person___________.png,236,175,0
0209__17_04_13__i0505458__gcn0104124__0105254__person___________.png,204,194,0
0209__17_04_14__i0505465__gcn0104404__0105108__person___________.png,196,177,3
0209__17_04_17__i0505480__gcn0104404__0105108__person__P1_L1____.png,177,162,0
0209__17_04_19__i0505485__gcn0104423__0105419__person___________.png,7,173,3
0209__17_04_19__i0505487__gcn0104404__0105108__person_____L2____.png,184,169,0
0209__17_04_22__i0505493__gcn0104327__0105457__person__P2_L2____.png,178,151,3
0209__17_04_34__i0505519__gcn0104404__0105604__person__P2_______.png,204,168,0
0209__17_04_35__i0505526__gcn0105097__0105645__person___________.png,136,240,3
0209__17_04_36__i0505530__gcn0105097__0105666__person___________.png,136,240,3
0209__17_04_41__i0505557__gcn0104470__0105787__person_____L1____.png,151,169,3
0209__17_04_42__i0505558__gcn0104470__0105791__person___________.png,163,174,3
0209__17_04_42__i0505559__gcn0104470__0105797__person_____L2____.png,133,176,3
0209__17_04_51__i0505612__gcn0104059__0105890__person_____L1____.png,240,12,3
0209__17_04_51__i0505613__gcn0104059__0105990__person_____L1____.png,226,223,3
0209__17_04_55__i0505645__gcn0106008__0106044__person___________.png,109,249,6
0209__17_04_58__i0505669__gcn0106138__0106138__person_____L2____.png,241,125,6
0209__17_04_59__i0505677__gcn0106008__0106184__person___________.png,133,66,6
0209__17_05_00__i0505682__gcn0106138__0106138__person__P2_______.png,22,150,3
0209__17_05_01__i0505688__gcn0106138__0106138__person__P2_______.png,38,171,3
0209__17_05_02__i0505694__gcn0106138__0106138__person__P2_______.png,67,182,3
0209__17_05_04__i0505709__gcn0106138__0106138__person__P2_______.png,135,197,3
0209__17_05_05__i0505714__gcn0106138__0106327__person_____L2____.png,80,196,3
0210__07_31_50__i0162686__gcn0000624__0000624__person_____L2____.png,216,248,0
0210__07_34_10__i0164087__gcn0000702__0000703__person___________.png,43,255,3
0210__07_34_11__i0164099__gcn0000702__0000707__person__P1_L1____.png,196,190,3
0210__07_50_12__i0173715__gcn0000958__0000958__person_____L2____.png,224,167,6
0210__07_50_14__i0173730__gcn0000958__0000958__person__P2_______.png,144,206,3
0210__07_50_15__i0173736__gcn0000958__0000958__person__P2_L1____.png,149,172,3
0210__08_32_09__i0198885__gcn0002106__0002516__person__P2_______.png,81,188,7
0210__08_32_13__i0198922__gcn0002106__0002516__person__P2_______.png,206,52,7
0210__08_32_14__i0198931__gcn0002106__0002516__person_____L2____.png,16,20,7
0210__08_32_15__i0198940__gcn0002106__0002711__person_____L2____.png,160,208,7
0210__08_53_35__i0211742__gcn0004176__0004176__person_____L2____.png,206,167,6
0210__08_53_35__i0211748__gcn0004176__0004176__person_____L2____.png,140,212,0
0210__08_53_41__i0211805__gcn0004176__0004176__person__P2_______.png,239,113,0
0210__09_21_56__i0228755__gcn0005709__0005709__person__P2_______.png,175,183,0
0210__09_21_58__i0228780__gcn0005709__0005709__person__P2_______.png,73,173,0
0210__09_22_01__i0228814__gcn0005709__0005795__person___________.png,24,148,0
0210__09_22_12__i0228914__gcn0005814__0005814__person__P2_______.png,63,19,3
0210__09_45_38__i0242984__gcn0007513__0007568__person__P2_______.png,143,178,3
0210__10_21_43__i0264633__gcn0009793__0009835__person_____L2____.png,45,177,3
0210__10_40_33__i0275936__gcn0010928__0010928__person_____L2____.png,77,5,1
0210__10_40_33__i0275941__gcn0010928__0010928__person__P2_______.png,21,248,1
0210__10_40_36__i0275969__gcn0010928__0010928__person__P1_L1____.png,58,153,1
0210__11_04_19__i0290200__gcn0011944__0011944__person__P2_______.png,195,210,0
0210__11_40_19__i0311796__gcn0012412__0012412__person__P1_L2____.png,227,167,3
0210__11_40_28__i0311893__gcn0012392__0012410__person___________.png,63,152,4
0210__11_56_32__i0321524__gcn0013436__0013436__person_____L2____.png,202,252,0
0210__12_05_21__i0326823__gcn0014881__0014881__person_____L2____.png,254,208,7
0210__12_05_23__i0326842__gcn0014881__0014881__person__P2_L1____.png,214,8,7
0210__12_05_23__i0326848__gcn0014881__0014881__person__P2_______.png,187,1,7
0210__12_05_27__i0326880__gcn0014881__0014881__person_____L2____.png,92,167,7
0210__12_11_29__i0330508__gcn0014992__0014992__person__P2_______.png,240,240,3
0210__12_11_30__i0330517__gcn0014985__0015009__person__P1_L1____.png,144,196,3
0210__12_11_34__i0330554__gcn0014985__0015103__person_____L2____.png,252,112,6
0210__12_33_14__i0343554__gcn0015603__0015675__person___________.png,204,124,6
0210__12_53_02__i0355436__gcn0016289__0016403__person__P2_______.png,128,147,6
0210__13_11_18__i0366402__gcn0017888__0017888__person_____L2____.png,25,17,6
0210__13_28_45__i0376870__gcn0018957__0018957__person__P2_L1____.png,181,95,6
0210__13_50_04__i0389661__gcn0020391__0020391__person_____L2____.png,247,132,4
0210__13_50_06__i0389680__gcn0020391__0020448__person_____L2____.png,19,139,4
0210__13_50_06__i0389681__gcn0020391__0020449__person___________.png,34,149,4
0210__14_06_15__i0399372__gcn0020547__0020557__person__P2_______.png,221,129,3
0210__14_06_16__i0399388__gcn0020547__0020557__person__P2_______.png,9,119,3
0210__14_06_17__i0399392__gcn0020547__0020557__person_____L2____.png,0,128,3
0210__14_07_35__i0400171__gcn0020713__0020713__multy_____L2____.png,224,134,6
0210__14_07_40__i0400213__gcn0020722__0020829__person___________.png,232,116,6
0210__14_29_43__i0413456__gcn0021747__0021799__person_____L1____.png,0,116,6
0210__14_31_16__i0414362__gcn0022399__0022542__person__P1_L1____.png,208,110,3
0210__14_31_18__i0414390__gcn0022421__0022584__person__P2_______.png,245,120,3
0210__14_31_20__i0414409__gcn0022562__0022562__person__P2_______.png,235,120,3
0210__14_42_55__i0421382__gcn0023098__0023098__person_____L2____.png,5,127,0
0210__14_42_56__i0421386__gcn0023085__0023085__person__P1_L1____.png,236,126,6
0210__14_42_57__i0421399__gcn0023098__0023098__person__P2_L1____.png,251,147,3
0210__14_42_58__i0421406__gcn0023159__0023159__multy_____L2____.png,232,132,0
0210__14_42_58__i0421408__gcn0023098__0023098__person__P1_L1____.png,240,120,0
0210__14_42_58__i0421409__gcn0023098__0023164__person___________.png,240,120,0
0210__14_49_54__i0425556__gcn0023361__0023448__person___________.png,157,92,6
0210__14_50_04__i0425655__gcn0023717__0023717__person_____L2____.png,64,124,3
0210__16_20_53__i0479697__gcn0027468__0027535__person__P2_______.png,121,201,0
0210__16_20_53__i0479706__gcn0027468__0027535__person__P1_L1____.png,142,222,0
0210__16_25_10__i0482271__gcn0027655__0027687__person_____L2____.png,122,205,3
0210__16_25_11__i0482283__gcn0027655__0027687__person___________.png,219,6,3
0210__16_48_13__i0496099__gcn0029347__0029512__person___________.png,220,120,6
0210__16_48_19__i0496159__gcn0029356__0029550__person__P2_______.png,116,220,3
0210__16_48_19__i0496165__gcn0029356__0029550__person__P2_L1____.png,161,187,3
0210__16_51_38__i0498112__gcn0029917__0030136__person__P2_______.png,134,166,3
0210__16_51_43__i0498156__gcn0030066__0030537__person___________.png,187,195,0
0210__16_51_43__i0498157__gcn0030066__0030560__person_____L2____.png,184,192,0
0210__16_51_58__i0498349__gcn0030584__0030584__person__P1_L1____.png,31,240,0
0210__16_51_58__i0498353__gcn0030584__0030584__person__P2_______.png,83,8,0
0210__16_53_34__i0499318__gcn0030840__0030840__person_____L2____.png,34,129,3
0210__16_53_36__i0499331__gcn0030840__0030840__person__P2_______.png,80,144,3
0210__16_53_38__i0499350__gcn0030840__0030840__person__P2_______.png,140,163,3
0210__16_53_42__i0499392__gcn0030840__0030840__person_____L1____.png,121,30,3
0210__17_09_35__i0508927__gcn0032096__0032151__person__P1_L1____.png,229,123,3
0210__17_09_40__i0508979__gcn0032096__0032151__person__P2_______.png,66,160,3
0210__17_09_41__i0508985__gcn0032096__0032151__person__P2_______.png,100,197,3
0210__17_09_44__i0509010__gcn0032096__0032151__person___________.png,189,201,3
0210__17_09_44__i0509011__gcn0032096__0032340__person___________.png,192,212,3
0210__17_28_15__i0520124__gcn0033453__0033660__person__P2_______.png,105,182,3
0210__17_28_17__i0520149__gcn0033453__0033660__person__P1_L1____.png,236,200,3
0210__17_32_30__i0522682__gcn0034080__0034080__person__P1_L1____.png,4,10,3
0210__17_39_28__i0526858__gcn0034259__0034259__person__P2_______.png,7,225,1
0210__17_41_33__i0528111__gcn0034578__0034667__person__P2_______.png,205,210,3
0210__17_41_34__i0528116__gcn0034578__0034715__person_____L1____.png,239,252,3
0210__18_15_22__i0548404__gcn0035472__0035472__person__P1_L1____.png,238,222,4
0210__18_15_22__i0548406__gcn0035444__0035444__person__P2_______.png,224,200,4
0210__18_18_11__i0550091__gcn0035667__0035674__person__P2_L2____.png,60,17,4
0210__18_18_11__i0550094__gcn0035667__0035674__person__P1_L1____.png,44,35,4
0210__18_18_12__i0550103__gcn0035667__0035674__person___________.png,215,228,4
0210__18_18_14__i0550122__gcn0035667__0035702__person__P2_______.png,148,216,4
0210__20_34_52__i0632119__gcn0036155__0036155__person_____L2____.png,147,221,3
0210__20_34_53__i0632128__gcn0036155__0036155__person__P2_______.png,25,217,3
0211_11_27_05_i14006927_id494223_tcn-494223_cn1581420447600782000_thr976.In_.jpg,177,52,0
0211__07_17_22__i0153965__gcn0000529__0000529__multy_____L2____.png,145,205,3
0211__07_19_46__i0155415__gcn0000698__0000698__person__P2_______.png,38,218,3
0211__07_19_46__i0155415__gcn0000703__0000705__person___________.png,170,181,0
0211__07_19_47__i0155416__gcn0000703__0000707__person_____L2____.png,168,180,0
0211__07_19_47__i0155417__gcn0000699__0000709__person__P2_L1____.png,203,214,0
0211__07_19_48__i0155426__gcn0000703__0000711__person__P2_______.png,116,179,0
0211__07_22_31__i0157060__gcn0001226__0001226__person__P2_L1____.png,41,213,0
0211__07_22_31__i0157067__gcn0001226__0001226__person__P2_______.png,206,240,0
0211__07_22_36__i0157111__gcn0001286__0001295__person_____L1____.png,21,2,0
0211__07_22_37__i0157118__gcn0001286__0001286__person__P2_______.png,243,197,0
0211__07_31_03__i0162186__gcn0001596__0001596__person_____L2____.png,241,164,3
0211__07_31_04__i0162191__gcn0001596__0001596__person__P2_______.png,204,184,3
0211__07_31_05__i0162206__gcn0001596__0001596__person__P2_______.png,126,161,3
0211__07_31_07__i0162222__gcn0001631__0001633__person___________.png,172,40,0
0211__07_31_07__i0162223__gcn0001631__0001635__person_____L2____.png,163,118,0
0211__07_31_08__i0162227__gcn0001596__0001596__person__P1_L1____.png,56,144,3
0211__07_31_09__i0162240__gcn0001631__0001639__person__P1_L1____.png,21,5,0
0211__07_31_11__i0162251__gcn0001631__0001639__person__P2_______.png,220,199,0
0211__07_31_12__i0162257__gcn0001631__0001639__person__P1_L1____.png,200,184,0
0211__07_31_13__i0162264__gcn0001631__0001639__person__P1_L1____.png,126,160,0
0211__07_39_56__i0167511__gcn0001956__0001956__person_____L2____.png,53,221,0
0211__07_41_43__i0168584__gcn0002019__0002019__person__P2_______.png,85,177,0
0211__07_45_00__i0170553__gcn0002099__0002099__person_____L2____.png,208,214,3
0211__07_45_00__i0170554__gcn0002099__0002100__person_____L1____.png,210,223,3
0211__07_45_02__i0170572__gcn0002099__0002103__person__P2_L1____.png,94,204,3
0211__08_02_55__i0181309__gcn0002440__0002440__person__P2_______.png,106,170,3
0211__08_09_34__i0185300__gcn0003083__0003192__person___________.png,12,209,2
0211__08_09_34__i0185301__gcn0003083__0003503__person___________.png,12,208,2
0211__08_15_00__i0188540__gcn0003873__0004154__person__P2_L1____.png,147,194,6
0211__08_21_55__i0192711__gcn0005114__0005186__person__P2_______.png,130,159,6
0211__08_23_47__i0193808__gcn0005773__0005903__person_____L2____.png,91,163,6
0211__08_23_49__i0193827__gcn0005879__0005893__person__P2_L1____.png,47,142,2
0211__08_23_49__i0193828__gcn0005879__0005893__person_____L2____.png,18,149,2
0211__08_23_50__i0193838__gcn0005773__0005903__person__P2_______.png,181,185,7
0211__08_23_51__i0193844__gcn0005773__0005903__person__P2_L1____.png,204,174,4
0211__08_23_51__i0193845__gcn0005879__0005893__person__P2_______.png,107,192,2
0211__08_23_54__i0193871__gcn0005632__0005745__person__P2_______.png,99,246,7
0211__08_23_55__i0193886__gcn0005632__0005745__person_____L1____.png,76,240,7
0211__08_23_55__i0193889__gcn0005632__0006234__person_____L2____.png,76,240,7
0211__08_23_56__i0193894__gcn0005632__0006239__person___________.png,76,240,7
0211__08_23_56__i0193902__gcn0006246__0006246__person_____L2____.png,142,183,2
0211__08_23_57__i0193903__gcn0005632__0006241__person_____L1____.png,26,206,7
0211__08_23_57__i0193903__gcn0006246__0006248__person___________.png,158,179,2
0211__08_23_57__i0193904__gcn0006246__0006250__person_____L2____.png,156,176,2
0211__08_23_57__i0193905__gcn0005632__0006251__person_____L2____.png,57,193,7
0211__08_23_57__i0193912__gcn0006246__0006252__person_____L2____.png,211,179,2
0211__08_24_04__i0193987__gcn0006246__0006252__person___________.png,123,170,2
0211__08_24_09__i0194044__gcn0006455__0006461__person___________.png,183,173,7
0211__08_24_15__i0194106__gcn0006550__0006566__person___________.png,40,146,7
0211__08_24_15__i0194108__gcn0006550__0006570__person___________.png,40,144,7
0211__08_24_16__i0194122__gcn0006592__0006592__person_____L2____.png,222,49,0
0211__08_24_41__i0194364__gcn0006550__0007009__person_____L2____.png,20,121,7
0211__08_24_41__i0194368__gcn0006550__0007019__person_____L1____.png,20,120,7
0211__08_24_44__i0194390__gcn0006258__0007077__person___________.png,248,128,4
0211__08_25_11__i0194651__gcn0006550__0007858__person___________.png,27,118,6
0211__08_25_12__i0194662__gcn0006550__0007891__person___________.png,44,120,6
0211__08_25_16__i0194692__gcn0006246__0007159__person___________.png,84,131,2
0211__08_25_20__i0194737__gcn0006246__0007159__person___________.png,87,144,2
0211__08_25_53__i0195076__gcn0006246__0007159__person_____L2____.png,77,160,2
0211__08_25_53__i0195080__gcn0008856__0008856__person_____L2____.png,25,156,2
0211__08_25_54__i0195081__gcn0008856__0008856__person_____L1____.png,40,169,2
0211__08_25_56__i0195105__gcn0006950__0008914__multy___________.png,129,151,2
0211__08_25_56__i0195108__gcn0006550__0008916__person_____L2____.png,98,190,7
0211__08_25_56__i0195109__gcn0006258__0008920__person___________.png,129,166,2
0211__08_25_56__i0195110__gcn0006258__0008929__person___________.png,109,168,2
0211__08_25_57__i0195120__gcn0006550__0008945__person__P1_L1____.png,135,185,7
0211__08_25_58__i0195121__gcn0006550__0008947__person___________.png,154,181,7
0211__08_25_58__i0195123__gcn0006550__0008949__person___________.png,22,174,7
0211__08_25_58__i0195126__gcn0006550__0008916__person___________.png,236,177,7
0211__08_35_22__i0200774__gcn0010704__0010704__person__P2_L1____.png,245,194,3
0211__08_38_24__i0202575__gcn0012097__0012097__person__P2_L1____.png,114,148,6
0211__08_45_25__i0206809__gcn0014710__0014732__person___________.png,236,128,7
0211__08_45_26__i0206817__gcn0014710__0014743__person___________.png,239,125,7
0211__08_45_26__i0206822__gcn0014710__0014756__person___________.png,238,129,7
0211__08_45_26__i0206823__gcn0014710__0014758__person_____L2____.png,234,122,7
0211__08_45_27__i0206829__gcn0014761__0014761__person__P1_L1____.png,191,15,0
0211__08_45_27__i0206834__gcn0014761__0014761__person__P2_L1____.png,36,35,0
0211__08_45_28__i0206845__gcn0014761__0014761__person__P2_______.png,248,12,0
0211__08_45_30__i0206862__gcn0014761__0014761__person__P2_______.png,126,171,0
0211__08_45_31__i0206875__gcn0014761__0014761__person__P2_______.png,92,149,0
0211__08_45_32__i0206882__gcn0014761__0014761__person__P2_______.png,79,132,0
0211__08_45_47__i0207020__gcn0014937__0014988__person__P2_L1____.png,44,149,2
0211__08_45_50__i0207044__gcn0015262__0015310__person_____L2____.png,46,119,6
0211__08_45_51__i0207049__gcn0014937__0014988__person__P1_L1____.png,173,195,2
0211__08_45_51__i0207054__gcn0014937__0014988__person__P2_______.png,175,199,2
0211__08_45_53__i0207067__gcn0014937__0014988__person__P2_L1____.png,219,238,2
0211__08_45_53__i0207073__gcn0014937__0014988__person__P2_L1____.png,55,253,2
0211__08_45_54__i0207080__gcn0014937__0015409__person_____L2____.png,60,232,2
0211__08_47_20__i0207951__gcn0015633__0015753__person__P1_L2____.png,178,193,4
0211__08_47_20__i0207955__gcn0015633__0015753__person_____L2____.png,241,10,4
0211__08_47_23__i0207985__gcn0015633__0015753__person___________.png,189,208,4
0211__08_49_43__i0209394__gcn0016175__0016175__person__P2_L1____.png,0,200,3
0211__08_49_44__i0209397__gcn0016175__0016175__person__P2_______.png,235,213,3
0211__08_49_44__i0209405__gcn0016175__0016175__person__P2_______.png,203,175,3
0211__08_50_39__i0209955__gcn0016570__0016888__person___________.png,12,136,6
0211__08_52_31__i0211070__gcn0017896__0017896__person_____L2____.png,181,228,2
0211__08_52_31__i0211074__gcn0017896__0017896__person__P1_L1____.png,167,180,2
0211__08_52_32__i0211078__gcn0017896__0017896__person__P2_______.png,143,173,0
0211__08_53_29__i0211650__gcn0018354__0018354__person__P1_L2____.png,116,210,4
0211__08_53_35__i0211708__gcn0018441__0018441__person__P2_______.png,21,227,0
0211__08_53_35__i0211714__gcn0018441__0018441__person_____L2____.png,104,43,0
0211__08_53_36__i0211717__gcn0018441__0018441__person_____L1____.png,80,43,0
0211__08_53_36__i0211721__gcn0018441__0018715__person_____L1____.png,168,120,0
0211__08_54_16__i0212121__gcn0018774__0018774__person__P2_______.png,160,159,3
0211__08_54_17__i0212131__gcn0018774__0018774__person__P1_L1____.png,123,183,3
0211__08_54_18__i0212135__gcn0018774__0018774__person__P2_______.png,109,155,3
0211__08_54_18__i0212139__gcn0018774__0018774__person__P2_______.png,87,149,3
0211__08_54_18__i0212140__gcn0018770__0018770__person__P2_______.png,124,169,3
0211__08_54_18__i0212143__gcn0018774__0018774__person__P2_______.png,68,146,3
0211__08_54_19__i0212148__gcn0018774__0018774__person__P2_______.png,68,141,3
0211__08_54_19__i0212151__gcn0018770__0018770__person_____L2____.png,95,156,3
0211__08_58_49__i0214854__gcn0019463__0019463__person_____L2____.png,197,180,3
0211__08_58_50__i0214862__gcn0019463__0019463__person__P2_______.png,157,191,3
0211__09_03_55__i0217914__gcn0020709__0020709__person__P2_L1____.png,125,235,1
0211__09_06_23__i0219397__gcn0021482__0021548__person_____L2____.png,112,192,6
0211__09_06_49__i0219646__gcn0021922__0022073__person__P2_______.png,14,125,4
0211__09_06_49__i0219647__gcn0021922__0022073__person_____L2____.png,36,135,4
0211__09_06_52__i0219677__gcn0021922__0022073__person__P2_______.png,24,128,4
0211__09_06_55__i0219706__gcn0021922__0022073__person__P2_______.png,58,173,4
0211__09_07_10__i0219867__gcn0021922__0022667__person__P2_L2____.png,73,168,4
0211__09_07_11__i0219872__gcn0021922__0022677__person___________.png,61,157,0
0211__09_07_18__i0219948__gcn0022713__0022713__person___________.png,52,132,4
0211__09_07_19__i0219952__gcn0022713__0022722__person___________.png,76,147,4
0211__09_08_18__i0220546__gcn0022942__0022942__person___________.png,56,164,4
0211__09_08_24__i0220603__gcn0022942__0022942__person__P2_______.png,52,139,4
0211__09_08_50__i0220860__gcn0022942__0022942__person__P2_______.png,104,165,4
0211__09_08_54__i0220905__gcn0022942__0023569__person___________.png,143,178,0
0211__09_08_58__i0220936__gcn0022942__0023660__person_____L2____.png,140,171,4
0211__09_12_21__i0222971__gcn0025278__0025278__person__P2_______.png,111,224,3
0211__09_12_23__i0222989__gcn0025278__0025278__person__P2_______.png,212,216,3
0211__09_15_02__i0224584__gcn0026028__0026033__person_____L1____.png,19,135,4
0211__09_15_03__i0224595__gcn0026036__0026036__person_____L2____.png,18,130,3
0211__09_22_16__i0228924__gcn0029840__0029840__person_____L2____.png,34,180,0
0211__09_22_16__i0228925__gcn0029840__0029840__person_____L2____.png,81,233,0
0211__09_22_16__i0228926__gcn0029840__0029843__person___________.png,80,232,0
0211__09_22_17__i0228928__gcn0029840__0029846__person__P1_L2____.png,2,215,0
0211__09_22_17__i0228929__gcn0029840__0029847__person_____L1____.png,246,251,0
0211__09_22_47__i0229226__gcn0030323__0030363__person___________.png,188,180,6
0211__09_25_18__i0230737__gcn0031601__0033188__person___________.png,28,128,4
0211__09_26_07__i0231224__gcn0031601__0033981__person___________.png,68,156,4
0211__09_26_26__i0231418__gcn0031241__0034410__person_____L2____.png,38,155,4
0211__09_27_23__i0231966__gcn0031601__0035310__person___________.png,247,135,4
0211__09_28_51__i0232866__gcn0036899__0036916__person_____L2____.png,177,30,0
0211__09_29_15__i0233114__gcn0034746__0037370__multy__P1_______.png,26,207,6
0211__09_29_16__i0233117__gcn0037382__0037400__person___________.png,16,227,7
0211__09_29_20__i0233165__gcn0037382__0037405__person___________.png,110,157,1
0211__09_34_57__i0236533__gcn0040250__0040541__person_____L2____.png,137,174,2
0211__09_48_17__i0244535__gcn0043184__0043184__multy_____L2____.png,133,191,0
0211__09_48_38__i0244746__gcn0043218__0043221__person__P1_______.png,193,112,3
0211__09_48_39__i0244760__gcn0043240__0043248__person_____L2____.png,193,119,3
0211__09_49_14__i0245027__gcn0043384__0043736__person___________.png,152,7,3
0211__09_49_14__i0245028__gcn0043384__0044047__person_____L1____.png,185,52,3
0211__09_49_15__i0245031__gcn0043384__0044065__person_____L2____.png,174,89,3
0211__09_49_19__i0245055__gcn0043731__0044167__person___________.png,40,112,6
0211__09_51_09__i0246104__gcn0046336__0046851__person_____L2____.png,50,2,6
0211__09_51_09__i0246105__gcn0046336__0046855__person_____L1____.png,48,0,6
0211__09_51_10__i0246108__gcn0046861__0046864__person_____L2____.png,131,3,6
0211__09_52_14__i0246703__gcn0045698__0047934__person_____L2____.png,237,126,4
0211__09_52_38__i0246943__gcn0047988__0048235__person__P2_______.png,69,0,6
0211__09_53_13__i0247291__gcn0048754__0048777__person__P2_______.png,69,235,6
0211__09_53_15__i0247311__gcn0043716__0049201__person_____L2____.png,239,148,6
0211__09_53_48__i0247602__gcn0045698__0050016__person___________.png,236,120,4
0211__09_53_57__i0247678__gcn0049678__0049755__person__P1_______.png,124,8,6
0211__09_55_19__i0248282__gcn0051317__0051321__person___________.png,253,127,4
0211__09_55_35__i0248435__gcn0051490__0051500__person__P1_L2____.png,16,230,6
0211__09_55_50__i0248571__gcn0043384__0051910__person_____L2____.png,17,120,4
0211__09_56_18__i0248773__gcn0052494__0052497__person_____L2____.png,147,34,3
0211__09_56_24__i0248828__gcn0052494__0052497__person__P2_______.png,56,157,6
0211__09_57_17__i0249321__gcn0053639__0053659__person___________.png,184,96,1
0211__09_57_23__i0249393__gcn0053639__0053659__person__P2_______.png,100,143,1
0211__09_57_24__i0249396__gcn0053639__0053659__person_____L2____.png,105,151,1
0211__09_57_25__i0249404__gcn0053639__0053659__person__P2_______.png,132,161,1
0211__09_58_36__i0250014__gcn0055163__0055433__person_____L2____.png,247,124,1
0211__10_05_38__i0253881__gcn0061468__0061499__person__P1_L1____.png,9,128,3
0211__10_10_17__i0256762__gcn0062212__0063983__person_____L2____.png,12,151,4
0211__10_10_23__i0256818__gcn0064091__0064098__person_____L1____.png,58,1,6
0211__10_12_28__i0258078__gcn0066451__0066451__person__P2_L1____.png,235,170,1
0211__10_12_29__i0258082__gcn0066451__0066451__person__P2_______.png,165,197,1
0211__10_13_59__i0258895__gcn0064478__0068355__person_____L1____.png,210,166,7
0211__10_15_30__i0259869__gcn0069713__0069713__person_____L2____.png,132,105,6
0211__10_16_10__i0260284__gcn0070203__0070255__person__P2_______.png,129,172,6
0211__10_16_10__i0260288__gcn0070194__0070274__person__P1_L2____.png,148,141,6
0211__10_16_13__i0260306__gcn0070329__0070329__multy__P2_______.png,69,145,6
0211__10_16_18__i0260344__gcn0070203__0070255__person__P2_______.png,228,116,6
0211__10_18_25__i0261656__gcn0072034__0072416__person_____L2____.png,147,206,6
0211__10_19_40__i0262422__gcn0072604__0072846__person__P2_______.png,40,143,2
0211__10_23_26__i0264644__gcn0074199__0074225__person__P2_L2____.png,210,107,6
0211__10_23_27__i0264660__gcn0074199__0074199__person__P2_______.png,14,142,2
0211__10_23_30__i0264677__gcn0074199__0074199__person__P2_L1____.png,50,146,2
0211__10_23_31__i0264688__gcn0074199__0074199__person__P2_______.png,100,159,2
0211__10_23_32__i0264692__gcn0074199__0074199__person__P1_L1____.png,113,210,2
0211__10_23_33__i0264702__gcn0074051__0074161__person__P2_L2____.png,111,174,3
0211__10_23_33__i0264706__gcn0074051__0074161__person__P2_______.png,193,171,3
0211__10_23_35__i0264734__gcn0073635__0074490__person_____L1____.png,57,142,7
0211__10_23_37__i0264756__gcn0073635__0074521__person_____L2____.png,144,188,4
0211__10_23_38__i0264766__gcn0073635__0074540__person_____L2____.png,208,184,6
0211__10_24_55__i0265537__gcn0075545__0075674__multy__P2_______.png,24,135,3
0211__10_25_01__i0265590__gcn0075359__0075430__person__P2_L1____.png,66,241,3
0211__10_25_03__i0265601__gcn0075359__0075888__person_____L2____.png,164,48,3
0211__10_25_15__i0265732__gcn0075272__0076023__person___________.png,236,144,6
0211__10_27_21__i0267006__gcn0077089__0077173__person__P2_______.png,215,113,6
0211__10_30_35__i0268979__gcn0077561__0077561__person__P2_______.png,243,229,0
0211__10_30_47__i0269092__gcn0077561__0077688__person_____L1____.png,240,148,0
0211__10_35_12__i0271746__gcn0078293__0078296__person___________.png,156,100,6
0211__10_43_00__i0276430__gcn0078996__0079039__person__P2_L1____.png,189,185,7
0211__10_43_01__i0276434__gcn0078996__0079039__person__P1_L1____.png,176,176,7
0211__10_44_34__i0277367__gcn0079150__0079534__person___________.png,120,80,6
0211__11_03_45__i0288881__gcn0081040__0081049__person_____L2____.png,7,142,4
0211__11_03_46__i0288888__gcn0081040__0081049__person__P2_______.png,26,148,4
0211__11_03_47__i0288898__gcn0081040__0081049__person__P1_L1____.png,64,179,4
0211__11_03_50__i0288928__gcn0081040__0081049__person__P2_______.png,218,15,7
0211__11_05_12__i0289745__gcn0081209__0081282__person__P1_L1____.png,99,190,2
0211__11_05_12__i0289750__gcn0081209__0081282__person__P2_L1____.png,119,208,2
0211__11_05_12__i0289754__gcn0081209__0081282__person__P2_______.png,142,194,2
0211__11_05_14__i0289767__gcn0081209__0081282__person__P2_______.png,225,10,2
0211__11_05_14__i0289771__gcn0081209__0081353__person_____L2____.png,13,21,2
0211__11_05_14__i0289772__gcn0081209__0081354__person___________.png,15,7,2
0211__11_05_14__i0289773__gcn0081209__0081355__person_____L1____.png,29,245,2
0211__11_05_45__i0290079__gcn0081357__0081556__person_____L2____.png,143,87,6
0211__11_08_29__i0291723__gcn0081852__0081852__multy___________.png,120,170,6
0211__11_09_33__i0292361__gcn0082208__0082209__person__P2_L1____.png,54,41,0
0211__11_09_34__i0292371__gcn0082208__0082209__person__P2_______.png,245,229,0
0211__11_10_51__i0293143__gcn0082407__0082477__person__P1_L1____.png,141,232,7
0211__11_14_40__i0295436__gcn0083484__0083484__person_____L2____.png,204,230,2
0211__11_14_41__i0295440__gcn0083484__0083484__person_____L2____.png,172,204,2
0211__11_14_41__i0295444__gcn0083484__0083484__person__P2_______.png,134,199,2
0211__11_14_44__i0295466__gcn0083484__0083484__person__P2_______.png,71,170,2
0211__11_16_38__i0296613__gcn0083676__0083698__person__P2_______.png,3,132,6
0211__11_16_51__i0296735__gcn0083860__0083860__person__P1_L1____.png,17,152,3
0211__11_18_31__i0297736__gcn0084182__0084183__person__P2_______.png,232,119,6
0211__11_22_45__i0300284__gcn0085014__0085014__person__P2_______.png,41,234,3
0211__11_22_46__i0300289__gcn0085014__0085014__person__P2_______.png,1,220,3
0211__11_22_46__i0300294__gcn0085014__0085014__person__P2_L2____.png,206,183,3
0211__11_22_47__i0300298__gcn0085014__0085014__person__P1_L2____.png,172,204,3
0211__11_22_47__i0300306__gcn0085014__0085014__person__P2_______.png,137,165,3
0211__11_22_48__i0300311__gcn0085014__0085014__person__P2_______.png,98,170,3
0211__11_22_49__i0300316__gcn0085014__0085014__person__P2_______.png,107,159,3
0211__11_22_50__i0300328__gcn0085014__0085014__person__P2_______.png,40,141,3
0211__11_22_52__i0300350__gcn0085014__0085014__person__P2_L1____.png,219,118,3
0211__11_23_36__i0300795__gcn0085142__0085147__person___________.png,140,88,6
0211__11_24_45__i0301485__gcn0085278__0085284__person__P2_______.png,118,197,3
0211__11_24_46__i0301489__gcn0085278__0085284__person__P2_______.png,151,221,3
0211__11_25_29__i0301912__gcn0085484__0085529__multy__P2_______.png,242,241,6
0211__11_25_31__i0301931__gcn0085503__0085546__person__P2_L1____.png,103,198,6
0211__11_25_31__i0301937__gcn0085503__0085546__person__P2_______.png,90,195,0
0211__11_25_32__i0301943__gcn0085503__0085546__person__P1_L1____.png,61,179,0
0211__11_25_33__i0301957__gcn0085503__0085546__person__P2_______.png,28,146,3
0211__11_25_33__i0301961__gcn0085503__0085546__person_____L2____.png,28,156,0
0211__11_25_33__i0301962__gcn0085632__0085632__multy_____L2____.png,17,143,3
0211__11_26_34__i0302566__gcn0085819__0085819__person__P2_L1____.png,74,254,6
0211__11_26_35__i0302582__gcn0085824__0085824__person__P2_______.png,185,188,6
0211__11_26_37__i0302603__gcn0085819__0085819__person__P2_______.png,86,159,3
0211__11_30_27__i0304900__gcn0086242__0086244__person_____L2____.png,139,105,3
0211__11_30_28__i0304908__gcn0086242__0086247__person__P1_L1____.png,69,30,3
0211__11_30_28__i0304912__gcn0086242__0086256__person_____L1____.png,132,176,3
0211__11_30_28__i0304913__gcn0086242__0086257__person___________.png,132,176,3
0211__11_30_32__i0304952__gcn0086242__0086259__person__P1_L1____.png,105,168,3
0211__11_37_06__i0308886__gcn0088300__0088300__person__P2_______.png,121,164,4
0211__11_38_49__i0309919__gcn0089534__0089534__person__P2_L1____.png,89,250,2
0211__11_38_50__i0309926__gcn0089534__0089534__person__P2_______.png,25,49,2
0211__11_39_29__i0310324__gcn0090362__0090362__person__P2_L2____.png,87,28,7
0211__11_39_35__i0310378__gcn0090362__0090409__person___________.png,47,18,7
0211__11_39_38__i0310412__gcn0090417__0090420__person__P2_______.png,228,250,2
0211__11_40_00__i0310627__gcn0090888__0090888__person__P2_______.png,170,195,7
0211__11_40_03__i0310649__gcn0090888__0090888__person__P2_______.png,107,175,7
0211__11_40_08__i0310695__gcn0090992__0090996__person__P2_______.png,127,197,2
0211__11_40_10__i0310712__gcn0090992__0090996__person__P2_______.png,60,159,2
0211__11_43_15__i0312583__gcn0091646__0091646__person_____L2____.png,109,101,2
0211__11_43_16__i0312589__gcn0091646__0091646__person__P2_______.png,16,36,2
0211__11_43_16__i0312590__gcn0091646__0091646__person_____L2____.png,241,15,2
0211__11_43_16__i0312592__gcn0091646__0091646__person_____L2____.png,253,22,2
0211__11_43_19__i0312620__gcn0091646__0091646__person__P2_______.png,72,189,2
0211__11_43_19__i0312628__gcn0091646__0091646__person__P2_______.png,40,161,3
0211__11_48_02__i0315452__gcn0092494__0092718__person__P2_______.png,72,136,3
0211__11_48_02__i0315454__gcn0092455__0092794__person__P2_______.png,104,185,0
0211__11_48_02__i0315456__gcn0092494__0092718__person__P2_______.png,79,140,6
0211__11_48_05__i0315483__gcn0092455__0092958__person_____L1____.png,46,41,0
0211__11_48_05__i0315485__gcn0092455__0092941__person_____L1____.png,41,250,0
0211__11_48_05__i0315487__gcn0092455__0092962__person_____L2____.png,70,239,3
0211__11_48_40__i0315822__gcn0092964__0092964__person__P2_______.png,105,209,0
0211__11_48_41__i0315840__gcn0092964__0092964__person___________.png,205,224,6
0211__11_52_30__i0318078__gcn0094041__0094276__person__P2_______.png,61,146,6
0211__11_52_32__i0318103__gcn0094041__0094276__person__P2_L1____.png,100,155,1
0211__11_55_51__i0320136__gcn0094750__0094791__person__P1_L1____.png,53,147,1
0211__11_55_52__i0320147__gcn0094750__0094791__person__P2_L1____.png,116,151,1
0211__11_55_53__i0320157__gcn0094750__0094965__person___________.png,160,177,6
0211__11_58_49__i0321922__gcn0095236__0095236__multy_____L2____.png,207,232,6
0211__11_58_49__i0321926__gcn0095229__0095229__person__P2_L1____.png,234,221,1
0211__11_58_50__i0321932__gcn0095229__0095229__person__P2_______.png,184,236,1
0211__11_58_51__i0321946__gcn0095229__0095229__person__P2_______.png,101,195,1
0211__11_58_52__i0321953__gcn0095229__0095229__person__P2_______.png,82,174,1
0211__11_58_52__i0321957__gcn0095229__0095229__person_____L2____.png,83,207,1
0211__11_58_53__i0321965__gcn0095229__0095229__person__P2_______.png,58,157,1
0211__11_58_54__i0321973__gcn0095229__0095229__person__P2_______.png,34,154,1
0211__12_01_23__i0323467__gcn0095622__0095809__person_____L1____.png,100,0,6
0211__12_10_42__i0329052__gcn0096534__0096540__person__P2_______.png,50,207,0
0211__12_10_51__i0329147__gcn0096534__0096540__person___________.png,87,238,6
0211__12_11_06__i0329297__gcn0096534__0096540__person___________.png,104,217,6
0211__12_11_10__i0329335__gcn0096534__0096540__person___________.png,100,238,6
0211__12_11_34__i0329575__gcn0096534__0096540__person___________.png,115,229,0
0211__12_11_43__i0329653__gcn0096534__0097761__person___________.png,87,21,6
0211__12_12_12__i0329930__gcn0096534__0098010__person___________.png,98,233,0
0211__12_12_30__i0330125__gcn0096534__0098010__person___________.png,86,255,0
0211__12_13_22__i0330565__gcn0096545__0099533__person_____L2____.png,116,164,6
0211__12_19_06__i0334098__gcn0101020__0101022__person__P2_______.png,192,169,6
0211__12_23_29__i0336729__gcn0102088__0102088__person__P2_L1____.png,245,24,6
0211__12_28_21__i0339645__gcn0102503__0102581__person__P2_______.png,113,164,6
0211__12_43_15__i0348587__gcn0104607__0104607__person___________.png,139,105,7
0211__12_43_15__i0348589__gcn0104607__0104611__person___________.png,136,104,7
0211__12_43_16__i0348596__gcn0104607__0104612__person__P2_______.png,50,246,7
0211__12_43_17__i0348608__gcn0104607__0104612__person__P1_L1____.png,228,0,7
0211__12_43_18__i0348612__gcn0104656__0104656__person_____L2____.png,147,182,2
0211__12_43_18__i0348618__gcn0104656__0104656__person__P2_______.png,133,171,2
0211__12_43_19__i0348624__gcn0104607__0104612__person__P1_L1____.png,130,174,7
0211__12_43_21__i0348639__gcn0104656__0104656__person__P2_L1____.png,62,155,2
0211__12_43_22__i0348651__gcn0104656__0104656__person__P2_______.png,39,133,2
0211__12_47_57__i0351405__gcn0105427__0105503__person_____L2____.png,132,188,3
0211__12_50_02__i0352662__gcn0105632__0105647__person_____L2____.png,117,170,1
0211__12_50_03__i0352668__gcn0105655__0105660__person__P2_L2____.png,20,229,6
0211__12_50_04__i0352673__gcn0105655__0105660__person__P2_______.png,250,241,6
0211__12_50_05__i0352686__gcn0105655__0105660__person__P2_______.png,141,196,6
0211__12_50_39__i0353007__gcn0106271__0106401__person_____L2____.png,147,35,2
0211__12_50_39__i0353008__gcn0106271__0106403__person___________.png,164,32,2
0211__12_53_24__i0354679__gcn0107555__0107555__multy_____L2____.png,242,125,6
0211__12_55_00__i0355618__gcn0108292__0108492__person__P2_L1____.png,61,219,4
0211__12_55_11__i0355732__gcn0108570__0108570__person_____L2____.png,214,16,4
0211__12_58_33__i0357767__gcn0109017__0109026__person__P2_______.png,99,188,2
0211__12_58_33__i0357773__gcn0109017__0109026__person__P2_______.png,124,210,2
0211__12_58_33__i0357774__gcn0109017__0109026__person_____L2____.png,102,178,2
0211__12_58_34__i0357779__gcn0109017__0109026__person__P2_______.png,155,187,2
0211__12_58_36__i0357801__gcn0109017__0109026__person_____L2____.png,30,178,2
0211__13_06_40__i0362638__gcn0110076__0110076__person__P2_______.png,58,151,6
0211__13_22_23__i0372077__gcn0111670__0111677__person___________.png,153,97,6
0211__13_23_08__i0372518__gcn0112027__0112027__multy_____L2____.png,165,198,6
0211__13_23_08__i0372522__gcn0111957__0112034__person__P1_L2____.png,166,208,3
0211__13_23_18__i0372627__gcn0112082__0112111__person___________.png,152,92,6
0211__13_23_22__i0372667__gcn0112083__0112132__person___________.png,196,108,6
0211__13_29_44__i0376479__gcn0112471__0112496__person_____L2____.png,199,189,6
0211__13_33_02__i0378463__gcn0112568__0112571__person___________.png,160,22,6
0211__13_33_04__i0378480__gcn0112568__0112572__person__P2_______.png,230,251,6
0211__13_50_46__i0389104__gcn0113364__0113364__multy_____L2____.png,71,181,4
0211__13_51_26__i0389504__gcn0113453__0113506__person__P2_______.png,24,149,1
0211__13_52_19__i0389977__gcn0114017__0114069__person_____L2____.png,140,84,6
0211__13_52_34__i0390104__gcn0114180__0114413__person_____L1____.png,92,176,4
0211__13_52_53__i0390309__gcn0114617__0114656__person_____L2____.png,57,153,4
0211__13_53_10__i0390453__gcn0114617__0114974__person__P2_L2____.png,253,9,4
0211__13_53_14__i0390496__gcn0114617__0115021__person_____L1____.png,124,4,4
0211__13_53_21__i0390578__gcn0115025__0115025__person___________.png,40,156,4
0211__13_55_08__i0391729__gcn0115471__0115495__person__P1_L1____.png,208,100,6
0211__14_04_32__i0397362__gcn0116915__0116921__person__P2_______.png,249,222,6
0211__14_04_46__i0397507__gcn0116915__0117077__person___________.png,144,88,6
0211__14_11_07__i0401318__gcn0117200__0117273__person__P2_______.png,242,181,6
0211__14_12_29__i0402135__gcn0117399__0117460__person___________.png,128,188,6
0211__14_12_45__i0402295__gcn0117582__0117651__person_____L2____.png,136,208,6
0211__14_13_05__i0402496__gcn0117917__0117917__multy_____L2____.png,72,160,6
0211__14_13_26__i0402704__gcn0118123__0118139__person_____L1____.png,43,55,3
0211__14_16_08__i0404327__gcn0118283__0118283__person_____L2____.png,18,134,2
0211__14_16_09__i0404332__gcn0118283__0118283__person__P2_______.png,34,134,2
0211__14_16_09__i0404337__gcn0118283__0118283__person__P2_______.png,53,136,2
0211__14_16_10__i0404342__gcn0118283__0118283__person__P2_______.png,72,157,2
0211__14_16_13__i0404380__gcn0118201__0118432__person__P2_______.png,60,146,3
0211__14_16_14__i0404384__gcn0118201__0118432__person__P2_______.png,48,156,3
0211__14_16_15__i0404401__gcn0118201__0118432__person_____L2____.png,113,212,3
0211__14_16_16__i0404407__gcn0118201__0118432__person_____L2____.png,132,186,3
0211__14_16_16__i0404410__gcn0118201__0118432__person_____L1____.png,178,217,3
0211__14_16_16__i0404411__gcn0118201__0118505__person_____L2____.png,189,222,3
0211__14_20_03__i0406651__gcn0119529__0120504__person_____L1____.png,168,92,6
0211__14_25_36__i0409539__gcn0125813__0125813__person__P2_______.png,142,247,3
0211__14_26_32__i0410105__gcn0126661__0126673__person_____L2____.png,50,29,1
0211__14_26_33__i0410115__gcn0126661__0126673__person__P2_______.png,234,8,1
0211__14_28_10__i0411077__gcn0127823__0127825__person___________.png,145,130,6
0211__14_29_03__i0411611__gcn0126176__0128596__person__P1_L2____.png,168,88,6
0211__14_47_28__i0422003__gcn0147292__0147292__person__P2_______.png,45,214,6
0211__14_47_38__i0422080__gcn0147292__0147292__person___________.png,122,198,6
0211__14_48_27__i0422264__gcn0146797__0148707__person___________.png,115,170,6
0211__14_48_53__i0422349__gcn0124531__0147054__person___________.png,132,185,6
0211__14_49_38__i0000117__gcn0000534__0000566__person___________.png,40,152,6
0211__14_49_50__i0000196__gcn0000131__0000131__person___________.png,109,170,6
0211__14_50_45__i0000585__gcn0000104__0002504__person_____L2____.png,15,123,6
0211__14_51_02__i0000717__gcn0003084__0003328__person__P2_______.png,235,237,6
0212_09_56_16_i14690023_id501927_tcn-501920_cn1581501418872249000_thr984.Out_.jpg,22,150,4
0212_10_18_16_i14697131_id502263_tcn-502263_cn1581502694897957000_thr607.Out_bord_.jpg,0,231,6
0212__06_57_04__i0141766__gcn0000634__0000784__person_____L2____.png,94,173,3
0212__06_57_04__i0141767__gcn0000634__0000786__person___________.png,110,177,3
0212__06_57_05__i0141772__gcn0000634__0000786__person__P2_______.png,145,195,7
0212__06_57_06__i0141781__gcn0000634__0000786__person___________.png,179,209,6
0212__06_57_06__i0141786__gcn0000634__0000818__person__P2_L2____.png,211,202,3
0212__07_05_23__i0146756__gcn0000874__0000874__person__P2_______.png,13,34,6
0212__07_09_20__i0149122__gcn0001062__0001062__person__P2_______.png,123,67,4
0212__07_23_42__i0157742__gcn0001783__0001783__person__P2_______.png,184,220,3
0212__07_23_43__i0157758__gcn0001796__0001796__person__P2_L1____.png,191,208,3
0212__07_24_01__i0157927__gcn0002175__0002175__person_____L2____.png,228,165,3
0212__07_24_01__i0157928__gcn0002175__0002175__person_____L2____.png,209,219,3
0212__07_24_01__i0157933__gcn0002175__0002175__person__P2_______.png,156,176,3
0212__07_24_58__i0158510__gcn0002392__0002392__person__P2_______.png,140,248,0
0212__07_24_59__i0158518__gcn0002392__0002392__person__P2_______.png,44,208,0
0212__07_25_01__i0158533__gcn0002392__0002392__person__P2_______.png,132,198,0
0212__07_25_14__i0158664__gcn0002524__0002524__person_____L2____.png,91,9,0
0212__07_31_04__i0162169__gcn0003692__0003692__person_____L2____.png,68,38,3
0212__07_34_37__i0164294__gcn0003814__0003814__person__P1_L1____.png,172,191,3
0212__07_34_49__i0164415__gcn0004032__0004032__person__P2_L1____.png,238,243,3
0212__07_38_06__i0166387__gcn0004210__0004210__person__P2_______.png,195,165,3
0212__07_42_05__i0168777__gcn0004438__0004439__person_____L2____.png,255,244,6
0212__07_42_05__i0168779__gcn0004438__0004441__person__P1_L2____.png,218,38,3
0212__08_07_26__i0183993__gcn0005300__0005300__multy_____L2____.png,110,178,2
0212__08_14_30__i0188229__gcn0007274__0007393__person__P2_______.png,149,184,3
0212__08_34_55__i0200480__gcn0016887__0016887__person__P2_______.png,174,237,3
0212__08_34_57__i0200506__gcn0016887__0016887__person__P1_L1____.png,37,160,3
0212__08_38_15__i0202482__gcn0018134__0018362__person__P2_L2____.png,83,150,7
0212__08_38_40__i0202733__gcn0018462__0018462__person__P2_______.png,190,178,6
0212__08_38_42__i0202751__gcn0018462__0018462__person__P2_______.png,82,168,0
0212__08_46_09__i0207228__gcn0020009__0020132__person__P2_______.png,163,220,4
0212__08_46_10__i0207238__gcn0020009__0020283__person_____L2____.png,216,202,4
0212__08_47_06__i0207792__gcn0020522__0020528__person__P2_L2____.png,116,163,1
0212__08_47_06__i0207794__gcn0020522__0020522__person__P2_______.png,4,190,1
0212__08_47_08__i0207810__gcn0020522__0020522__person__P2_______.png,114,199,1
0212__08_49_51__i0209441__gcn0021514__0021514__person_____L2____.png,72,163,6
0212__08_51_48__i0210610__gcn0022010__0022015__person_____L2____.png,184,96,6
0212__08_51_49__i0210624__gcn0022010__0022010__person__P1_L1____.png,216,128,6
0212__08_51_50__i0210630__gcn0022010__0022010__person__P2_______.png,239,126,4
0212__08_51_51__i0210643__gcn0022010__0022010__person__P1_L1____.png,244,137,6
0212__08_51_52__i0210654__gcn0022010__0022010__person__P2_______.png,37,160,4
0212__08_51_55__i0210687__gcn0022010__0022010__person__P1_L1____.png,176,186,4
0212__08_51_56__i0210691__gcn0022010__0022010__person__P2_______.png,205,16,4
0212__08_51_56__i0210696__gcn0022010__0022010__person___________.png,236,206,4
0212__08_54_54__i0212473__gcn0022307__0022307__person__P1_L2____.png,24,228,3
0212__08_57_14__i0213879__gcn0023625__0023953__person__P1_L2____.png,89,197,7
0212__08_57_15__i0213882__gcn0023625__0023956__person_____L2____.png,160,207,4
0212__09_00_06__i0215596__gcn0024442__0024442__person_____L2____.png,220,152,6
0212__09_00_11__i0215642__gcn0024442__0024442__person__P2_______.png,16,159,0
0212__09_00_34__i0215871__gcn0024560__0024712__person__P2_______.png,223,118,6
0212__09_01_12__i0216259__gcn0024928__0024944__person_____L2____.png,2,125,3
0212__09_02_44__i0217176__gcn0025234__0025234__person__P2_______.png,133,210,6
0212__09_03_41__i0217745__gcn0025570__0025570__person__P2_______.png,118,214,6
0212__09_07_18__i0219918__gcn0026669__0026669__person__P2_______.png,40,197,3
0212__09_07_19__i0219930__gcn0026669__0026669__person__P2_______.png,139,178,3
0212__09_07_52__i0220244__gcn0026973__0027067__person_____L2____.png,157,96,6
0212__09_08_40__i0220720__gcn0027411__0027640__person_____L2____.png,220,133,6
0212__09_09_59__i0221522__gcn0028126__0028126__person__P2_L1____.png,194,186,0
0212__09_10_02__i0221556__gcn0028126__0028126__person__P2_______.png,42,135,0
0212__09_11_23__i0222370__gcn0028832__0028832__person__P2_L1____.png,103,195,1
0212__09_15_18__i0224720__gcn0029916__0029953__person__P2_______.png,40,137,4
0212__09_15_21__i0224743__gcn0029916__0029953__person__P2_L1____.png,91,156,4
0212__09_15_23__i0224764__gcn0029916__0029953__person__P2_______.png,172,168,4
0212__09_15_23__i0224770__gcn0029916__0029953__person__P2_______.png,33,230,4
0212__09_15_24__i0224779__gcn0029916__0030144__person___________.png,60,232,4
0212__09_17_46__i0226200__gcn0031023__0031023__person_____L2____.png,228,224,6
0212__09_19_52__i0227439__gcn0031881__0031944__person_____L2____.png,232,104,6
0212__09_20_00__i0227515__gcn0031881__0032247__person___________.png,16,32,6
0212__09_21_42__i0228561__gcn0032852__0032852__person__P1_L1____.png,121,181,7
0212__09_21_43__i0228565__gcn0032852__0032852__person__P1_L2____.png,119,178,7
0212__09_21_43__i0228570__gcn0032852__0032852__person__P2_______.png,102,168,7
0212__09_23_44__i0229779__gcn0033207__0033209__person__P1_L1____.png,120,149,7
0212__09_23_45__i0229791__gcn0033207__0033209__person__P2_______.png,36,15,7
0212__09_23_51__i0229844__gcn0033207__0033209__person___________.png,62,162,6
0212__09_23_54__i0229867__gcn0033220__0033442__person_____L2____.png,15,141,7
0212__09_23_58__i0229907__gcn0033207__0033531__person_____L2____.png,232,120,6
0212__09_24_20__i0230086__gcn0033695__0033722__person_____L2____.png,76,163,4
0212__09_25_03__i0230566__gcn0034223__0034227__person_____L1____.png,20,164,4
0212__09_25_08__i0230615__gcn0034223__0034306__person_____L2____.png,180,104,4
0212__09_25_52__i0231048__gcn0034454__0034466__person__P2_L1____.png,2,193,1
0212__09_25_52__i0231052__gcn0034439__0034508__person___________.png,119,177,1
0212__09_25_53__i0231054__gcn0034439__0034514__person___________.png,134,141,1
0212__09_25_55__i0231074__gcn0034439__0034552__person__P2_L1____.png,68,144,0
0212__09_31_06__i0234195__gcn0036757__0036757__person__P2_______.png,178,174,6
0212__09_32_01__i0234718__gcn0037320__0037559__person__P1_L2____.png,62,131,3
0212__09_33_44__i0235773__gcn0038291__0038392__person__P2_______.png,44,154,4
0212__09_33_46__i0235790__gcn0038291__0038392__person__P2_______.png,104,182,4
0212__09_33_49__i0235829__gcn0038291__0038506__person_____L1____.png,36,0,4
0212__09_37_19__i0237917__gcn0040219__0040225__person___________.png,64,200,4
0212__09_37_20__i0237923__gcn0040219__0040227__person__P2_L1____.png,41,226,7
0212__09_37_20__i0237926__gcn0040259__0040259__person_____L2____.png,99,186,3
0212__09_37_22__i0237938__gcn0040219__0040227__person_____L2____.png,141,205,7
0212__09_37_22__i0237938__gcn0040244__0040244__person_____L2____.png,96,176,3
0212__09_37_22__i0237941__gcn0040244__0040244__person__P2_L1____.png,146,185,3
0212__09_37_23__i0237945__gcn0040244__0040244__person__P2_______.png,118,208,3
0212__09_37_24__i0237955__gcn0040219__0040227__person__P2_______.png,96,186,6
0212__09_37_29__i0237994__gcn0040244__0040497__person___________.png,20,132,3
0212__09_39_16__i0239085__gcn0041944__0041998__multy__P1_______.png,1,123,6
0212__09_39_23__i0239130__gcn0041820__0042161__person__P2_L2____.png,96,162,7
0212__09_39_36__i0239222__gcn0041944__0042444__multy___________.png,17,132,6
0212__09_39_41__i0239262__gcn0042084__0042491__person_____L2____.png,254,177,7
0212__09_39_42__i0239271__gcn0042084__0042491__person_____L2____.png,246,154,7
0212__09_39_44__i0239286__gcn0042084__0042491__person___________.png,42,178,7
0212__09_42_30__i0241037__gcn0043544__0043544__person__P2_______.png,144,201,0
0212__09_42_47__i0241208__gcn0043777__0043777__person__P2_______.png,111,166,0
0212__09_43_45__i0241780__gcn0044042__0044042__person__P2_______.png,118,204,2
0212__09_45_05__i0242583__gcn0044606__0044636__person__P2_______.png,165,206,0
0212__09_56_58__i0249724__gcn0052136__0052136__person__P2_______.png,170,160,0
0212__09_56_59__i0249736__gcn0052136__0052136__person__P2_______.png,101,211,0
0212__09_58_44__i0250785__gcn0052519__0052519__person__P2_L1____.png,188,96,6
0212__10_01_57__i0252708__gcn0053438__0053438__person__P1_L1____.png,62,144,5
0212__10_03_19__i0253506__gcn0054324__0054324__person__P2_______.png,67,45,5
0212__10_21_30__i0264445__gcn0058146__0058161__person___________.png,236,124,1
0212__10_23_31__i0265652__gcn0059545__0059577__person___________.png,180,113,6
0212__10_26_11__i0267250__gcn0059658__0059658__person__P2_______.png,33,150,3
0212__10_28_16__i0268500__gcn0060005__0060009__person__P2_______.png,178,170,7
0212__10_28_16__i0268506__gcn0060005__0060106__person_____L2____.png,208,15,7
0212__10_31_50__i0270646__gcn0060875__0060875__person_____L2____.png,212,113,6
0212__10_33_49__i0271733__gcn0062529__0062529__multy_____L2____.png,164,192,6
0212__10_33_50__i0271742__gcn0061910__0062229__person__P2_L1____.png,162,150,6
0212__10_33_54__i0271766__gcn0062108__0062111__person__P1_L1____.png,28,45,0
0212__10_36_04__i0273040__gcn0064667__0064667__person__P2_L1____.png,217,249,3
0212__10_36_05__i0273043__gcn0064673__0064689__person_____L2____.png,226,11,3
0212__10_36_06__i0273052__gcn0064667__0064667__person__P2_______.png,175,196,3
0212__10_36_09__i0273077__gcn0064673__0064739__person__P2_______.png,58,180,3
0212__10_36_12__i0273099__gcn0064667__0064878__person___________.png,19,124,0
0212__10_36_13__i0273104__gcn0064673__0064739__person__P2_L1____.png,9,141,3
0212__10_36_16__i0273137__gcn0064743__0065004__person___________.png,29,132,3
0212__10_36_18__i0273150__gcn0065030__0065035__person_____L2____.png,4,127,3
0212__10_36_34__i0273243__gcn0064673__0065296__person___________.png,155,89,6
0212__10_40_32__i0275384__gcn0066374__0066374__person_____L2____.png,74,152,6
0212__10_44_36__i0277778__gcn0066716__0067070__person_____L1____.png,199,113,6
0212__10_44_38__i0277796__gcn0066716__0067072__person__P2_______.png,53,163,1
0212__10_51_05__i0281711__gcn0068561__0068609__person__P2_______.png,23,143,1
0212__10_58_34__i0286201__gcn0069879__0069879__person__P2_______.png,250,218,0
0212__10_58_34__i0286206__gcn0069879__0069879__person__P1_L2____.png,180,200,0
0212__10_58_38__i0286240__gcn0069879__0069879__person__P2_______.png,38,138,6
0212__11_04_28__i0289745__gcn0071173__0071920__person___________.png,48,160,6
0212__11_04_29__i0289751__gcn0071913__0071927__person___________.png,200,116,6
0212__11_09_26__i0292729__gcn0073702__0073702__person_____L2____.png,28,196,6
0212__11_12_01__i0294273__gcn0074355__0074355__person__P1_L2____.png,9,165,6
0212__11_12_16__i0294431__gcn0074649__0074649__person__P1_L1____.png,40,152,6
0212__11_13_36__i0295215__gcn0075069__0075069__person_____L2____.png,62,226,1
0212__11_13_38__i0295227__gcn0075077__0075077__person__P2_______.png,194,177,6
0212__11_13_44__i0295273__gcn0075299__0075299__multy_____L2____.png,22,128,6
0212__11_35_26__i0308331__gcn0081863__0081863__person__P2_______.png,141,154,6
0212__11_53_42__i0319287__gcn0086727__0086732__person_____L2____.png,40,160,6
0212__11_54_10__i0319546__gcn0087145__0087177__person___________.png,208,148,6
0212__11_54_29__i0319714__gcn0087145__0087531__person___________.png,176,160,6
0212__11_56_35__i0321020__gcn0088356__0088356__person_____L2____.png,148,172,6
0212__11_56_51__i0321179__gcn0088582__0088613__person___________.png,172,152,6
0212__11_58_47__i0322339__gcn0089461__0089461__person_____L2____.png,79,156,6
0212__12_05_18__i0326254__gcn0090584__0090606__person___________.png,118,185,6
0212__12_06_27__i0326930__gcn0091380__0091380__person_____L2____.png,157,207,6
0212__12_08_02__i0327879__gcn0092163__0092354__multy___________.png,236,208,6
0212__12_19_38__i0334856__gcn0093319__0093319__person_____L2____.png,172,140,3
0212__12_19_41__i0334881__gcn0093319__0093319__person__P2_______.png,80,177,3
0212__12_23_37__i0337241__gcn0093582__0093582__person__P2_______.png,3,148,4
0212__12_23_38__i0337255__gcn0093582__0093582__person__P2_______.png,49,157,4
0212__12_23_41__i0337281__gcn0093582__0093582__person__P2_______.png,202,214,8
0212__12_25_37__i0338441__gcn0093807__0093808__person_____L2____.png,186,237,4
0212__12_36_27__i0344949__gcn0095490__0095490__person__P2_L1____.png,124,178,6
0212__12_36_58__i0345258__gcn0095648__0095648__person__P2_______.png,209,198,3
0212__12_37_00__i0345274__gcn0095657__0095657__person_____L1____.png,24,128,6
0212__13_16_09__i0368281__gcn0101900__0101900__person_____L2____.png,33,173,6
0212__13_44_41__i0385404__gcn0104798__0104817__person__P2_______.png,191,191,4
0212__13_48_12__i0387516__gcn0104966__0104970__person__P2_L1____.png,14,129,6
0212__14_00_06__i0394663__gcn0109040__0109040__person_____L1____.png,216,192,0
0212__14_04_44__i0397362__gcn0111679__0111844__multy___________.png,180,104,6
0212__14_07_18__i0398981__gcn0112606__0112672__person__P2_______.png,109,196,1
0212__14_13_48__i0402879__gcn0113773__0113796__multy__P2_______.png,198,113,6
0212__14_13_53__i0402930__gcn0113497__0113889__person___________.png,157,95,1
0212__14_14_01__i0403000__gcn0113705__0114059__person_____L2____.png,160,188,3
0212__14_14_01__i0403001__gcn0113705__0114061__person___________.png,217,20,3
0212__14_18_19__i0405595__gcn0115501__0115501__person__P2_______.png,28,141,4
0212__14_19_27__i0406272__gcn0115735__0115831__person___________.png,196,128,6
0212__14_33_10__i0414489__gcn0118416__0118618__person___________.png,64,160,6
0212__14_48_26__i0423618__gcn0128566__0128570__person___________.png,128,68,4
0212__14_48_30__i0423663__gcn0128631__0128645__person__P1_L2____.png,53,144,4
0212__14_49_15__i0424104__gcn0129203__0129268__person__P2_L2____.png,254,130,4
0212__14_49_17__i0424130__gcn0129226__0129250__person__P2_______.png,97,205,4
0212__14_49_17__i0424134__gcn0129226__0129250__person_____L2____.png,106,221,4
0212__15_19_21__i0442104__gcn0137707__0139795__person___________.png,86,139,6
0212__15_26_27__i0446474__gcn0146769__0146769__person__P2_______.png,129,173,4
0212__15_26_29__i0446486__gcn0146769__0146769__person__P2_______.png,82,176,4
0212__15_26_33__i0446527__gcn0146769__0146769__person__P2_______.png,242,152,4
0212__15_31_02__i0449232__gcn0148372__0148599__person_____L2____.png,222,126,6
0212__15_48_47__i0459880__gcn0154868__0154868__person__P2_______.png,70,202,3
0212__15_48_49__i0459895__gcn0154868__0154868__person__P2_______.png,110,200,3
0212__15_48_49__i0459902__gcn0154868__0154868__person_____L2____.png,169,243,3
0212__15_49_38__i0460389__gcn0155055__0155055__multy___________.png,121,59,6
0212__16_08_35__i0471758__gcn0158681__0158717__person__P2_L1____.png,5,133,0
0212__16_08_39__i0471795__gcn0158622__0158745__person__P2_______.png,94,154,3
0212__16_08_43__i0471829__gcn0158986__0158986__person_____L2____.png,200,204,3
0212__16_08_43__i0471835__gcn0158681__0158997__person_____L1____.png,114,31,0
0212__16_15_52__i0476094__gcn0160883__0161033__person__P2_______.png,30,129,6
0212__16_25_47__i0482081__gcn0162459__0162459__person_____L2____.png,85,172,6
0212__16_28_17__i0483577__gcn0162916__0162918__person___________.png,124,188,6
0212__16_34_50__i0487510__gcn0164037__0164159__person__P2_______.png,35,152,6
0212__16_36_06__i0488276__gcn0164256__0164258__person__P2_L2____.png,36,153,6
0212__16_45_52__i0494129__gcn0166163__0166163__multy_____L2____.png,252,8,7
0212__16_45_53__i0494142__gcn0166179__0166179__person_____L2____.png,133,152,4
0212__16_45_54__i0494149__gcn0166179__0166179__person__P2_L2____.png,103,148,4
0212__16_50_39__i0497007__gcn0166792__0166801__person__P2_L1____.png,20,12,6
0212__17_00_56__i0503178__gcn0168226__0168265__person__P1_L2____.png,138,230,0
0212__17_00_57__i0503183__gcn0168226__0168265__person_____L2____.png,171,252,3
0212__17_01_26__i0503438__gcn0168370__0168384__person__P2_L1____.png,3,229,3
0212__17_01_27__i0503441__gcn0168836__0168836__person__P2_______.png,167,179,3
0212__17_01_34__i0503527__gcn0168630__0168965__person__P1_L1____.png,238,145,3
0212__17_02_02__i0503819__gcn0169117__0169331__person__P2_L2____.png,74,169,3
0212__17_02_06__i0503858__gcn0169117__0169331__person__P2_______.png,78,240,3
0212__17_03_28__i0504683__gcn0169680__0169680__multy__P2_______.png,164,193,6
0212__17_04_22__i0505235__gcn0170141__0170195__person__P1_L1____.png,248,141,3
0212__17_04_23__i0505244__gcn0170141__0170195__person__P2_______.png,16,146,3
0212__17_04_26__i0505274__gcn0170141__0170195__person__P2_______.png,134,229,3
0212__17_04_34__i0505359__gcn0170141__0170426__person_____L2____.png,146,241,0
0212__17_07_33__i0507143__gcn0170815__0170815__multy_____L2____.png,46,240,0
0212__17_07_34__i0507158__gcn0170755__0170765__person___________.png,53,239,0
0212__17_07_53__i0507331__gcn0170755__0171007__person___________.png,48,232,0
0212__17_08_01__i0507409__gcn0170755__0171086__person___________.png,216,212,0
0212__17_08_03__i0507427__gcn0170755__0171104__person___________.png,108,24,0
0212__17_08_05__i0507450__gcn0170755__0171106__person___________.png,72,4,0
0212__17_12_47__i0510285__gcn0171319__0171430__person__P2_______.png,137,210,3
0212__17_12_47__i0510290__gcn0171319__0171572__person___________.png,144,200,3
0212__17_12_48__i0510292__gcn0171319__0171576__person___________.png,144,200,3
0212__17_14_50__i0511515__gcn0171605__0171634__person___________.png,104,176,6
0212__17_14_51__i0511527__gcn0171640__0171651__person_____L2____.png,178,201,6
0212__17_14_59__i0511602__gcn0171738__0171759__multy___________.png,230,137,6
0212__17_15_26__i0511880__gcn0171882__0172018__person__P1_L1____.png,127,188,3
0212__17_15_30__i0511914__gcn0171882__0172018__person___________.png,32,2,3
0212__17_22_22__i0516041__gcn0172510__0172574__person__P2_______.png,252,130,3
0212__17_33_31__i0522728__gcn0173659__0173773__person___________.png,220,176,5
0212__17_38_04__i0525463__gcn0173874__0173874__person__P2_L1____.png,200,228,0
0212__17_48_03__i0531447__gcn0174092__0174339__person__P2_L2____.png,6,250,0
0212__17_55_18__i0535802__gcn0175055__0175056__person_____L1____.png,240,232,7
0212__17_55_18__i0535804__gcn0175055__0175058__person_____L1____.png,240,232,7
0212__18_39_56__i0562588__gcn0177258__0177258__person_____L2____.png,68,148,6
0212__18_40_34__i0562962__gcn0177300__0177304__person_____L2____.png,210,40,6
0212__20_18_14__i0621577__gcn0178974__0178974__multy_____L2____.png,37,237,6
0212__20_18_21__i0621641__gcn0178982__0178985__person__P2_L1____.png,51,158,6
0212__20_22_16__i0623994__gcn0179194__0179200__person__P2_______.png,112,175,3
0213__07_24_21__i0158182__gcn0001797__0001813__person___________.png,195,196,0
0213__07_24_22__i0158187__gcn0001797__0001845__person_____L1____.png,167,189,0
0213__07_24_23__i0158192__gcn0001816__0001829__person___________.png,201,213,0
0213__07_24_25__i0158212__gcn0001780__0001904__person___________.png,24,228,0
0213__07_24_25__i0158217__gcn0001780__0001900__person__P1_L1____.png,26,202,0
0213__07_24_27__i0158231__gcn0001780__0001900__person__P1_______.png,248,188,0
0213__07_26_42__i0159605__gcn0002238__0002239__person_____L1____.png,26,233,0
0213__07_26_43__i0159617__gcn0002246__0002250__person___________.png,164,160,3
0213__07_29_05__i0161033__gcn0002689__0002689__person_____L1____.png,122,25,0
0213__07_29_05__i0161034__gcn0002689__0002700__person___________.png,120,24,0
0213__07_29_08__i0161060__gcn0002753__0002753__person_____L2____.png,212,176,0
0213__07_29_08__i0161061__gcn0002753__0002753__person___________.png,185,176,0
0213__07_29_14__i0161122__gcn0002689__0002892__person__P2_L2____.png,5,244,0
0213__07_29_15__i0161133__gcn0002714__0002921__multy___________.png,65,231,0
0213__07_29_16__i0161143__gcn0002753__0002928__person__P2_L2____.png,95,21,6
0213__07_29_28__i0161266__gcn0002958__0002958__person_____L2____.png,54,134,0
0213__07_38_47__i0166854__gcn0003290__0003290__person_____L2____.png,39,212,3
0213__07_52_42__i0175209__gcn0003732__0003735__person___________.png,151,58,3
0213__07_52_43__i0175212__gcn0003732__0003738__person_____L2____.png,30,215,6
0213__07_52_44__i0175224__gcn0003732__0003738__person__P2_______.png,129,197,6
0213__08_02_35__i0181137__gcn0005087__0005184__person___________.png,122,168,6
0213__08_06_26__i0183448__gcn0007343__0007343__multy___________.png,168,201,4
0213__08_13_27__i0187623__gcn0010567__0011028__person_____L1____.png,88,168,6
0213__08_14_00__i0187948__gcn0011660__0011678__person___________.png,72,136,6
0213__08_14_42__i0188289__gcn0012197__0012642__person___________.png,60,176,6
0213__08_14_52__i0188340__gcn0012197__0012833__person___________.png,52,192,4
0213__08_15_01__i0188393__gcn0011657__0012830__person___________.png,100,160,6
0213__08_43_08__i0205475__gcn0025397__0025465__person_____L2____.png,42,250,3
0213__08_46_11__i0207300__gcn0026380__0026451__person___________.png,182,110,6
0213__08_52_32__i0211112__gcn0028826__0028839__person_____L2____.png,183,114,6
0213__08_55_37__i0212959__gcn0030273__0030273__person__P1_L2____.png,191,133,6
0213__09_14_14__i0224131__gcn0038398__0038472__person__P2_______.png,162,205,6
0213__09_19_29__i0227272__gcn0040761__0040869__person_____L2____.png,131,185,6
0213__09_28_14__i0232478__gcn0043524__0043524__person__P2_______.png,115,157,3
0213__09_34_17__i0236167__gcn0044552__0044552__person__P2_______.png,162,191,3
0213__09_34_18__i0236176__gcn0044552__0044552__person__P2_______.png,121,211,3
0213__09_46_29__i0243484__gcn0047804__0047804__person_____L2____.png,36,252,3
0213__09_46_29__i0243486__gcn0047804__0047804__person__P1_L1____.png,247,225,3
0213__09_48_00__i0244393__gcn0048113__0048223__person___________.png,61,172,2
0213__09_48_02__i0244407__gcn0048258__0048275__multy__P2_______.png,83,169,7
0213__09_48_02__i0244411__gcn0048113__0048295__person__P2_______.png,121,167,7
0213__09_48_03__i0244417__gcn0048113__0048295__person__P1_L1____.png,119,197,7
0213__09_49_35__i0245345__gcn0048957__0048969__person__P1_L1____.png,14,35,6
0213__09_49_40__i0245375__gcn0048957__0049078__person___________.png,205,170,6
0213__09_50_15__i0245649__gcn0049100__0049941__person_____L1____.png,116,180,6
0213__09_50_52__i0245953__gcn0050042__0050182__person___________.png,94,146,6
0213__09_51_06__i0246058__gcn0050042__0050182__person___________.png,97,159,6
0213__09_56_08__i0248802__gcn0053473__0053745__person_____L2____.png,191,114,6
0213__10_00_45__i0251101__gcn0057805__0057835__person_____L2____.png,214,119,5
0213__10_01_30__i0251548__gcn0058088__0058092__person___________.png,213,99,5
0213__10_02_11__i0251958__gcn0058139__0058165__person_____L2____.png,194,108,5
0213__10_05_51__i0254088__gcn0061189__0061189__person__P1_L1____.png,13,245,7
0213__10_06_05__i0254177__gcn0061554__0061554__multy__P2_______.png,241,121,4
0213__10_18_19__i0260232__gcn0072237__0072237__multy___________.png,226,120,5
0213__10_43_54__i0275585__gcn0088161__0088161__multy_____L2____.png,51,212,6
0213__10_45_55__i0276756__gcn0088202__0090348__person___________.png,90,144,6
0213__10_52_56__i0281002__gcn0094048__0094048__person__P2_L1____.png,189,195,2
0213__10_52_58__i0281010__gcn0094048__0094048__person__P2_______.png,146,182,2
0213__10_53_08__i0281092__gcn0094346__0094346__person__P2_______.png,138,78,4
0213__10_53_39__i0281366__gcn0094346__0094974__person___________.png,127,183,6
0213__11_00_02__i0284799__gcn0098266__0098285__person___________.png,128,156,6
0213__11_00_06__i0284834__gcn0098266__0098337__person___________.png,128,156,6
0213__11_02_46__i0286441__gcn0099593__0099789__person_____L2____.png,191,105,6
0213__11_03_10__i0286675__gcn0099960__0100007__person__P2_______.png,50,160,3
0213__11_03_12__i0286697__gcn0099960__0100007__person__P2_L2____.png,243,207,3
0213__11_07_16__i0288939__gcn0104161__0104161__person__P2_______.png,106,182,4
0213__11_13_53__i0292138__gcn0110070__0110969__person___________.png,204,112,6
0213__11_16_34__i0292898__gcn0112758__0112958__person___________.png,160,164,6
0213__11_19_50__i0294268__gcn0114849__0114849__person___________.png,92,150,6
0213__11_35_02__i0301897__gcn0129275__0129278__person___________.png,8,146,4
0213__11_36_58__i0302726__gcn0131065__0131126__person___________.png,84,179,6
0213__11_36_58__i0302727__gcn0131026__0131129__person___________.png,40,150,6
0213__11_38_57__i0303776__gcn0133039__0133051__person__P2_L2____.png,193,241,3
0213__11_39_03__i0303803__gcn0133065__0133209__person__P1_L1____.png,143,171,3
0213__11_39_03__i0303803__gcn0133100__0133254__person_____L2____.png,211,196,3
0214728__0721__14_30_22_______END.png,141,245,6
0214__10_49_54__i0281484__gcn0003620__0003620__multy_____L2____.png,153,253,3
0214__10_49_55__i0281487__gcn0003605__0003633__person___________.png,24,8,3
0214__11_19_45__i0299404__gcn0005770__0005801__person_____L1____.png,60,224,4
0214__12_34_17__i0344139__gcn0006554__0006599__person__P2_______.png,77,163,4
0214__12_34_19__i0344159__gcn0006554__0006599__person__P2_______.png,162,214,4
0214__12_58_28__i0358647__gcn0007713__0007713__person__P2_______.png,232,247,3
0214__12_58_34__i0358710__gcn0007835__0007924__person__P2_______.png,201,121,3
0214__13_01_35__i0360521__gcn0008244__0008248__person_____L2____.png,209,244,2
0214__15_04_16__i0434138__gcn0009978__0009988__person__P2_______.png,52,149,5
0214__15_04_17__i0434147__gcn0009978__0009988__person__P2_______.png,88,198,5
0214__15_32_10__i0450877__gcn0011058__0011059__person__P2_L1____.png,246,161,5
0214__15_32_13__i0450914__gcn0011058__0011059__person__P2_______.png,103,211,5
0215__12_06_33__i0326523__gcn0150473__0150694__person_____L2____.png,127,135,1
0215__12_06_33__i0326523__gcn0150502__0150689__person__P2_______.png,187,185,1
0215__12_06_33__i0326526__gcn0150473__0150704__person_____L2____.png,154,164,1
0215__12_06_34__i0326533__gcn0150473__0150720__person___________.png,163,143,6
0215__12_23_52__i0336476__gcn0153089__0153089__person__P2_______.png,135,222,6
0215__12_25_38__i0337532__gcn0153327__0153374__person_____L2____.png,176,192,6
0215__12_29_08__i0339589__gcn0155712__0155712__person_____L2____.png,49,227,2
0215__12_29_09__i0339591__gcn0155712__0155712__person_____L2____.png,75,232,2
0215__12_29_09__i0339594__gcn0155712__0155712__person__P1_L1____.png,30,55,2
0215__12_30_42__i0340457__gcn0156534__0156815__person___________.png,184,212,6
0215__12_35_28__i0343369__gcn0160132__0160132__person___________.png,160,168,6
0215__12_38_39__i0345079__gcn0161243__0163077__person___________.png,168,248,6
0215__12_40_27__i0345953__gcn0163445__0164340__person___________.png,175,251,6
0215__12_40_33__i0346009__gcn0163445__0164517__person___________.png,4,20,6
0215__12_42_35__i0347158__gcn0165898__0165965__person_____L1____.png,172,72,4
0215__14_38_31__i0414903__gcn0231054__0231054__person__P1_L2____.png,102,250,5
0215__14_42_53__i0417528__gcn0231610__0231610__person_____L2____.png,255,124,6
0215__14_44_31__i0418510__gcn0231973__0231973__person__P1_L1____.png,193,107,6
0215__14_50_31__i0422100__gcn0233156__0233262__person___________.png,240,200,6
0220_12_04_26_i609079_id19983_tcn-19983_cn1582200268580985000_thr843.Sgl_different_place.jpg,58,14,3
0220_12_30_44_i624830_id21759_tcn-21759_cn1582201848438767000_thr979.Sgl_different_place.jpg,222,204,6
0220_12_53_13_i638363_id23932_tcn-23932_cn1582203195557894000_thr570.In_bord_.jpg,213,248,6
0220_13_32_13_i661663_id26808_tcn-26805_cn1582205518947696000_thr989._crossing.jpg,41,34,1
0221_11_33_52_i1453107_id52243_tcn-52243_cn1582284837603644000_thr676.Out_.jpg,255,201,6
0221_12_28_53_i1485327_id53907_tcn-53907_cn1582288137026645000_thr736._different_place.jpg,190,201,6
0221_13_20_01_i1515532_id55159_tcn-55159_cn1582291206490457000_thr829.Out_bord_.jpg,182,139,6
0221_13_52_40_i1534529_id56033_tcn-56031_cn1582293163564900000_thr1000._different_place.jpg,24,31,6
0221_13_53_53_i1535107_id56166_tcn-56166_cn1582293239231126000_thr968.In_bord_.jpg,156,223,3
0221_17_59_04_i1679212_id60838_tcn-60838_cn1582307949605197000_thr997.Sgl_looks_different.jpg,55,11,6
0222_16_23_53_i2477809_id72753_tcn-72753_cn1582388637652437000_thr713.Sg_bord_different_place.jpg,39,58,6
0223_15_41_29_i3298248_id84373_tcn-84373_cn1582472491010567000_thr941.Out_bord_.jpg,255,166,3
0223_17_54_42_i3377368_id85065_tcn-85064_cn1582480489040131000_thr999._crossing.jpg,76,89,6
0223_18_04_50_i3383266_id85173_tcn-85173_cn1582481095276882000_thr966._crossing.jpg,117,7,3
0223__10_30_51__i0002753__gcn0000257__0000304__person_____L2____.png,239,134,7
0223__10_30_56__i0002797__gcn0000257__0000311__person__P2_______.png,44,150,7
0223__13_11_09__i0035979__gcn0000340__0000351__person__P2_______.png,158,198,4
0223__13_35_14__i0050430__gcn0001378__0001514__person__P2_______.png,88,177,3
0223__13_41_51__i0054396__gcn0002107__0002116__person__P2_______.png,183,235,3
0223__13_59_54__i0065236__gcn0002820__0002820__multy_____L2____.png,231,145,7
0223__15_51_36__i0132261__gcn0003216__0003216__person__P2_______.png,102,179,3
0223__16_05_57__i0140870__gcn0003792__0003858__person__P1_L1____.png,106,176,5
0223__16_51_39__i0168297__gcn0004587__0004587__person_____L2____.png,20,224,2
0223__16_51_40__i0168305__gcn0004587__0004587__person__P2_______.png,219,6,2
0223__16_51_43__i0168323__gcn0004600__0004633__person_____L2____.png,254,232,2
0224_08_20_52_i3895051_id86436_tcn-86436_cn1582532437367202000_thr778.Out_different_place.jpg,244,243,6
0224_08_47_21_i3910515_id86894_tcn-86894_cn1582534048614313000_thr869.Sgl_different_place.jpg,204,107,4
0224_18_10_10_i4243981_id91807_tcn-91807_cn1582567820381984000_thr954.Out_.jpg,245,205,6
0224__07_25_09__i0158630__gcn0002580__0002580__person__P2_______.png,0,248,0
0224__07_32_38__i0163087__gcn0004294__0004294__person_____L2____.png,103,242,0
0224__07_38_10__i0166468__gcn0004934__0004934__person__P2_______.png,9,240,3
0224__07_43_33__i0169696__gcn0005282__0005282__person__P2_______.png,181,203,3
0224__07_50_42__i0173982__gcn0006106__0006106__person__P2_______.png,78,158,3
0224__07_50_48__i0174043__gcn0006106__0006106__person__P2_L1____.png,232,128,3
0224__08_01_03__i0180115__gcn0008215__0008215__person__P2_______.png,33,153,2
0224__08_01_04__i0180122__gcn0008215__0008215__person__P2_______.png,52,159,2
0224__08_01_06__i0180142__gcn0008215__0008215__person__P2_______.png,136,191,2
0224__08_01_08__i0180157__gcn0008381__0008381__multy_____L2____.png,245,248,2
0224__08_02_02__i0180631__gcn0009092__0009123__person__P2_______.png,38,164,2
0224__08_02_07__i0180665__gcn0009092__0009123__person__P2_______.png,233,27,2
0224__08_03_11__i0181185__gcn0009497__0010942__person__P1_L2____.png,244,36,3
0224__08_07_07__i0183356__gcn0012073__0012115__person__P2_______.png,114,159,4
0224__08_07_37__i0183631__gcn0012576__0012576__person__P2_______.png,7,200,7
0224__08_16_12__i0188815__gcn0017072__0017072__multy___________.png,229,143,3
0224__08_17_29__i0189592__gcn0017318__0017424__person__P2_______.png,212,200,2
0224__08_22_03__i0192325__gcn0018488__0018488__person_____L2____.png,74,168,4
0224__08_24_03__i0193524__gcn0019013__0019013__person__P2_______.png,36,150,1
0224__08_28_18__i0196037__gcn0021230__0021230__person__P2_______.png,195,201,3
0224__08_28_21__i0196058__gcn0021401__0021401__multy___________.png,18,132,3
0224__08_28_30__i0196107__gcn0021372__0021420__multy__P2_______.png,7,123,3
0224__08_31_39__i0197857__gcn0025490__0025490__person__P2_______.png,56,151,3
0224__08_31_44__i0197905__gcn0022922__0025664__multy___________.png,239,140,3
0224__08_32_51__i0198675__gcn0026425__0026425__person___________.png,63,227,4
0224__08_33_04__i0198788__gcn0026755__0026762__person___________.png,94,165,4
0224__08_37_09__i0201392__gcn0029171__0029220__person__P2_______.png,70,165,7
0224__08_37_11__i0201414__gcn0029171__0029220__person__P2_______.png,184,186,7
0224__08_45_53__i0206632__gcn0032654__0032654__person__P2_______.png,107,201,3
0224__08_56_01__i0212708__gcn0037613__0037830__person__P1_L2____.png,28,139,2
0224__08_56_01__i0212714__gcn0037613__0037830__person__P2_______.png,18,136,2
0224__08_56_04__i0212738__gcn0037613__0037830__person__P2_______.png,95,163,2
0224__08_58_43__i0214283__gcn0038937__0039372__person__P2_______.png,49,166,4
0224__08_58_47__i0214334__gcn0038937__0039372__person_____L2____.png,40,72,4
0224__08_59_53__i0215034__gcn0040004__0040004__multy_____L2____.png,21,132,3
0224__09_01_52__i0216222__gcn0040664__0040664__person__P2_______.png,134,191,3
0224__09_01_53__i0216229__gcn0040664__0040664__person__P2_______.png,94,173,3
0224__09_05_12__i0218226__gcn0042651__0042651__person__P2_L1____.png,135,192,3
0224__09_05_13__i0218232__gcn0042651__0042651__person__P2_______.png,95,179,3
0224__09_10_25__i0221289__gcn0045809__0046009__person__P1_L1____.png,68,209,4
0224__09_10_34__i0221364__gcn0045809__0046318__person__P2_L2____.png,82,188,4
0224__09_11_43__i0222036__gcn0047449__0047551__person_____L2____.png,44,208,4
0224__09_11_47__i0222069__gcn0047562__0047562__person___________.png,54,180,4
0224__09_12_49__i0222633__gcn0047449__0048875__person_____L2____.png,55,185,4
0224__09_15_01__i0224118__gcn0050523__0050560__person__P2_______.png,52,151,1
0224__09_15_43__i0224444__gcn0051235__0051617__multy__P2_______.png,172,197,6
0224__09_20_46__i0227546__gcn0052876__0052876__person__P2_______.png,101,216,3
0224__09_20_49__i0227577__gcn0052876__0052876__person__P1_L1____.png,38,164,3
0224__09_21_46__i0228167__gcn0053402__0053576__person_____L2____.png,60,208,3
0224__09_21_55__i0228256__gcn0053579__0053640__person_____L2____.png,2,148,3
0224__09_21_57__i0228278__gcn0053579__0053686__person_____L2____.png,33,152,3
0224__09_23_57__i0229456__gcn0054555__0054555__person__P2_______.png,146,202,0
0224__09_24_12__i0229578__gcn0054410__0055089__person_____L2____.png,12,136,7
0224__09_24_17__i0229614__gcn0054398__0055243__multy__P2_______.png,60,189,6
0224__09_25_50__i0230601__gcn0055675__0055675__person__P2_L1____.png,125,172,3
0224__09_26_50__i0231193__gcn0056110__0056131__person___________.png,79,174,3
0224__09_27_02__i0231286__gcn0056392__0056696__person_____L2____.png,48,132,3
0224__09_27_30__i0231519__gcn0057146__0057268__person_____L2____.png,255,159,4
0224__09_27_39__i0231581__gcn0056828__0057505__multy__P2_______.png,6,134,6
0224__09_27_44__i0231610__gcn0057612__0057612__person_____L2____.png,106,68,3
0224__09_27_52__i0231675__gcn0057612__0057627__person_____L2____.png,44,160,3
0224__09_28_12__i0231877__gcn0057959__0058057__person__P2_______.png,184,182,3
0224__09_29_37__i0232870__gcn0058379__0058379__person__P2_______.png,55,152,3
0224__09_30_29__i0233380__gcn0058888__0058888__person__P2_______.png,94,199,4
0224__09_30_31__i0233402__gcn0059088__0059088__multy_____L2____.png,137,188,4
0224__09_30_35__i0233427__gcn0059099__0059107__person__P2_______.png,26,200,4
0224__09_33_05__i0234935__gcn0061517__0061637__person__P2_______.png,132,202,3
0224__09_33_06__i0234948__gcn0061517__0061981__person_____L2____.png,148,185,3
0224__09_39_00__i0238483__gcn0064893__0064903__person__P2_______.png,90,154,3
0224__09_39_04__i0238515__gcn0064893__0064903__person__P2_______.png,12,200,3
0224__09_42_48__i0240790__gcn0065840__0066185__person__P2_______.png,236,196,3
0224__09_55_54__i0248623__gcn0070291__0070291__person__P2_______.png,168,187,1
0224__09_58_44__i0250274__gcn0073131__0073131__person__P2_______.png,57,13,7
0224__09_58_45__i0250287__gcn0073131__0073131__person__P2_______.png,224,248,7
0224__09_58_47__i0250298__gcn0073131__0073131__person__P2_______.png,152,189,7
0224__09_58_47__i0250298__gcn0073219__0073219__person__P2_______.png,200,184,4
0224__09_58_56__i0250359__gcn0073219__0073555__person__P2_L2____.png,77,135,4
0224__09_58_59__i0250386__gcn0073131__0073131__person___________.png,94,173,7
0224__09_59_01__i0250398__gcn0073102__0073691__person___________.png,82,151,6
0224__09_59_01__i0250401__gcn0073131__0073131__person___________.png,85,167,7
0224__10_00_03__i0250893__gcn0075342__0075362__person__P2_L2____.png,32,198,3
0224__10_00_19__i0250981__gcn0075301__0075802__person___________.png,163,143,6
0224__10_00_34__i0251095__gcn0073102__0076266__person_____L2____.png,81,164,7
0224__10_03_22__i0252658__gcn0077136__0077278__person_____L2____.png,6,147,7
0224__10_03_23__i0252671__gcn0077136__0077304__person___________.png,36,164,7
0224__10_04_47__i0253439__gcn0078485__0078680__person__P2_______.png,50,148,1
0224__10_06_02__i0254248__gcn0079438__0079907__person_____L2____.png,255,130,6
0224__10_06_20__i0254438__gcn0078941__0080415__person___________.png,237,145,7
0224__10_07_39__i0255125__gcn0081741__0081871__person__P1_L2____.png,40,166,2
0224__10_07_41__i0255139__gcn0081741__0081871__person__P2_______.png,96,195,2
0224__10_07_43__i0255155__gcn0081741__0081871__person__P2_______.png,126,176,2
0224__10_07_43__i0255162__gcn0081741__0081871__person__P2_L1____.png,154,168,2
0224__10_07_50__i0255238__gcn0081741__0082245__person_____L2____.png,237,237,2
0224__10_07_51__i0255242__gcn0082249__0082249__multy_____L2____.png,2,9,2
0224__10_08_22__i0255562__gcn0082377__0082689__person___________.png,248,140,4
0224__10_08_41__i0255710__gcn0082892__0082892__person__P2_______.png,159,207,2
0224__10_10_59__i0256754__gcn0085368__0085380__person___________.png,114,207,7
0224__12_18_47__i1123596__gcn1614158322947016968__1614158325390896136__person_1614158322769349162.png,68,220,3
0224__12_58_02__i1161290__gcn1614160661837723146__1614160681295115013__multy_1614160678613573311.png,54,72,8
0224__13_40_55__i1199723__gcn1614163252213045002__1614163252213045002__person_1614163252601501259.png,204,64,7
0224__14_04_26__i1220420__gcn1614164661823843076__1614164664763469828__person_1614164662523016211.png,82,192,3
0224__14_04_27__i1220439__gcn1614164661823843076__1614164663064964105__person_1614164663863030260.png,102,171,3
0224__14_19_58__i1233954__gcn1614165594059494921__1614165594059494921__person_1614165595637521445.png,100,153,3
0224__14_20_00__i1233972__gcn1614165594059494921__1614165594059494921__person_1614165597237062434.png,132,183,3
0224__14_26_33__i1239040__gcn1614165954546937092__1614165954842920964__person_1614165990025605248.png,26,167,6
0224__14_31_55__i1243502__gcn1614166309329915906__1614166314848547848__person_1614166312896699485.png,160,172,6
0224__14_52_35__i1263208__gcn1614167546472601865__1614167554089138947__person_1614167551572799294.png,39,192,6
0224__18_16_31__i1438744__gcn1614179782769319172__1614179782769319172__person_1614179787710764738.png,146,218,7
0225_09_39_06_i4797380_id94859_tcn-94859_cn1582623547409744000_thr995.Out_.jpg,244,44,0
0225_10_53_33_i4838213_id97539_tcn-97539_cn1582628022372868000_thr706.Sgl_different_place.jpg,153,192,4
0225_10_55_55_i4838965_id97954_tcn-97954_cn1582628155657092000_thr950.Out_bord_different_place.jpg,18,103,6
0225_10_56_41_i4839353_id98041_tcn-98041_cn1582628212716580000_thr989.Sgl_crossing.jpg,159,92,4
0225_11_44_22_i4860567_id101106_tcn-101106_cn1582631073720550000_thr838._different_place.jpg,35,203,6
0225_11_44_36_i4860605_id101188_tcn-101172_cn1582631068950813000_thr990._different_place.jpg,114,70,6
0225_12_07_35_i4867712_id103293_tcn-103289_cn1582632461963746000_thr993._crossing.jpg,6,93,6
0225_12_16_43_i4870371_id104246_tcn-104246_cn1582633015367928000_thr749.In_bord_.jpg,82,167,6
0225_13_35_44_i4907945_id108381_tcn-108381_cn1582637743226592000_thr954._.jpg,57,219,7
0225_13_38_10_i4909037_id108559_tcn-108559_cn1582637885887196000_thr957.Out_bord_.jpg,5,151,6
0225_13_54_29_i4917321_id109155_tcn-109155_cn1582638882426370000_thr909.In_different_place.jpg,77,179,4
0225_14_28_38_i4932864_id111297_tcn-111297_cn1582640930776296000_thr995.Sgl_different_place.jpg,172,57,6
0225_15_04_28_i4952058_id112133_tcn-112133_cn1582643073768234000_thr986._different_place.jpg,70,242,6
0225_15_04_31_i4952073_id112179_tcn-112179_cn1582643085891104000_thr968.Sgl_crossing.jpg,178,83,3
0225_16_55_47_i5007475_id116958_tcn-116958_cn1582649758723479000_thr978._crossing.jpg,127,230,3
0225_18_05_30_i5047739_id117780_tcn-117752_cn1582653932408732000_thr979._.jpg,222,38,6
0225_18_29_20_i5061179_id118191_tcn-118191_cn1582655372892981000_thr975.Sgl_.jpg,85,177,6
0225_18_37_35_i5065261_id118615_tcn-118615_cn1582655869483572000_thr932.Sgl_different_place.jpg,48,205,6
0225__09_20_29__i0407104__gcn1614234026768588032__1614234026768588032__person_1614234025316064805.png,173,217,3
0225__10_37_00__i0272815__gcn0082442__0082509__person___________.png,24,144,2
0225__10_37_16__i0272970__gcn0082523__0082533__person__P2_______.png,248,0,2
0225__10_37_18__i0272991__gcn0082554__0082554__person__P1_L1____.png,132,208,2
0225__10_37_21__i0273020__gcn0082554__0082554__person__P1_L1____.png,36,12,2
0225__10_47_31__i0279120__gcn0085558__0085558__person__P1_L1____.png,120,194,3
0225__10_52_57__i0282367__gcn0088201__0088201__person__P2_______.png,245,242,2
0225__10_53_00__i0282395__gcn0088201__0088201__person__P2_______.png,97,163,2
0225__10_57_09__i0284898__gcn0090727__0090727__person__P2_______.png,11,155,8
0225__11_00_12__i0286663__gcn0092605__0093017__person_____L1____.png,75,154,3
0225__11_08_29__i0291701__gcn0096408__0096432__person_____L2____.png,36,13,8
0225__11_22_09__i0299893__gcn0101326__0101326__multy_____L2____.png,9,132,3
0225__11_22_26__i0507764__gcn1614241329657797127__1614241332103655178__person_1614241342937169265.png,68,182,2
0225__11_22_27__i0507771__gcn1614241329657797127__1614241332103655178__person_1614241343847016657.png,88,182,2
0225__11_22_28__i0507778__gcn1614241329657797127__1614241332103655178__person_1614241344537026584.png,92,180,2
0225__11_22_28__i0507785__gcn1614241329657797127__1614241332103655178__person_1614241345136960557.png,132,208,2
0225__11_22_29__i0507794__gcn1614241329657797127__1614241347862241030__person_1614241345746979476.png,167,230,2
0225__11_26_54__i0302753__gcn0102960__0102960__person__P2_______.png,97,179,4
0225__11_28_25__i0303662__gcn0103701__0103725__multy___________.png,81,178,6
0225__11_30_56__i0305170__gcn0104166__0104464__person__P2_______.png,118,174,3
0225__11_39_09__i0309997__gcn0107690__0107716__person__P2_______.png,206,190,2
0225__11_45_48__i0313599__gcn0112567__0112691__person_____L2____.png,69,142,6
0225__11_46_09__i0313811__gcn0112963__0113056__person___________.png,236,140,6
0225__11_47_42__i0525950__gcn1614242849280528906__1614242849280528906__person_1614242859187677330.png,17,131,3
0225__11_49_50__i0527417__gcn1614242391249878790__1614242982871966979__person_1614242986214385559.png,29,140,1
0225__11_52_00__i0528916__gcn1614242849280528906__1614243092467232007__person_1614243116791164649.png,24,140,3
0225__11_52_06__i0528979__gcn1614242849280528906__1614243092467232007__person_1614243122541413719.png,74,151,3
0225__11_52_13__i0529046__gcn1614242849280528906__1614243125697927936__person_1614243129150801063.png,120,172,3
0225__11_58_39__i0533570__gcn1614243510571366148__1614243512982290946__person_1614243515340187464.png,35,153,2
0225__11_58_40__i0533582__gcn1614243510571366148__1614243512982290946__person_1614243516240109485.png,39,170,2
0225__11_58_42__i0533612__gcn1614243510571366148__1614243512982290946__person_1614243518790179155.png,122,180,2
0225__12_03_06__i0323984__gcn0118212__0118278__person__P2_______.png,58,218,1
0225__12_06_50__i0326250__gcn0120304__0120358__person__P2_______.png,124,197,4
0225__12_06_54__i0539367__gcn1614244005069697033__1614244010023042049__person_1614244010805107289.png,60,145,0
0225__12_06_55__i0539370__gcn1614244005069697033__1614244010023042049__person_1614244011293809799.png,65,133,0
0225__12_06_56__i0539379__gcn1614243945818773002__1614244013783544066__person_1614244012255454796.png,112,140,6
0225__12_09_38__i0327929__gcn0121189__0121189__person__P2_______.png,144,189,4
0225__12_09_39__i0327942__gcn0121189__0121189__person__P2_______.png,88,165,4
0225__12_10_35__i0328500__gcn0121458__0121458__person__P1_L1____.png,197,195,1
0225__12_11_32__i0329074__gcn0121975__0121975__multy__P1_______.png,176,186,2
0225__12_17_20__i0332504__gcn0124005__0124076__person_____L2____.png,64,176,6
0225__12_20_26__i0334410__gcn0126942__0126951__person___________.png,246,202,6
0225__12_20_27__i0334421__gcn0126942__0126957__person_____L2____.png,164,168,6
0225__12_26_21__i0337940__gcn0128443__0128482__multy___________.png,58,169,6
0225__12_26_22__i0337944__gcn0128209__0128490__person_____L1____.png,12,122,6
0225__12_27_01__i0338351__gcn0128883__0128914__person__P2_______.png,85,163,4
0225__12_27_59__i0338939__gcn0129008__0129008__person__P2_L1____.png,38,146,3
0225__12_29_11__i0339668__gcn0129370__0129381__person___________.png,104,200,4
0225__12_29_15__i0339707__gcn0129420__0129420__multy_____L2____.png,106,171,6
0225__12_29_31__i0339867__gcn0129542__0129543__person___________.png,76,152,6
0225__12_29_48__i0340038__gcn0129641__0129651__person___________.png,100,232,4
0225__12_30_31__i0340455__gcn0129855__0130076__multy__P2_______.png,51,211,6
0225__12_30_34__i0340482__gcn0129855__0130126__multy__P2_______.png,47,19,6
0225__12_31_17__i0340924__gcn0130463__0130463__person__P1_L2____.png,231,191,3
0225__12_40_30__i0346450__gcn0131649__0131711__person__P2_L1____.png,31,133,3
0225__12_40_31__i0346461__gcn0131649__0131711__person__P2_______.png,75,153,3
0225__12_47_48__i0350815__gcn0133745__0133745__multy__P2_______.png,81,12,6
0225__12_48_42__i0351375__gcn0133857__0133906__person__P1_L2____.png,26,155,3
0225__12_51_18__i0568495__gcn1614246416491045888__1614246673696166144__person_1614246674056133477.png,19,153,1
0225__12_51_18__i0568498__gcn1614246416491045888__1614246673696166144__person_1614246674516142704.png,16,143,1
0225__12_51_25__i0568532__gcn1614246416491045888__1614246679854028036__person_1614246678106011162.png,129,204,1
0225__12_51_25__i0568533__gcn1614243945818773002__1614246681549527040__person_1614246678506319327.png,128,204,1
0225__12_51_38__i0568596__gcn1614246684923985922__1614246695556876808__person_1614246689755791402.png,150,160,1
0225__12_51_38__i0568597__gcn1614246684923985922__1614246695556876808__person_1614246689815858680.png,148,160,1
0225__12_52_32__i0569163__gcn1614246746158510083__1614246746158510083__person_1614246747624300886.png,27,165,7
0225__12_55_34__i0355474__gcn0135378__0135378__person__P2_______.png,168,213,7
0225__13_14_13__i0366690__gcn0139121__0139157__person__P2_______.png,46,158,4
0225__13_17_44__i0368803__gcn0139459__0139459__person__P2_______.png,186,182,1
0225__13_17_45__i0368811__gcn0139474__0139474__person__P2_______.png,91,137,3
0225__13_19_08__i0587326__gcn1614248342369280002__1614248342369280002__multy_1614248339385795343.png,101,155,6
0225__13_25_12__i0591115__gcn1614248709361777930__1614248709787614211__person_1614248707974115235.png,60,174,1
0225__13_25_13__i0591127__gcn1614248709361777930__1614248709787614211__person_1614248709020837705.png,107,182,1
0225__13_25_14__i0591135__gcn1614248709361777930__1614248709787614211__person_1614248709673898715.png,132,184,1
0225__13_27_46__i0374815__gcn0140580__0140580__person__P2_______.png,45,131,4
0225__13_41_15__i0382909__gcn0142416__0142416__person__P2_______.png,49,157,7
0225__13_43_53__i0384486__gcn0142918__0143026__person__P2_______.png,96,153,3
0225__13_56_18__i0012748__gcn1614250562119307014__1614250576437360903__person_1614250573664995224.png,48,212,1
0225__13_57_25__i0392591__gcn0146224__0146224__multy_____L2____.png,6,114,6
0225__13_57_31__i0392643__gcn0146025__0146025__person__P2_______.png,129,202,1
0225__13_57_32__i0392649__gcn0146025__0146025__person__P2_L1____.png,161,170,1
0225__14_06_30__i0019359__gcn1614251173770919941__1614251188452732929__person_1614251187316891003.png,48,152,4
0225__14_06_31__i0019365__gcn1614251189694595082__1614251189694595082__multy_1614251188106705509.png,48,152,4
0225__14_07_06__i0019700__gcn1614251223863919109__1614251223863919109__person_1614251221765871957.png,17,140,6
0225__14_14_23__i0402789__gcn0148946__0148946__multy_____L2____.png,215,4,6
0225__14_14_24__i0402798__gcn0148468__0148548__person_____L1____.png,220,220,6
0225__14_21_19__i0406950__gcn0150899__0150932__person__P2_L1____.png,72,15,6
0225__14_22_43__i0407789__gcn0151727__0151727__person__P2_______.png,20,35,3
0225__14_31_25__i0412036__gcn0157194__0157296__person_____L2____.png,92,156,6
0225__14_32_12__i0412287__gcn0158158__0158528__person_____L1____.png,20,128,6
0225__14_43_38__i0418328__gcn0166677__0166677__person__P2_______.png,124,198,5
0225__14_53_01__i0422895__gcn0172655__0173770__person__P2_______.png,64,149,4
0225__14_53_06__i0422927__gcn0172655__0173770__person__P2_______.png,241,230,4
0225__14_55_04__i0050017__gcn1614254092570820100__1614254092859982858__person_1614254099586339535.png,84,160,3
0225__14_55_05__i0050026__gcn1614254092570820100__1614254092859982858__person_1614254100026325605.png,84,160,3
0225__14_59_26__i0426329__gcn0178731__0178731__person__P1_L1____.png,8,60,7
0225__15_02_10__i0427681__gcn0179965__0179965__person__P1_L1____.png,96,168,7
0225__15_02_16__i0427746__gcn0180053__0180059__person__P2_______.png,15,132,3
0225__15_02_41__i0427990__gcn0180235__0180322__person_____L2____.png,168,207,3
0225__15_04_33__i0429011__gcn0181653__0181735__person_____L2____.png,1,133,3
0225__15_04_38__i0055625__gcn1614254666446964998__1614254675905989895__person_1614254674220851348.png,242,145,1
0225__15_07_09__i0430440__gcn0184209__0184209__person__P1_L1____.png,140,235,3
0225__15_07_10__i0430445__gcn0184209__0184209__person__P1_L1____.png,184,208,3
0225__15_07_10__i0430451__gcn0184209__0184353__person___________.png,186,222,3
0225__15_07_41__i0430747__gcn0184712__0184880__person_____L2____.png,146,217,3
0225__15_09_01__i0431306__gcn0185650__0185798__person___________.png,232,152,4
0225__15_09_24__i0431527__gcn0185863__0185865__person___________.png,55,136,8
0225__15_10_22__i0432109__gcn0186315__0186315__person__P2_______.png,39,138,3
0225__15_11_36__i0432744__gcn0187116__0187262__person__P2_______.png,157,206,3
0225__15_12_11__i0433099__gcn0187934__0188174__person_____L2____.png,93,163,3
0225__15_12_11__i0433101__gcn0187934__0188135__person_____L2____.png,157,168,3
0225__15_12_33__i0433347__gcn0188453__0188453__person__P2_______.png,93,205,3
0225__15_14_43__i0434721__gcn0189665__0189665__person__P2_L1____.png,247,133,6
0225__15_14_44__i0434730__gcn0189807__0189807__multy_____L2____.png,16,135,6
0225__15_15_20__i0062081__gcn1614255314632186881__1614255316457842179__person_1614255315763894585.png,12,139,1
0225__15_22_45__i0439537__gcn0193984__0193984__person__P2_______.png,31,184,3
0225__15_23_49__i0440180__gcn0194158__0194158__person__P2_______.png,220,205,3
0225__15_31_44__i0444933__gcn0198062__0198062__person_____L2____.png,186,207,3
0225__15_32_06__i0445153__gcn0198364__0198471__person_____L2____.png,235,144,3
0225__15_32_06__i0445154__gcn0198364__0198472__person___________.png,250,131,3
0225__15_32_08__i0445176__gcn0198364__0198472__person___________.png,36,124,3
0225__15_32_11__i0445206__gcn0198364__0198472__person___________.png,33,119,3
0225__15_33_21__i0445893__gcn0198955__0198955__person__P1_L1____.png,28,8,3
0225__15_38_51__i0449013__gcn0204253__0204253__person__P2_______.png,152,178,3
0225__15_38_52__i0449019__gcn0204253__0204253__person_____L2____.png,156,192,3
0225__15_41_27__i0450565__gcn0206062__0206113__multy___________.png,15,175,4
0225__15_43_32__i0451462__gcn0207507__0207779__person___________.png,245,98,4
0225__15_43_32__i0451464__gcn0207507__0207779__person_____L2____.png,240,80,4
0225__15_43_34__i0451479__gcn0207507__0207779__person___________.png,36,56,4
0225__15_44_02__i0451640__gcn0207761__0208487__multy__P2_______.png,55,58,4
0225__15_45_49__i0452306__gcn0209948__0209948__person__P2_______.png,243,50,4
0225__15_46_06__i0452422__gcn0210069__0210268__person__P2_______.png,5,246,1
0225__16_11_18__i0466798__gcn0227444__0227444__person_____L2____.png,154,190,6
0225__16_11_24__i0466861__gcn0227444__0227499__person___________.png,68,164,6
0225__16_12_06__i0467271__gcn0227636__0227636__multy_____L2____.png,108,180,6
0225__16_12_13__i0467345__gcn0227618__0227618__person___________.png,116,180,6
0225__16_12_15__i0467359__gcn0227618__0227743__person___________.png,76,164,6
0225__16_16_30__i0469922__gcn0229219__0229219__person__P2_______.png,99,184,7
0225__16_16_52__i0470132__gcn0229522__0229533__person__P2_______.png,109,175,3
0225__16_22_52__i0473555__gcn0235449__0235451__person__P2_______.png,48,17,7
0225__16_22_53__i0473563__gcn0235449__0235451__person__P2_______.png,224,252,7
0225__16_22_54__i0473569__gcn0235489__0235489__person_____L2____.png,124,187,7
0225__16_22_58__i0473591__gcn0235547__0235547__multy_____L2____.png,184,176,7
0225__16_33_12__i0478962__gcn0241879__0241879__person_____L2____.png,198,180,7
0225__16_41_24__i0482973__gcn0248949__0248949__person__P2_______.png,195,223,2
0225__16_41_27__i0483005__gcn0248949__0248949__person__P2_______.png,74,195,2
0225__16_46_08__i0485792__gcn0250731__0250789__person__P2_______.png,18,241,3
0225__16_46_13__i0485847__gcn0250950__0251030__person__P1_L1____.png,251,132,6
0225__16_57_58__i0492845__gcn0254279__0254388__multy__P2_______.png,101,146,6
0225__16_57_58__i0492847__gcn0254063__0254210__person__P2_______.png,71,183,3
0225__16_58_04__i0492874__gcn0254063__0254210__person__P2_______.png,138,197,3
0225__16_58_30__i0493102__gcn0255087__0255164__person__P2_______.png,67,139,3
0225__16_58_31__i0493123__gcn0255087__0255164__person__P2_______.png,140,166,3
0225__17_00_08__i0494209__gcn0255292__0255348__person__P1_L1____.png,54,78,3
0225__17_02_22__i0495524__gcn0256441__0256569__person__P1_L1____.png,247,130,3
0225__17_02_32__i0495607__gcn0256441__0256569__person_____L2____.png,27,47,3
0225__17_02_33__i0495625__gcn0256441__0256569__person__P1_L1____.png,80,88,3
0225__17_06_15__i0497860__gcn0259074__0259080__person__P2_L1____.png,10,124,2
0225__17_06_20__i0497906__gcn0259074__0259080__person__P2_L1____.png,87,150,2
0225__17_06_21__i0497924__gcn0259074__0259291__person_____L2____.png,140,168,2
0225__17_06_45__i0498171__gcn0259350__0259354__person___________.png,175,192,3
0225__17_06_54__i0498270__gcn0259414__0259517__person__P2_______.png,159,185,0
0225__17_10_19__i0500252__gcn0261062__0261368__person_____L2____.png,140,164,3
0225__17_10_21__i0500275__gcn0261160__0261404__person___________.png,93,7,6
0225__17_15_07__i0503087__gcn0263197__0263520__person__P2_______.png,191,224,3
0225__17_15_08__i0503092__gcn0263197__0263520__person__P2_L1____.png,1,1,3
0225__17_23_28__i0508164__gcn0265807__0265820__person__P2_L1____.png,58,158,6
0225__18_40_56__i0554698__gcn0270251__0270296__person__P2_L2____.png,70,135,6
0225__19_22_58__i0579928__gcn0270863__0270863__person_____L2____.png,233,206,2
0225__20_08_12__i0607065__gcn0272121__0272214__person__P2_______.png,251,134,4
0225__20_08_14__i0607092__gcn0272121__0272214__person__P2_______.png,94,183,4
0225__20_09_24__i0607793__gcn0272332__0272332__person_____L2____.png,231,207,4
0225__20_34_23__i0622782__gcn0273238__0273238__person_____L2____.png,48,52,0
0225__20_34_26__i0622808__gcn0273266__0273266__multy___________.png,203,209,0
0225__20_45_13__i0629286__gcn0273819__0273819__person__P2_______.png,123,191,4
0225__20_45_15__i0629300__gcn0273819__0273819__person__P2_______.png,219,16,4
0226_08_29_57_i5563147_id120336_tcn-120336_cn1582705811879624000_thr834.Sg_bord_different_place.jpg,155,171,6
0226_13_31_46_i5734107_id124583_tcn-124581_cn1582723913318027000_thr1000._crossing.jpg,97,129,6
0226_13_43_08_i5740104_id124992_tcn-124992_cn1582724596415777000_thr945.In_bord_.jpg,219,173,6
0226_14_19_13_i5758844_id126613_tcn-126613_cn1582726743903614000_thr538._crossing.jpg,46,229,6
0226_15_46_53_i5807634_id128831_tcn-128826_cn1582732021710507000_thr966.Out_.jpg,2,7,6
0226_17_37_39_i5869813_id131369_tcn-131369_cn1582738657586284000_thr642._crossing.jpg,183,87,6
0226__06_55_58__i0141149__gcn0001151__0001151__person_____L2____.png,116,22,3
0226__07_04_10__i0146072__gcn0001229__0001229__person__P2_______.png,201,187,3
0226__07_04_10__i0146076__gcn0001229__0001229__person__P2_L1____.png,225,171,3
0226__07_05_25__i0146820__gcn0001304__0001304__person__P1_L1____.png,56,240,0
0226__07_10_40__i0149967__gcn0001491__0001491__person__P2_L1____.png,58,6,3
0226__07_10_40__i0149974__gcn0001491__0001491__person__P2_L1____.png,32,224,0
0226__07_22_44__i0157209__gcn0002757__0002757__person__P2_______.png,4,222,3
0226__07_25_40__i0158971__gcn0003077__0003077__person__P2_______.png,112,172,3
0226__07_33_02__i0163386__gcn0003480__0003480__person__P2_L1____.png,123,183,3
0226__07_33_04__i0163406__gcn0003563__0003563__person__P2_______.png,200,207,0
0226__07_33_05__i0163410__gcn0003563__0003563__person__P2_______.png,167,171,0
0226__07_33_06__i0163423__gcn0003480__0003480__person__P1_L1____.png,24,127,6
0226__07_34_07__i0164046__gcn0003963__0003963__person_____L2____.png,32,182,3
0226__07_35_05__i0164613__gcn0004224__0004341__person___________.png,51,139,6
0226__07_35_25__i0164823__gcn0004224__0004341__person___________.png,37,140,3
0226__07_59_20__i0179173__gcn0011659__0011932__person__P2_______.png,114,189,4
0226__07_59_22__i0179195__gcn0011659__0011932__person__P2_______.png,252,34,4
0226__08_06_01__i0183112__gcn0015201__0015201__person__P2_______.png,125,165,7
0226__08_08_58__i0184471__gcn0018432__0018432__person__P2_______.png,16,130,4
0226__08_13_54__i0187272__gcn0024435__0024483__person___________.png,56,164,6
0226__08_16_28__i0188412__gcn0027191__0027191__multy_____L2____.png,140,246,6
0226__08_23_25__i0192672__gcn0031236__0031253__person___________.png,96,168,4
0226__08_33_38__i0198801__gcn0034628__0034628__multy_____L2____.png,204,230,6
0226__09_14_55__i0223574__gcn0043660__0043671__person__P2_______.png,231,169,6
0226__09_26_19__i0230414__gcn0045334__0045334__person__P1_L2____.png,108,208,0
0226__09_44_37__i0241358__gcn0052868__0052868__person__P1_L1____.png,211,169,3
0226__09_44_38__i0241366__gcn0052833__0052845__person__P2_______.png,103,168,3
0226__09_44_38__i0241369__gcn0052868__0052868__person__P2_______.png,132,187,7
0226__10_10_12__i0256755__gcn0061260__0061261__person_____L1____.png,100,208,6
0226__10_11_20__i0257433__gcn0061289__0061289__person_____L2____.png,85,172,6
0226__10_21_52__i0263751__gcn0065157__0065342__person__P2_L2____.png,114,168,1
0226__10_25_43__i0266063__gcn0066160__0066170__person__P2_______.png,98,171,6
0226__10_28_28__i0267716__gcn0066635__0066635__multy_____L2____.png,43,62,6
0226__10_38_23__i0273642__gcn0068841__0068872__person__P2_______.png,134,183,6
0226__10_50_22__i0280847__gcn0071194__0071194__person_____L2____.png,8,158,7
0226__10_59_12__i0286158__gcn0072624__0072624__person__P2_______.png,241,228,2
0226__11_01_02__i0287250__gcn0073561__0073561__multy_____L2____.png,91,86,6
0226__11_09_29__i0292330__gcn0074888__0074888__person__P2_______.png,64,11,6
0226__11_35_51__i0308148__gcn0078343__0078343__person__P2_L2____.png,140,199,7
0226__11_40_00__i0310574__gcn0080274__0080415__person___________.png,164,220,6
0226__11_40_29__i0310843__gcn0080535__0080890__person___________.png,120,180,6
0226__11_42_06__i0311753__gcn0082473__0082494__person___________.png,171,195,6
0226__11_42_07__i0311757__gcn0082504__0082504__person_____L2____.png,95,135,6
0226__11_43_44__i0312637__gcn0083817__0083849__person___________.png,18,233,8
0226__11_46_08__i0313794__gcn0085422__0085422__person__P2_______.png,118,251,2
0226__11_46_09__i0313799__gcn0085422__0085422__person__P2_L1____.png,18,19,2
0226__11_48_53__i0315491__gcn0086192__0086192__person__P2_L1____.png,63,193,4
0226__11_49_32__i0315892__gcn0086559__0086559__person___________.png,7,139,6
0226__11_50_40__i0316528__gcn0087170__0087556__person___________.png,230,190,0
0226__11_50_43__i0316559__gcn0087630__0087630__multy_____L2____.png,118,171,6
0226__11_52_33__i0621599__gcn1614322349153406979__1614329548895342085__multy_1614329546423584717.png,20,132,3
0226__11_52_37__i0621616__gcn1614329547183696138__1614329552935514882__person_1614329549533530317.png,41,140,3
0226__11_52_41__i0621625__gcn1614329547183696138__1614329555489412100__person_1614329551123647840.png,139,167,3
0226__11_52_42__i0621628__gcn1614329547183696138__1614329555489412100__person_1614329551283411445.png,122,172,3
0226__11_52_42__i0621629__gcn1614329547183696138__1614329556071332100__person_1614329551383402184.png,93,176,3
0226__11_52_46__i0621633__gcn1614329547183696138__1614329557104301827__person_1614329551883691381.png,145,156,3
0226__11_52_49__i0621635__gcn1614329547183696138__1614329557602727941__person_1614329552273347426.png,137,219,3
0226__12_02_57__i0323946__gcn0091157__0091206__person_____L1____.png,196,242,6
0226__12_03_14__i0624851__gcn1614330182716960009__1614330189456155907__person_1614330184615817318.png,93,153,1
0226__12_05_36__i0625488__gcn1614330110085444096__1614330329343940866__person_1614330324052437023.png,108,184,6
0226__12_05_38__i0625489__gcn1614330329674724096__1614330329674724096__multy_1614330324502305450.png,71,161,6
0226__12_07_09__i0326458__gcn0092652__0092674__person___________.png,204,184,6
0226__12_08_30__i0327273__gcn0093221__0093315__person_____L1____.png,188,196,6
0226__12_08_57__i0327544__gcn0093600__0093600__person___________.png,175,167,6
0226__12_09_15__i0327713__gcn0093723__0093897__person___________.png,72,156,6
0226__12_09_34__i0327900__gcn0094176__0094196__person___________.png,112,200,6
0226__12_10_21__i0328292__gcn0093319__0095012__person___________.png,227,195,6
0226__12_10_59__i0328619__gcn0094597__0095877__person___________.png,108,168,7
0226__12_11_23__i0328824__gcn0095175__0096427__multy__P2_______.png,182,183,6
0226__12_11_25__i0328841__gcn0093977__0096431__person___________.png,43,137,7
0226__12_11_28__i0328878__gcn0096536__0096536__multy_____L2____.png,98,184,7
0226__12_11_29__i0328882__gcn0094597__0096548__person_____L1____.png,124,172,7
0226__12_11_38__i0328962__gcn0096641__0096707__person___________.png,54,37,2
0226__12_11_38__i0328964__gcn0096641__0096711__person_____L1____.png,108,44,2
0226__12_11_39__i0328969__gcn0096641__0096716__person_____L1____.png,34,62,2
0226__12_11_40__i0328971__gcn0096641__0096720__person___________.png,32,57,2
0226__12_13_15__i0329656__gcn0097335__0097435__person_____L2____.png,60,148,6
0226__12_13_19__i0329695__gcn0097335__0097468__person_____L2____.png,174,222,7
0226__12_14_30__i0330400__gcn0098241__0098241__multy_____L2____.png,186,211,7
0226__12_14_30__i0330404__gcn0098178__0098250__person_____L1____.png,208,204,7
0226__12_15_11__i0330812__gcn0098658__0098748__person___________.png,200,216,4
0226__12_15_25__i0330952__gcn0098419__0098831__person_____L2____.png,199,33,4
0226__12_19_21__i0332810__gcn0101891__0101891__multy___________.png,114,20,4
0226__12_20_00__i0333170__gcn0102506__0102545__multy__P2_______.png,232,51,2
0226__12_20_00__i0333171__gcn0102363__0102546__person_____L2____.png,209,56,2
0226__12_20_00__i0333172__gcn0102363__0102547__person___________.png,208,56,2
0226__12_50_41__i1236371__gcn1614333018110873090__1614333022583607813__person_1614333048951305329.png,49,159,7
0226__12_50_49__i1236411__gcn1614333018110873090__1614333036351567108__person_1614333057351132800.png,3,158,7
0226__12_52_40__i0352779__gcn0111788__0111799__person_____L2____.png,60,172,7
0226__12_53_45__i1236976__gcn1614333208552016903__1614333208552016903__person_1614333216547026006.png,37,135,7
0226__12_53_46__i1236977__gcn1614333207539685897__1614333207983963908__person_1614333219147329225.png,17,146,7
0226__12_54_13__i0353746__gcn0112629__0112629__multy___________.png,33,118,6
0226__12_54_21__i0353808__gcn0112804__0112804__multy___________.png,103,54,6
0226__12_54_45__i0354064__gcn0112979__0112979__multy_____L2____.png,62,24,6
0226__12_54_52__i0354114__gcn0113123__0113123__multy_____L2____.png,70,14,6
0226__13_01_53__i1239044__gcn1614333705500003072__1614333705500003072__person_1614333724764970174.png,22,144,7
0226__13_03_12__i0642730__gcn1614333787313707016__1614333787313707016__person_1614333783451472374.png,8,15,7
0226__13_14_30__i0365906__gcn0119014__0119106__person__P2_______.png,81,156,1
0226__13_14_31__i0365913__gcn0119014__0119106__person__P2_______.png,84,153,1
0226__13_14_33__i0365935__gcn0119014__0119106__person__P2_L1____.png,236,204,1
0226__13_16_40__i0367227__gcn0119910__0119910__person__P2_L2____.png,150,252,1
0226__13_30_44__i0650811__gcn1614335433088315908__1614335439258599172__person_1614335434828474784.png,136,191,6
0226__13_30_47__i0650815__gcn1614335440046166023__1614335440046166023__person_1614335435628502045.png,137,209,6
0226__13_43_02__i0383042__gcn0125780__0125785__person__P1_L2____.png,151,243,7
0226__13_43_02__i0383045__gcn0125780__0125785__person__P1_L2____.png,143,166,7
0226__14_03_53__i0661571__gcn1614337427450808074__1614337427450808074__person_1614337424274938772.png,188,3,7
0226__14_03_53__i0661576__gcn1614337427450808074__1614337427450808074__person_1614337424775005864.png,184,244,7
0226__14_18_21__i0666113__gcn1614338292609020934__1614338292609020934__person_1614338293282691841.png,140,232,1
0226__14_27_11__i0668960__gcn1614338826236898052__1614338826236898052__multy_1614338824248728491.png,64,156,6
0226__14_29_42__i0411054__gcn0131835__0131835__multy___________.png,24,131,6
0226__14_33_52__i0413552__gcn0131997__0132080__person__P1_L1____.png,17,249,3
0226__14_39_56__i0417181__gcn0132597__0132633__multy___________.png,76,167,6
0226__14_43_38__i0419411__gcn0133776__0133837__person__P2_L1____.png,253,234,3
0226__14_43_39__i0419420__gcn0133774__0133967__person_____L2____.png,89,139,3
0226__14_52_59__i0677335__gcn1614340375446553089__1614340376057995018__person_1614340370798865802.png,55,138,6
0226__14_53_11__i0677390__gcn1614340385512918024__1614340386212187911__person_1614340381298379849.png,110,158,6
0226__14_53_11__i0677391__gcn1614340384209117953__1614340386332452096__person_1614340381858237406.png,197,227,6
0226__14_59_58__i0429216__gcn0136993__0136993__person__P2_______.png,89,168,3
0226__14_59_59__i0429220__gcn0136993__0136993__person__P2_______.png,114,151,3
0226__15_21_32__i0442159__gcn0138431__0138431__person__P2_______.png,15,41,3
0226__15_23_14__i0443155__gcn0139207__0139207__multy_____L2____.png,114,17,7
0226__15_31_28__i0448119__gcn0140611__0140661__person__P2_______.png,163,185,1
0226__15_31_47__i0448296__gcn0140725__0140761__person__P2_______.png,104,148,2
0226__15_46_58__i0457415__gcn0143695__0143695__person__P2_______.png,50,140,3
0226__16_09_50__i0471106__gcn0149996__0149996__multy_____L2____.png,54,230,6
0226__16_32_22__i0484666__gcn0153855__0153869__person__P2_______.png,74,167,5
0226__16_32_25__i0484693__gcn0153939__0153939__multy___________.png,242,62,5
0226__16_38_45__i0488493__gcn0155192__0155200__person_____L1____.png,60,80,2
0226__16_38_48__i0488522__gcn0155192__0155206__person__P2_______.png,137,194,2
0226__16_55_17__i0498392__gcn0158006__0158167__person__P2_L1____.png,230,222,0
0226__16_55_35__i0498561__gcn0158544__0158544__person__P1_L1____.png,192,219,1
0226__16_57_44__i0499810__gcn0159378__0159825__person___________.png,23,180,0
0226__16_59_06__i0500677__gcn0160464__0160508__person__P2_______.png,106,164,3
0226__16_59_09__i0500703__gcn0160602__0160602__multy__P1_______.png,38,252,3
0226__16_59_56__i0501204__gcn0160836__0160836__person__P1_L2____.png,142,26,7
0226__17_00_28__i0501470__gcn0161415__0161415__multy__P1_______.png,64,159,3
0226__17_00_38__i0501533__gcn0160825__0161653__person___________.png,48,20,3
0226__17_01_12__i0501777__gcn0162329__0162329__multy_____L2____.png,67,136,6
0226__17_01_23__i0501841__gcn0162501__0162605__multy__P2_______.png,76,61,3
0226__17_01_27__i0501882__gcn0161603__0162566__person__P1_L1____.png,109,182,3
0226__17_01_29__i0501903__gcn0161603__0162750__person_____L2____.png,170,192,6
0226__17_06_49__i0505318__gcn0163257__0163334__person__P2_______.png,154,184,3
0226__17_07_34__i0721513__gcn1614348445868953096__1614348450055555074__person_1614348446545889395.png,97,147,4
0226__17_07_38__i0721535__gcn1614348445868953096__1614348454425628934__person_1614348450785714828.png,251,150,4
0226__17_11_39__i0508237__gcn0163783__0163858__person__P2_______.png,38,148,4
0226__17_11_41__i0508259__gcn0163783__0163858__person__P2_______.png,146,186,4
0226__17_11_43__i0508275__gcn0163902__0163902__multy_____L2____.png,242,14,4
0226__17_13_26__i0509307__gcn0164112__0164112__person_____L1____.png,192,32,7
0226__17_14_41__i0510040__gcn0164721__0164807__person_____L2____.png,0,73,6
0226__17_15_16__i0510388__gcn0165337__0165448__person___________.png,244,192,2
0226__17_15_17__i0510399__gcn0165284__0165464__person___________.png,132,172,6
0226__17_15_32__i0510553__gcn0165657__0165661__person___________.png,175,72,2
0226__17_15_33__i0510554__gcn0165657__0165662__person_____L2____.png,155,51,2
0226__17_15_39__i0510623__gcn0165666__0165704__person_____L1____.png,212,204,4
0226__17_21_00__i0513847__gcn0166923__0166923__person__P2_______.png,91,187,4
0226__17_24_47__i0516113__gcn0168008__0168107__person___________.png,253,120,7
0226__17_24_47__i0516114__gcn0168008__0168108__person___________.png,252,120,7
0226__17_24_52__i0516170__gcn0168008__0168164__person___________.png,248,116,7
0226__17_25_16__i0516402__gcn0168345__0168351__person___________.png,188,108,2
0226__17_25_17__i0516413__gcn0168345__0168362__person___________.png,188,108,4
0226__17_25_24__i0516484__gcn0168345__0168431__person___________.png,188,108,2
0226__17_25_26__i0516504__gcn0168345__0168451__person___________.png,188,108,2
0226__17_25_29__i0516535__gcn0168345__0168480__person___________.png,188,108,2
0226__17_25_37__i0516618__gcn0168543__0168548__person_____L1____.png,248,132,2
0226__17_37_57__i0523973__gcn0169473__0169644__person___________.png,60,164,6
0226__17_38_12__i0524144__gcn0169678__0169707__person___________.png,60,164,6
0226__17_40_33__i0525575__gcn0170493__0170493__person__P2_______.png,157,204,4
0226__17_42_19__i0526600__gcn0171243__0171358__person___________.png,68,148,6
0226__17_42_26__i0526667__gcn0171366__0171420__person___________.png,140,232,4
0226__17_42_30__i0526710__gcn0171366__0171442__person___________.png,140,232,4
0226__17_46_48__i0529322__gcn0171989__0172093__person___________.png,12,252,7
0226__17_47_12__i0529566__gcn0172179__0172244__person___________.png,236,132,4
0226__17_51_40__i0532249__gcn0172416__0172416__person_____L2____.png,0,245,3
0226__18_04_04__i0539691__gcn0173065__0173077__person__P1_L1____.png,170,210,2
0226__18_04_05__i0539697__gcn0173061__0173084__person_____L2____.png,128,195,2
0226__18_04_06__i0539709__gcn0173065__0173077__person__P2_______.png,94,172,2
0226__18_04_09__i0539739__gcn0173061__0173213__person___________.png,108,156,7
0226__18_14_20__i0742883__gcn1614352456731750919__1614352456731750919__person_1614352453299910866.png,5,191,7
0226__18_30_35__i0555599__gcn0174072__0174148__person__P2_______.png,240,240,4
0226__18_34_20__i0557854__gcn0174337__0174337__person__P1_L2____.png,197,93,5
0226__18_35_52__i0558777__gcn0174604__0174604__person_____L2____.png,49,58,4
0226__18_35_53__i0558780__gcn0174604__0174604__person_____L2____.png,58,51,4
0226__20_09_33__i0614987__gcn0177004__0177004__person__P2_L1____.png,150,199,3
0226__20_09_36__i0615020__gcn0177004__0177099__person___________.png,104,240,3
0226__20_58_33__i0644400__gcn0177557__0177626__person___________.png,108,172,3
0226__21_35_38__i0666653__gcn0178219__0178219__multy_____L2____.png,76,107,6
0226__21_43_25__i0671321__gcn0178354__0178365__person__P1_L1____.png,190,194,6
0227_13_23_47_i6571897_id135076_tcn-135076_cn1582809838205440000_thr892.In_looks_different.jpg,8,250,6
0227_14_16_57_i6602777_id135433_tcn-135433_cn1582813025232743000_thr971.Sgl_different_place.jpg,62,37,6
0227_14_50_06_i6622176_id135587_tcn-135587_cn1582815021113998000_thr825.Sg_bord_crossing.jpg,50,2,6
0227_18_21_59_i6737757_id140306_tcn-140306_cn1582827727514929000_thr914._.jpg,48,254,6
0227__06_58_15__i0142568__gcn0001265__0001265__person__P2_L1____.png,164,172,0
0227__07_01_11__i0144328__gcn0001387__0001387__person___________.png,60,142,0
0227__07_01_12__i0144340__gcn0001387__0001387__person__P2_______.png,13,128,0
0227__07_06_15__i0147369__gcn0001697__0001697__person_____L2____.png,254,185,3
0227__07_16_58__i0153802__gcn0002439__0002441__person_____L2____.png,20,248,0
0227__07_17_00__i0153821__gcn0002439__0002444__person__P1_L1____.png,248,19,0
0227__07_17_22__i0154040__gcn0002607__0002607__person_____L2____.png,173,181,3
0227__07_17_24__i0154050__gcn0002607__0002607__person_____L2____.png,196,212,3
0227__07_21_14__i0156342__gcn0003328__0003490__person___________.png,76,148,3
0227__07_22_15__i0156964__gcn0004048__0004048__person__P2_______.png,41,142,0
0227__07_23_19__i0157599__gcn0004232__0004250__person___________.png,40,24,0
0227__07_23_19__i0157603__gcn0004232__0004258__person__P1_L1____.png,209,239,0
0227__07_23_20__i0157605__gcn0004232__0004263__person___________.png,208,236,0
0227__07_23_20__i0157608__gcn0004209__0004209__person__P2_______.png,125,162,0
0227__07_23_21__i0157612__gcn0004260__0004284__person___________.png,28,60,0
0227__07_23_21__i0157618__gcn0004260__0004281__person__P2_______.png,231,250,0
0227__07_23_23__i0157632__gcn0004260__0004336__person___________.png,136,192,0
0227__07_27_27__i0160092__gcn0004810__0004811__person__P2_______.png,21,253,0
0227__07_30_39__i0162013__gcn0005529__0005529__person__P1_L1____.png,232,204,0
0227__07_30_40__i0162024__gcn0005529__0005529__person_____L2____.png,117,12,0
0227__07_43_54__i0169963__gcn0006680__0006680__person__P2_______.png,6,8,3
0227__07_50_41__i0173439__gcn0009304__0009304__person__P1_L1____.png,236,144,7
0227__07_52_41__i0174756__gcn0011003__0011003__multy_____L2____.png,34,229,7
0227__07_54_37__i0175912__gcn0011017__0011084__person__P1_L2____.png,73,153,3
0227__08_01_19__i0179870__gcn0012999__0012999__person_____L2____.png,174,3,7
0227__08_01_21__i0179885__gcn0013018__0013018__person___________.png,66,155,7
0227__08_01_24__i0179912__gcn0013018__0013108__person___________.png,248,140,7
0227__08_06_18__i0182929__gcn0016026__0016030__person__P2_L1____.png,247,221,0
0227__08_16_51__i0189253__gcn0024222__0024222__person__P2_______.png,143,191,6
0227__08_17_09__i0189437__gcn0024527__0024527__person_____L2____.png,144,155,4
0227__08_17_12__i0189466__gcn0024527__0024527__person__P2_______.png,67,174,4
0227__08_31_42__i0198173__gcn0036395__0036395__person_____L2____.png,94,190,7
0227__08_31_43__i0198178__gcn0036446__0036446__multy_____L2____.png,136,177,7
0227__08_31_44__i0198190__gcn0036395__0036395__person__P1_L2____.png,135,156,7
0227__08_43_12__i0205069__gcn0040524__0040524__person__P1_L2____.png,66,139,0
0227__08_47_26__i0207548__gcn0041838__0041838__person__P2_L1____.png,26,44,0
0227__08_47_27__i0207557__gcn0041838__0041838__person__P2_______.png,28,4,0
0227__08_49_42__i0208683__gcn0044079__0044079__person__P2_______.png,26,149,3
0227__08_53_48__i0210957__gcn0045811__0045815__person___________.png,136,228,5
0227__08_53_49__i0210970__gcn0045811__0045821__person__P2_______.png,244,23,5
0227__08_55_52__i0212171__gcn0046630__0046646__person___________.png,152,124,0
0227__08_55_54__i0212182__gcn0046630__0046630__person__P1_L1____.png,254,48,0
0227__08_55_59__i0212230__gcn0046630__0046630__person__P2_L1____.png,62,149,0
0227__09_16_13__i0224372__gcn0053016__0053327__multy__P2_______.png,83,175,3
0227__09_16_14__i0224378__gcn0053315__0053396__person__P2_______.png,24,125,7
0227__09_16_16__i0224392__gcn0053139__0053139__person__P2_______.png,113,192,0
0227__09_16_16__i0224394__gcn0053315__0053396__person__P2_______.png,108,191,7
0227__09_16_17__i0224399__gcn0053315__0053396__person__P2_______.png,131,192,7
0227__09_16_18__i0224406__gcn0053315__0053396__person__P2_______.png,168,199,7
0227__09_17_45__i0225320__gcn0054697__0054697__person_____L2____.png,35,35,1
0227__09_17_46__i0225326__gcn0054697__0054697__person__P1_L2____.png,64,74,1
0227__09_17_50__i0225359__gcn0054697__0054817__person___________.png,4,20,1
0227__09_17_51__i0225368__gcn0054697__0054843__person___________.png,4,20,1
0227__09_24_17__i0229253__gcn0056613__0056776__person___________.png,213,142,6
0227__09_26_06__i0230341__gcn0057641__0057641__multy_____L2____.png,161,216,6
0227__09_37_24__i0235444__gcn0069547__0070715__multy___________.png,39,140,6
0227__09_38_12__i0235702__gcn0071452__0071502__person___________.png,124,72,6
0227__09_46_46__i0238597__gcn0080600__0080600__multy__P1_______.png,225,255,6
0227__11_06_32__i1036417__gcn1614413181947746058__1614413186532066055__person_1614413181693899496.png,112,153,3
0227__11_06_35__i1036429__gcn1614413181947746058__1614413181947746058__person_1614413184793807477.png,89,175,3
0227__11_06_38__i1036441__gcn1614413181947746058__1614413181947746058__person_1614413187493874454.png,191,248,3
0227__11_06_39__i1036449__gcn1614413181947746058__1614413181947746058__person_1614413188503885736.png,227,27,3
0227__17_00_54__i1128154__gcn1614434434930074882__1614434443538201093__person_1614434443072528238.png,124,156,1
0227__17_01_04__i1128198__gcn1614434434930074882__1614434443538201093__person_1614434454762160332.png,115,144,1
0227__17_01_23__i1128277__gcn1614434434930074882__1614434472660119043__person_1614434475021375761.png,143,171,1
0227__17_01_26__i1128287__gcn1614434478403068165__1614434480992816905__person_1614434476861935350.png,157,167,1
0227__17_01_26__i1128288__gcn1614434478403068165__1614434482540128004__person_1614434477321367119.png,144,164,1
0227__17_01_27__i1128289__gcn1614434434930074882__1614434480732541956__person_1614434477421319979.png,211,170,1
0227__17_01_27__i1128289__gcn1614434478403068165__1614434482857767173__person_1614434477421319979.png,138,172,1
0227__17_01_27__i1128290__gcn1614434478403068165__1614434482955403010__person_1614434477461496426.png,137,173,1
0227__17_01_27__i1128290__gcn1614434482955411971__1614434482955411971__multy_1614434477461496426.png,225,175,1
0227__17_01_28__i1128296__gcn1614434478403068165__1614434483857934851__person_1614434479121413181.png,153,150,1
0227__17_01_37__i1128328__gcn1614434492304812800__1614434492468718080__person_1614434489370996846.png,186,39,1
0227__17_02_02__i1128415__gcn1614434502816018953__1614434517073960200__person_1614434511470967423.png,49,130,6
0227__17_11_22__i1130608__gcn1614435076754518017__1614435076754518017__multy_1614435074106048477.png,49,124,6
0227__20_32_05__i0039891__gcn0000356__0000361__person___________.png,156,52,0
0227__20_32_08__i0039925__gcn0000356__0000385__person_____L2____.png,76,149,0
0227__21_41_15__i0081400__gcn0000709__0000710__person__P2_L2____.png,85,57,6
0228_11_30_47_i7343719_id144699_tcn-144699_cn1582889448733804000_thr791.Out_bord_different_place.jpg,5,65,6
0228_11_51_18_i7353619_id145586_tcn-145586_cn1582890686630111000_thr812.Sg_bord_crossing.jpg,41,144,4
0228_12_14_05_i7364313_id146868_tcn-146868_cn1582892061656023000_thr745.Sg_bord_different_place.jpg,56,150,6
0228_15_47_15_i7481407_id150258_tcn-150257_cn1582904851105465000_thr964.Out_.jpg,36,58,6
0228_16_34_18_i7506398_id151172_tcn-151172_cn1582907672672993000_thr789.Sg_bord_looks_different.jpg,159,159,6
0228_16_36_27_i7506840_id151433_tcn-151433_cn1582907804344938000_thr979.In_bord_.jpg,252,68,6
0228_19_20_14_i7593604_id154186_tcn-154186_cn1582917627283596000_thr985.Sgl_different_place.jpg,100,66,6
0228__02_52_01__i0267890__gcn0001165__0001165__person_____L2____.png,95,157,5
0228__02_52_04__i0267923__gcn0001165__0001165__person__P2_______.png,116,165,5
0228__02_52_06__i0267939__gcn0001165__0001165__person__P2_______.png,164,183,5
0228__02_52_11__i0267989__gcn0001165__0001263__person_____L1____.png,80,240,6
0228__08_37_25__i0202051__gcn0001478__0001572__person___________.png,60,232,6
0228__08_37_43__i0202234__gcn0001737__0001737__multy___________.png,92,39,6
0228__08_57_12__i0213929__gcn0003984__0004059__person__P2_______.png,192,186,2
0228__09_09_47__i0221477__gcn0004785__0004799__person__P2_______.png,29,136,5
0228__09_09_51__i0221523__gcn0004785__0004885__person_____L2____.png,83,161,5
0228__09_09_52__i0221529__gcn0004785__0004799__person_____L1____.png,24,128,5
0228__09_16_23__i0225435__gcn0005122__0005122__person__P2_L1____.png,204,32,5
0228__09_24_41__i0230409__gcn0006000__0006012__person__P2_______.png,138,210,3
0228__09_24_44__i0230425__gcn0006028__0006028__person__P2_______.png,122,158,0
0228__09_24_44__i0230432__gcn0006028__0006028__person__P2_______.png,89,164,0
0228__09_24_45__i0230435__gcn0006022__0006061__person__P1_L1____.png,78,160,0
0228__09_39_26__i0239258__gcn0007288__0007288__multy__P2_______.png,251,136,6
0228__09_39_29__i0239275__gcn0007076__0007223__person__P2_______.png,15,117,6
0228__09_39_32__i0239298__gcn0007259__0007366__person__P2_L1____.png,117,178,2
0228__09_39_33__i0239305__gcn0007259__0007366__person__P2_______.png,138,175,2
0228__09_39_35__i0239327__gcn0007259__0007366__person__P2_______.png,75,11,2
0228__09_39_36__i0239331__gcn0007076__0007223__person__P2_______.png,23,215,7
0228__09_39_36__i0239333__gcn0007259__0007598__person_____L2____.png,90,41,2
0228__09_39_36__i0239336__gcn0007259__0007598__person_____L1____.png,80,68,2
0228__09_46_03__i0243242__gcn0009948__0009974__person__P2_______.png,19,12,3
0228__10_26_49__i0267702__gcn0013909__0014109__person___________.png,19,140,6
0228__10_26_51__i0267727__gcn0013909__0014161__person___________.png,88,153,6
0228__10_49_11__i0281130__gcn0015255__0015255__person__P2_L2____.png,222,38,4
0228__10_49_13__i0281144__gcn0015255__0015264__person__P2_______.png,165,200,4
0228__10_49_13__i0281149__gcn0015255__0015264__person__P2_______.png,129,173,4
0228__11_04_21__i0290230__gcn0016299__0016378__person__P2_______.png,21,136,7
0228__11_17_07__i0297888__gcn0016470__0016470__person__P2_L2____.png,216,31,7
0228__11_17_08__i0297904__gcn0016470__0016470__person__P2_______.png,124,182,7
0228__11_49_44__i0317460__gcn0018153__0018171__person_____L2____.png,145,189,4
0228__11_49_44__i0317466__gcn0018153__0018171__person__P2_L1____.png,157,190,4
0228__11_49_45__i0317473__gcn0018153__0018171__person__P2_______.png,112,170,4
0228__11_49_47__i0317491__gcn0018153__0018171__person__P1_L1____.png,56,153,4
0228__12_09_24__i0329249__gcn0018964__0019125__person__P2_______.png,90,164,6
0228__12_09_25__i0329256__gcn0019003__0019116__person__P2_L1____.png,104,147,6
0228__12_52_22__i0355050__gcn0019718__0019727__person__P2_______.png,94,175,8
0228__14_26_21__i0411453__gcn0025322__0025322__multy_____L2____.png,99,242,6
0228__14_52_29__i0427133__gcn0026019__0026019__multy_____L2____.png,97,4,6
0228__14_52_33__i1434842__gcn1614513146662072067__1614513146662072067__person_1614513141406462859.png,40,120,6
0228__15_04_06__i0434094__gcn0026901__0026901__person__P2_______.png,137,162,6
0228__16_15_38__i0477032__gcn0029144__0029161__person__P2_______.png,127,180,6
0228__16_15_38__i0477033__gcn0029144__0029315__person___________.png,124,180,6
0228__16_39_22__i0491268__gcn0030731__0030731__person__P1_L1____.png,15,69,3
0228__16_39_23__i0491278__gcn0030713__0030713__person__P2_______.png,161,178,7
0228__16_39_24__i0491281__gcn0030731__0030731__person__P2_______.png,192,228,3
0228__16_39_28__i0491307__gcn0030836__0030836__person_____L2____.png,88,95,7
0228__16_39_34__i0491349__gcn0030836__0030968__person__P1_L1____.png,233,2,7
0228__16_44_19__i0494237__gcn0031908__0031908__person__P2_______.png,175,205,6
0228__16_55_18__i0500800__gcn0032453__0032453__multy__P2_______.png,4,126,6
0228__16_55_20__i0500810__gcn0032115__0032239__person__P1_L2____.png,12,28,3
0228__16_55_20__i0500812__gcn0032562__0032562__person_____L2____.png,13,118,3
0228__16_55_21__i0500819__gcn0032115__0032597__person_____L2____.png,100,31,3
0228__16_55_23__i0500828__gcn0032562__0032562__person__P2_______.png,44,130,3
0228__16_55_24__i0500840__gcn0032562__0032562__person__P2_______.png,73,144,3
0228__16_55_25__i0500854__gcn0032238__0032483__person__P2_______.png,164,174,0
0228__16_55_26__i0500860__gcn0032562__0032739__person_____L2____.png,177,171,6
0228__17_14_53__i0512579__gcn0033424__0033424__person__P2_______.png,50,159,5
0228__17_14_57__i0512622__gcn0033424__0033424__person__P2_L2____.png,127,41,5
0228__17_33_44__i0523895__gcn0033976__0033976__multy___________.png,35,138,6
0228__17_40_46__i1470771__gcn1614523238542227972__1614523238542227972__multy_1614523231755030844.png,25,139,6
0228__18_10_57__i0546225__gcn0034621__0034710__person__P2_______.png,138,196,4
0228__18_10_59__i0546248__gcn0034621__0034799__person_____L2____.png,75,50,4
0228__18_21_07__i0552330__gcn0036824__0036824__person_____L2____.png,52,143,6
0228__18_24_38__i0554442__gcn0037115__0037115__person__P2_______.png,149,195,0
0228__18_26_24__i0555498__gcn0037624__0038169__person___________.png,48,188,0
0228__18_31_18__i0558437__gcn0039817__0039991__person___________.png,176,168,0
0228__19_25_41__i0591076__gcn0040813__0040816__person__P2_______.png,248,0,0
0228__20_11_19__i0618460__gcn0041676__0041676__person__P2_______.png,17,4,4
0229_08_34_48_i8064487_id155872_tcn-155872_cn1582965304919650000_thr898.Sg_bord_different_place.jpg,76,176,6
0229_08_54_12_i8074856_id156246_tcn-156246_cn1582966467964436000_thr944.Sgl_different_place.jpg,46,72,0
0229_09_34_06_i8096248_id157015_tcn-157015_cn1582968853547499000_thr925._crossing.jpg,152,242,3
0229_09_55_58_i8107455_id157415_tcn-157415_cn1582970170710485000_thr612.In_.jpg,227,232,4
0229_10_30_27_i8122074_id158780_tcn-158780_cn1582972245330624000_thr869.In_bord_different_place.jpg,78,29,6
0229_10_47_38_i8131115_id159038_tcn-159038_cn1582973274861444000_thr989.Sgl_crossing.jpg,192,66,6
0229_10_47_48_i8131136_id159061_tcn-159061_cn1582973285468525000_thr998.Sgl_crossing.jpg,251,110,6
0229_11_00_26_i8137105_id159351_tcn-159351_cn1582974043446741000_thr875.Sgl_different_place.jpg,0,238,6
0229_11_19_59_i8147483_id159602_tcn-159602_cn1582975211921975000_thr784.Sgl_crossing.jpg,153,107,7
0229_11_39_31_i8157410_id160428_tcn-160428_cn1582976383480081000_thr913.Sgl_crossing.jpg,161,246,6
0229_12_12_15_i8175390_id160816_tcn-160816_cn1582978343786730000_thr983._crossing.jpg,10,18,4
0229_13_53_41_i8232631_id161609_tcn-161609_cn1582984429637133000_thr966.Sg_bord_crossing.jpg,86,199,1
0229_14_47_48_i8262970_id162151_tcn-162151_cn1582987679110466000_thr864.In_.jpg,159,223,4
0229_15_33_30_i8283357_id163280_tcn-163280_cn1582990419546897000_thr897.Sg_bord_.jpg,85,42,6
0229_16_17_04_i8305669_id164965_tcn-164965_cn1582993042391016000_thr970.Sgl_.jpg,25,252,4
0230276__0721__14_43_20__________.png,208,240,6
0243657__0801__14_35_17_______END.png,126,76,6
0267338__0723__03_43_19__________.png,164,198,6
0267438__0723__03_43_24__________.png,165,199,6
0267538__0723__03_43_29__________.png,157,197,6
0267738__0723__03_43_39__________.png,162,197,6
0267838__0723__03_43_44__________.png,153,198,6
0268038__0723__03_43_54__________.png,156,200,6
0268238__0723__03_44_04__________.png,153,196,6
0268338__0723__03_44_09__________.png,156,194,6
0268534__0723__03_44_18_______END.png,152,190,6
0291749__0716__12_54_55_______END.png,149,107,6
0301_08_13_38_i8855739_id169645_tcn-169645_cn1583050428286917000_thr823.In_.jpg,236,233,3
0301__06_52_49__i0139269__gcn0000427__0000427__multy_____L2____.png,203,189,6
0301__06_52_50__i0139277__gcn0000391__0000405__person__P1_L1____.png,8,215,6
0301__07_04_51__i0146497__gcn0000756__0000756__person__P2_______.png,120,161,0
0301__07_11_34__i0150528__gcn0001293__0001297__person___________.png,200,236,3
0301__07_13_25__i0151636__gcn0001543__0001550__person_____L2____.png,47,238,0
0301__07_14_33__i0152301__gcn0001915__0001915__person__P2_______.png,255,255,3
0301__07_17_45__i0154234__gcn0002551__0002551__multy_____L2____.png,122,214,0
0301__07_17_50__i0154284__gcn0002555__0002555__person___________.png,54,137,0
0301__07_17_56__i0154346__gcn0002708__0002708__person_____L2____.png,243,162,3
0301__07_27_35__i0160133__gcn0003530__0003530__multy_____L2____.png,94,9,3
0301__07_27_37__i0160149__gcn0003555__0003555__person__P2_______.png,55,12,3
0301__07_27_41__i0160172__gcn0003577__0003589__person__P2_______.png,5,229,3
0301__07_27_43__i0160183__gcn0003680__0003721__person_____L2____.png,107,255,0
0301__07_27_55__i0160261__gcn0004010__0004070__person_____L1____.png,181,229,3
0301__07_36_13__i0165318__gcn0007091__0007091__person__P2_______.png,41,252,3
0301__07_42_29__i0169079__gcn0011292__0011292__person__P2_______.png,102,179,3
0301__07_43_56__i0169941__gcn0011524__0011524__multy___________.png,101,172,3
0301__07_45_33__i0170895__gcn0012014__0012137__person_____L1____.png,111,190,3
0301__07_58_31__i0178629__gcn0021866__0022029__person__P2_______.png,175,197,6
0301__07_58_34__i0178656__gcn0021866__0022490__person_____L2____.png,64,36,6
0301__07_59_15__i0178995__gcn0023005__0023198__person__P2_L1____.png,227,227,6
0301__08_01_23__i0180323__gcn0026502__0026502__person__P2_______.png,122,185,2
0301__08_03_19__i0181582__gcn0028181__0028181__person__P2_______.png,48,148,1
0301__08_03_21__i0181600__gcn0028181__0028181__person__P2_______.png,126,189,1
0301__08_10_00__i0185585__gcn0031691__0031827__person_____L2____.png,21,127,7
0301__08_10_02__i0185605__gcn0031691__0031827__person__P1_L1____.png,255,141,7
0301__08_10_07__i0185655__gcn0032085__0032190__person_____L1____.png,99,169,7
0301__08_10_07__i0185656__gcn0031691__0032175__person__P2_______.png,190,203,7
0301__08_10_07__i0185658__gcn0032085__0032195__person_____L2____.png,132,171,7
0301__08_10_07__i0185659__gcn0032085__0032198__person_____L1____.png,169,184,7
0301__08_14_54__i0188530__gcn0032612__0032612__person__P2_______.png,112,186,6
0301__08_15_36__i0188902__gcn0032875__0032904__person__P2_______.png,45,126,6
0301__08_15_37__i0188909__gcn0032724__0032742__person__P2_______.png,98,166,7
0301__08_15_40__i0188929__gcn0032719__0033272__person__P2_L2____.png,105,150,4
0301__08_15_40__i0188931__gcn0032724__0032742__person__P2_L1____.png,17,216,7
0301__08_15_43__i0188959__gcn0032700__0033219__person__P2_L1____.png,22,129,2
0301__08_15_46__i0188993__gcn0032700__0033219__person_____L2____.png,160,226,7
0301__08_15_47__i0189000__gcn0032700__0033219__person__P1_L1____.png,195,190,7
0301__08_16_28__i0189471__gcn0033612__0033612__multy_____L2____.png,176,216,6
0301__08_21_12__i0192304__gcn0035941__0035941__person_____L2____.png,59,106,2
0301__08_21_13__i0192315__gcn0035941__0035963__person_____L2____.png,6,53,2
0301__08_21_15__i0192339__gcn0035941__0035963__person__P2_______.png,97,177,2
0301__08_21_20__i0192392__gcn0035941__0035963__person__P1_L2____.png,247,141,2
0301__08_23_29__i0193677__gcn0037925__0037925__person_____L2____.png,121,242,1
0301__08_23_30__i0193680__gcn0037925__0037925__person__P2_______.png,133,164,1
0301__08_23_32__i0193702__gcn0037993__0037997__person_____L2____.png,59,203,6
0301__08_23_50__i0193825__gcn0038354__0038354__person__P2_______.png,201,191,1
0301__08_23_54__i0193856__gcn0038723__0038723__multy_____L2____.png,10,134,6
0301__08_23_54__i0193859__gcn0038354__0038354__person__P2_______.png,45,137,1
0301__08_25_46__i0195050__gcn0039629__0039629__person__P2_______.png,229,186,0
0301__08_29_48__i0197450__gcn0040911__0040911__multy__P1_______.png,110,166,1
0301__08_29_55__i0197526__gcn0041065__0041065__person__P2_L1____.png,26,145,1
0301__08_29_58__i0197566__gcn0040690__0040772__person__P2_______.png,176,176,6
0301__08_30_00__i0197584__gcn0041065__0041252__person__P2_L2____.png,67,50,6
0301__08_31_55__i0198738__gcn0042076__0042299__person___________.png,72,152,6
0301__08_32_12__i0198903__gcn0042388__0042388__person_____L2____.png,133,181,7
0301__08_33_51__i0199877__gcn0043671__0043677__person___________.png,22,129,4
0301__08_34_23__i0200111__gcn0044253__0044253__person__P2_______.png,219,225,3
0301__08_34_24__i0200121__gcn0044253__0044253__person__P2_______.png,61,249,4
0301__08_34_25__i0200129__gcn0044253__0044444__person_____L1____.png,26,82,4
0301__08_34_30__i0200179__gcn0044312__0044549__multy__P2_______.png,170,192,6
0301__08_35_17__i0200706__gcn0045099__0045099__multy___________.png,254,126,6
0301__08_36_15__i0201241__gcn0045596__0046018__person_____L2____.png,17,214,6
0301__08_39_40__i0202895__gcn0048354__0048354__person__P1_L1____.png,87,136,6
0301__08_39_44__i0202928__gcn0048213__0048648__person__P2_______.png,232,250,4
0301__08_44_09__i0205609__gcn0051694__0051697__person_____L1____.png,216,136,4
0301__08_44_20__i0205710__gcn0051707__0051707__person___________.png,148,194,3
0301__08_44_22__i0205728__gcn0051707__0051707__person_____L2____.png,120,157,3
0301__08_44_22__i0205729__gcn0052031__0052031__multy_____L2____.png,109,149,3
0301__08_44_39__i0205894__gcn0052381__0052381__person_____L2____.png,186,244,4
0301__08_44_39__i0205899__gcn0051694__0052390__person__P2_L2____.png,190,212,7
0301__08_45_00__i0206123__gcn0052554__0052554__person__P2_______.png,70,118,3
0301__08_45_03__i0206146__gcn0052554__0052554__person__P2_______.png,189,169,6
0301__08_45_05__i0206164__gcn0052554__0052554__person_____L2____.png,42,112,6
0301__08_48_23__i0208142__gcn0054567__0054677__person___________.png,160,92,6
0301__08_49_13__i0208653__gcn0054868__0054868__person_____L2____.png,244,135,3
0301__08_51_25__i0209971__gcn0055175__0055213__person_____L2____.png,135,196,7
0301__08_51_38__i0210100__gcn0055347__0055347__person__P1_L1____.png,156,19,1
0301__08_51_58__i0210305__gcn0055508__0055508__multy_____L2____.png,29,205,0
0301__08_51_58__i0210306__gcn0055469__0055510__person__P2_L1____.png,246,192,0
0301__08_51_58__i0210307__gcn0055452__0055452__person_____L1____.png,57,153,6
0301__08_52_01__i0210337__gcn0055469__0055510__person__P2_______.png,72,135,0
0301__08_54_10__i0211626__gcn0055989__0055989__person__P2_L1____.png,124,218,6
0301__08_54_21__i0211705__gcn0056025__0056110__person___________.png,44,140,6
0301__08_58_58__i0214500__gcn0058343__0058343__person_____L1____.png,79,160,6
0301__09_00_24__i0215304__gcn0059131__0059279__person__P1_L1____.png,156,149,6
0301__09_02_27__i0216587__gcn0059738__0059749__person__P2_______.png,12,151,7
0301__09_02_27__i0216593__gcn0059732__0059732__person__P1_L2____.png,38,138,7
0301__09_02_28__i0216603__gcn0059738__0059749__person__P2_L1____.png,70,146,7
0301__09_02_28__i0216606__gcn0059732__0059732__person__P2_______.png,90,151,7
0301__09_02_31__i0216631__gcn0059738__0059749__person__P1_L1____.png,236,234,7
0301__09_06_10__i0218828__gcn0060348__0060451__person__P2_L2____.png,105,192,7
0301__09_06_11__i0218832__gcn0060348__0060451__person__P1_L1____.png,103,210,7
0301__09_06_12__i0218844__gcn0060348__0060451__person__P2_______.png,138,208,7
0301__09_06_12__i0218847__gcn0060348__0060451__person__P1_______.png,202,158,7
0301__09_06_12__i0218848__gcn0060348__0060605__person_____L2____.png,150,165,7
0301__09_06_14__i0218867__gcn0060350__0060481__person__P1_L1____.png,108,230,7
0301__09_09_14__i0220597__gcn0062062__0062867__person___________.png,100,144,7
0301__09_17_16__i0225475__gcn0065986__0066086__person_____L1____.png,88,160,6
0301__09_19_48__i0226969__gcn0066696__0067193__person__P2_______.png,51,163,6
0301__09_28_20__i0232109__gcn0068966__0069137__person__P2_L1____.png,64,226,6
0301__09_33_41__i1667663__gcn1614580278301776905__1614580413288172039__person_1614580406993444870.png,87,119,6
0301__09_43_09__i0003884__gcn0002761__0002761__multy__P2_______.png,118,36,6
0301__09_43_11__i0003899__gcn0002013__0002832__person___________.png,19,214,6
0301__09_43_15__i1669535__gcn1614580986356577028__1614580986356577028__person_1614580981128429572.png,124,192,1
0301__09_44_31__i0004645__gcn0004152__0004152__multy_____L2____.png,135,209,6
0301__09_44_33__i0004654__gcn0004168__0004168__person__P1_L1____.png,58,74,7
0301__09_44_33__i0004657__gcn0004118__0004204__person_____L2____.png,129,196,7
0301__09_44_35__i0004664__gcn0004168__0004238__person__P2_L2____.png,40,20,2
0301__09_44_35__i0004665__gcn0004168__0004245__person___________.png,40,20,2
0301__09_44_37__i0004676__gcn0004094__0004171__person___________.png,59,149,6
0301__09_44_37__i0004678__gcn0004118__0004269__person__P1_______.png,94,167,6
0301__09_44_38__i0004681__gcn0004168__0004262__person__P2_______.png,145,157,2
0301__09_46_27__i0005830__gcn0005306__0005306__person__P2_______.png,172,174,3
0301__09_46_28__i0005835__gcn0005467__0005467__person_____L2____.png,13,124,0
0301__09_46_37__i0005891__gcn0005043__0005651__multy___________.png,64,152,0
0301__09_46_40__i0005908__gcn0005467__0005467__person_____L1____.png,11,128,0
0301__09_47_25__i0006201__gcn0006220__0006594__person__P2_L2____.png,119,177,7
0301__09_51_04__i0008635__gcn0007687__0007692__person__P2_______.png,121,211,1
0301__09_53_11__i0009906__gcn0008087__0008099__person_____L2____.png,251,29,4
0301__09_57_59__i0011458__gcn0011585__0011585__multy_____L2____.png,107,146,6
0301__09_57_59__i0011459__gcn0011485__0011589__person__P2_L2____.png,143,162,6
0301__10_47_02__i1681787__gcn1614584816617969926__1614584816617969926__multy_1614584809456265492.png,55,108,6
0301__11_19_07__i1687979__gcn1614586740356650246__1614586740356650246__person_1614586737132848351.png,208,196,0
0301__11_19_10__i1687991__gcn1614586740356650246__1614586740356650246__person_1614586739192779455.png,97,163,0
0301__11_19_32__i1688045__gcn1614586763283469063__1614586764526848007__person_1614586757182423958.png,88,172,0
0301__11_29_27__i1689887__gcn1614587358075751174__1614587358075751174__multy_1614587353376022041.png,192,204,6
0301__13_08_28__i1708152__gcn1614593300994115075__1614593300994115075__multy_1614593291496692252.png,104,133,1
0301__13_10_25__i1708489__gcn1614593413627546119__1614593417381676034__person_1614593411323836173.png,32,188,4
0301__13_10_27__i1708496__gcn1614593413627546119__1614593419885170953__person_1614593414123897869.png,32,188,4
0301__13_30_16__i1712186__gcn1614594607026201859__1614594608590599173__person_1614594604080447154.png,152,202,4
0301__13_42_40__i1714409__gcn1614595347534370053__1614595353493598976__person_1614595340561748428.png,43,128,6
0301__14_09_50__i1719438__gcn1614596984404019201__1614596984404019201__person_1614596977437790650.png,88,189,1
0301__14_09_53__i1719445__gcn1614596986777508864__1614596986777508864__person_1614596978777691805.png,140,220,1
0301__14_09_54__i1719448__gcn1614596876282169089__1614596987651983876__person_1614596979437699439.png,143,212,1
0301__14_55_33__i1727939__gcn1614599712557127940__1614599712557127940__multy_1614599703210891520.png,194,255,6
0301__14_56_06__i1728031__gcn1614599712557127940__1614599761766200069__multy_1614599752669636486.png,246,246,1
0301__14_56_06__i1728032__gcn1614599761996084992__1614599761996084992__person_1614599753069409855.png,190,230,1
0301__15_37_10__i1735878__gcn1614602225239510020__1614602225239510020__person_1614602217719937944.png,67,150,1
0301__15_37_13__i1735884__gcn1614602225239510020__1614602225239510020__person_1614602218020123306.png,50,161,1
0301__15_37_16__i1735892__gcn1614602229275680004__1614602229275680004__multy_1614602220679975489.png,112,220,6
0301__17_36_50__i1758275__gcn1614609402799230981__1614609402799230981__person_1614609396813007260.png,220,231,7
0301__17_36_53__i1758286__gcn1614609402799230981__1614609402799230981__person_1614609399121147987.png,129,191,7
0301__17_39_08__i1758682__gcn1614609540293128969__1614609540854942217__person_1614609535037402323.png,48,176,3
0301__17_49_26__i1760529__gcn1614610154271326976__1614610154271326976__multy_1614610150532133062.png,96,144,6
0301__17_51_17__i1760847__gcn1614610257992898821__1614610266062477063__person_1614610261320039783.png,84,136,6
0301__17_51_52__i1760955__gcn1614610267130140930__1614610305419377923__person_1614610298379101695.png,57,159,4
0301__17_53_01__i1761163__gcn1614610344012502792__1614610374320130050__person_1614610366687595772.png,60,131,4
0301__17_53_01__i1761164__gcn1614610374535624963__1614610374535624963__person_1614610367187585168.png,60,128,4
0301__17_59_59__i1762467__gcn1614610791563258884__1614610791563258884__multy_1614610785937990828.png,31,159,6
0301__18_18_31__i1765871__gcn1614611905625731850__1614611905625731850__multy_1614611896950771318.png,108,156,4
0301__18_19_20__i1765996__gcn1614611942086705929__1614611948036425220__person_1614611941859547153.png,83,158,6
0302_14_36_31_i9898880_id187356_tcn-187356_cn1583159788354961000_thr669.Out_bord_.jpg,55,142,6
0302_14_57_25_i9910065_id187783_tcn-187783_cn1583161066239149000_thr886.Sg_bord_different_place.jpg,28,218,6
0302_18_12_04_i10017634_id190384_tcn-190384_cn1583172731405426000_thr882.Out_bord_different_place.jpg,24,214,6
0302__06_07_16__i0111942__gcn0006536__0006536__person__P1_L1____.png,17,30,6
0302__06_37_41__i0130194__gcn0006722__0006722__person_____L2____.png,56,24,6
0302__07_05_00__i0146576__gcn0010319__0010319__person_____L2____.png,22,35,0
0302__07_05_00__i0146580__gcn0010319__0010319__person_____L2____.png,93,22,0
0302__07_17_12__i0153846__gcn0016965__0016969__person_____L2____.png,113,198,0
0302__07_17_17__i0153889__gcn0016965__0016965__person__P2_L2____.png,251,142,0
0302__07_25_01__i0158561__gcn0021759__0021759__multy_____L2____.png,60,164,6
0302__07_25_28__i0158820__gcn0022221__0022221__multy_____L2____.png,89,5,3
0302__07_25_36__i0158868__gcn0022284__0022391__person__P2_L1____.png,179,195,3
0302__07_25_37__i0158874__gcn0022244__0022244__person__P2_______.png,66,128,3
0302__07_31_50__i0162688__gcn0024908__0024908__person__P1_L1____.png,0,147,3
0302__07_33_13__i0163513__gcn0025400__0025400__person__P2_______.png,49,138,0
0302__07_38_00__i0166378__gcn0027104__0027109__person__P2_______.png,119,166,3
0302__07_56_18__i0177323__gcn0035496__0035545__multy___________.png,95,148,6
0302__07_56_19__i0177336__gcn0035541__0035618__person_____L1____.png,128,156,6
0302__07_58_45__i0178812__gcn0037990__0038240__person__P1_______.png,172,200,6
0302__08_01_40__i0180550__gcn0041114__0041523__person__P2_L1____.png,52,155,7
0302__08_01_41__i0180556__gcn0041114__0041523__person__P2_______.png,76,177,7
0302__08_05_08__i0182652__gcn0044523__0044523__person__P2_______.png,77,167,4
0302__08_08_50__i0184886__gcn0047288__0047402__person__P2_L2____.png,74,138,6
0302__08_08_50__i0184887__gcn0047336__0047379__multy__P1_______.png,77,148,6
0302__08_08_53__i0184912__gcn0047288__0047410__person__P2_______.png,103,185,1
0302__08_17_30__i0190078__gcn0050343__0050351__person___________.png,22,129,6
0302__08_19_41__i0191398__gcn0051132__0051132__person__P2_L1____.png,191,179,4
0302__08_19_45__i0191430__gcn0051132__0051324__person_____L1____.png,10,229,7
0302__08_19_50__i0191467__gcn0051132__0051366__person___________.png,8,230,7
0302__08_19_54__i0191497__gcn0051132__0051366__person___________.png,3,235,7
0302__08_20_24__i0191677__gcn0051132__0051366__person___________.png,0,205,7
0302__08_23_16__i0193028__gcn0054991__0054991__person__P2_L2____.png,136,217,7
0302__08_23_22__i0193084__gcn0051215__0055188__multy__P2_______.png,41,157,7
0302__08_24_15__i0193673__gcn0055525__0055525__person__P2_L1____.png,123,15,7
0302__08_29_51__i0197001__gcn0056615__0056812__person___________.png,60,176,2
0302__08_29_54__i0197021__gcn0056615__0056703__person__P2_L1____.png,200,246,2
0302__08_32_44__i0198754__gcn0058233__0058239__person_____L2____.png,68,46,6
0302__08_32_52__i0198828__gcn0058359__0058359__person_____L2____.png,42,49,0
0302__08_32_57__i0198863__gcn0058335__0058499__person___________.png,95,136,6
0302__08_35_41__i0200503__gcn0059598__0059774__person___________.png,208,200,3
0302__08_43_07__i0204977__gcn0062259__0062259__person__P2_______.png,8,215,3
0302__09_22_41__i0228716__gcn0077160__0077160__multy_____L2____.png,71,162,3
0302__09_32_12__i0234441__gcn0080479__0080483__person_____L2____.png,64,156,6
0302__09_38_46__i0238381__gcn0083788__0083805__person___________.png,12,132,6
0302__09_42_26__i0240347__gcn0086641__0086697__person__P2_L1____.png,100,167,6
0302__09_50_46__i0245111__gcn0090813__0090813__multy_____L2____.png,74,145,3
0302__09_50_47__i0245121__gcn0090709__0090729__person___________.png,36,133,0
0302__09_57_38__i0249199__gcn0093093__0093190__person__P2_L1____.png,112,233,6
0302__10_00_40__i0251036__gcn0094567__0094785__multy___________.png,1,132,6
0302__10_00_51__i0251124__gcn0094809__0095018__person_____L2____.png,21,128,3
0302__10_01_00__i0251181__gcn0094809__0095023__person__P2_______.png,141,175,3
0302__10_18_30__i0261726__gcn0101893__0102569__person_____L2____.png,149,155,6
0302__10_18_31__i0261737__gcn0101893__0102593__person___________.png,160,152,6
0303_15_28_59_i10753178_id201953_tcn-201953_cn1583249303425232000_thr671.Out_bord_different_place.jpg,194,196,6
0303_18_08_04_i10841484_id203774_tcn-203774_cn1583258891859051000_thr966._different_place.jpg,156,50,3
0303__07_08_55__i0148936__gcn0003431__0003433__person_____L1____.png,220,240,0
0303__07_08_59__i0148962__gcn0003475__0003475__person_____L2____.png,17,75,3
0303__07_19_25__i0155182__gcn0005934__0005934__multy_____L2____.png,108,174,3
0303__07_24_47__i0158455__gcn0007654__0007654__person__P1_L1____.png,20,8,3
0303__07_50_06__i0173576__gcn0021926__0021926__multy_____L2____.png,40,149,3
0303__07_50_10__i0173593__gcn0021788__0022040__person_____L1____.png,231,178,6
0303__08_04_06__i0182045__gcn0032993__0033008__person___________.png,106,110,1
0303__08_50_10__i0007180__gcn0007990__0007990__person_____L2____.png,35,246,6
0303__08_50_11__i0007187__gcn0008055__0008055__multy_____L2____.png,132,167,6
0303__09_26_56__i0029240__gcn0015810__0015810__person__P2_______.png,206,198,1
0303__09_26_56__i0029245__gcn0015810__0015810__person__P2_______.png,236,223,1
0303__09_26_56__i0029245__gcn0015817__0015817__person__P1_L1____.png,18,3,6
0303__09_26_57__i0029254__gcn0015817__0016028__person_____L2____.png,203,200,1
0303__09_26_57__i0029256__gcn0015810__0016032__person_____L2____.png,42,5,1
0303__09_28_37__i0030232__gcn0016593__0016675__multy__P2_______.png,88,155,2
0303__09_28_38__i0030241__gcn0016512__0016564__person__P2_______.png,123,162,2
0303__09_28_59__i0030445__gcn0016880__0016899__person__P2_______.png,83,160,7
0303__09_29_01__i0030467__gcn0016880__0017114__person__P1_L2____.png,216,223,6
0303__09_29_02__i0030468__gcn0016880__0017118__person___________.png,221,226,6
0303__09_29_52__i0031002__gcn0017304__0017304__person_____L1____.png,98,240,1
0303__09_41_32__i0037982__gcn0022589__0022861__person_____L2____.png,230,244,6
0303__09_41_46__i0038101__gcn0022892__0023186__person_____L2____.png,124,200,6
0303__09_48_55__i0042435__gcn0024127__0024127__multy___________.png,122,148,6
0303__09_51_21__i0043878__gcn0024938__0025072__multy___________.png,120,153,6
0303__09_51_21__i0043879__gcn0024941__0025084__person_____L2____.png,101,152,6
0303__09_51_23__i0043897__gcn0024941__0025086__person_____L1____.png,184,175,6
0303__09_51_43__i0044115__gcn0025214__0025219__person__P2_______.png,97,148,3
0303__09_51_43__i0044121__gcn0025214__0025219__person__P2_______.png,86,154,3
0303__09_51_45__i0044137__gcn0025199__0025248__person__P1_L1____.png,110,163,6
0303__09_54_44__i0045934__gcn0025989__0025989__person__P1_L2____.png,27,28,2
0303__10_04_45__i0051933__gcn0028433__0028451__person_____L2____.png,113,138,6
0303__10_16_21__i0058874__gcn0030348__0030560__person_____L2____.png,43,143,6
0303__10_18_51__i0060401__gcn0031425__0031448__person_____L1____.png,0,244,6
0303__10_27_56__i0065855__gcn0033637__0033742__person_____L2____.png,28,164,4
0303__10_31_08__i0067778__gcn0034897__0034907__person___________.png,84,156,4
0303__10_45_37__i0076464__gcn0037011__0037011__person__P2_L2____.png,223,248,1
0303__10_46_01__i0076636__gcn0037212__0037561__person_____L2____.png,191,232,6
0303__11_21_18__i0097876__gcn0042301__0042333__person__P2_L2____.png,104,174,6
0303__11_24_59__i0100070__gcn0043009__0043171__person___________.png,40,149,6
0303__11_36_44__i0107139__gcn0043733__0043738__person__P2_L1____.png,57,149,4
0303__11_36_47__i0107173__gcn0043733__0043738__person__P2_______.png,219,205,4
0303__11_36_49__i0107188__gcn0043733__0043920__person__P2_L2____.png,90,157,6
0303__11_39_37__i0108632__gcn0044497__0044500__person_____L1____.png,129,146,7
0303__11_39_38__i0108635__gcn0044497__0044509__person_____L2____.png,71,160,7
0303__11_41_16__i0109237__gcn0045265__0045340__person_____L2____.png,111,168,6
0303__11_42_06__i0109704__gcn0046012__0046012__person_____L2____.png,13,1,6
0303__11_42_06__i0109708__gcn0046013__0046025__person___________.png,20,60,6
0303__11_42_57__i0110207__gcn0046679__0046697__person__P2_L1____.png,55,142,6
0303__11_43_06__i0110316__gcn0046928__0046933__person___________.png,48,232,7
0303__11_51_04__i0115264__gcn0048326__0048326__multy_____L2____.png,80,104,3
0303__11_56_37__i0118601__gcn0048953__0048953__person__P2_______.png,248,122,8
0303__11_56_41__i0118633__gcn0048953__0048953__person__P2_______.png,98,146,8
0303__11_56_43__i0118656__gcn0048953__0048953__person__P2_______.png,157,210,8
0303__11_56_43__i0118657__gcn0048953__0048953__person_____L2____.png,194,179,8
0303__11_56_43__i0118661__gcn0048953__0048953__person__P2_______.png,152,160,8
0303__12_04_46__i0123487__gcn0051233__0051233__person__P2_______.png,109,161,3
0303__12_04_47__i0123502__gcn0051233__0051233__person__P2_______.png,171,181,3
0303__12_04_49__i0123517__gcn0051233__0051233__person__P2_______.png,244,202,3
0303__12_04_49__i0123523__gcn0051233__0051315__person_____L2____.png,212,192,6
0303__12_10_07__i0126698__gcn0051647__0051647__person_____L2____.png,218,177,6
0303__12_13_02__i0128453__gcn0051834__0051834__person__P1_L1____.png,127,210,1
0303__12_21_10__i0133330__gcn0052124__0052124__person__P1_L1____.png,66,144,7
0303__12_21_11__i0133344__gcn0052124__0052124__person__P2_L2____.png,113,154,7
0303__12_21_11__i0133344__gcn0052135__0052135__person_____L2____.png,44,136,3
0303__12_21_12__i0133352__gcn0052124__0052124__person__P2_______.png,120,180,7
0303__12_25_58__i0136209__gcn0052800__0052800__person__P2_______.png,57,139,2
0303__12_43_01__i0146443__gcn0054587__0054587__person__P2_______.png,254,14,3
0303__12_43_04__i0146472__gcn0054654__0054654__person__P2_______.png,159,159,6
0303__12_44_53__i0147551__gcn0055217__0055217__person__P2_______.png,61,134,6
0303__12_44_54__i0147560__gcn0055217__0055217__person__P2_______.png,67,127,6
0303__12_51_17__i0151386__gcn0056331__0056331__person_____L2____.png,135,176,6
0303__12_56_09__i0154323__gcn0057331__0057337__person___________.png,4,14,1
0303__13_03_04__i0158475__gcn0060774__0060774__person_____L2____.png,14,116,6
0303__13_03_06__i0158489__gcn0060787__0060816__person__P1_L1____.png,71,245,6
0303__13_03_08__i0158511__gcn0060774__0060774__person__P2_______.png,121,156,6
0303__13_03_12__i0158550__gcn0060787__0060980__person_____L2____.png,1,125,6
0303__13_05_56__i0160195__gcn0061036__0062973__person_____L2____.png,153,173,6
0303__13_24_01__i0170089__gcn0072547__0072547__person_____L2____.png,33,125,6
0303__13_24_02__i0170104__gcn0072547__0072547__person___________.png,254,114,6
0303__13_24_46__i0170526__gcn0072851__0072959__person_____L1____.png,16,120,4
0303__13_24_51__i0170575__gcn0072851__0073069__person_____L2____.png,148,167,4
0303__13_35_43__i0177119__gcn0073558__0073560__person___________.png,10,200,6
0303__13_35_47__i0177159__gcn0073558__0073560__person__P2_______.png,87,160,4
0303__13_46_07__i0183361__gcn0074491__0074491__person__P2_______.png,2,199,6
0303__13_46_59__i0183877__gcn0074628__0074632__person__P2_______.png,66,148,4
0303__13_57_45__i0190328__gcn0075293__0075588__person_____L2____.png,208,188,6
0303__13_59_20__i0191292__gcn0076234__0076234__multy_____L2____.png,71,136,6
0303__14_34_21__i0212287__gcn0079393__0079406__person__P1_L2____.png,228,236,6
0303__14_39_23__i0215319__gcn0080427__0080434__person__P2_______.png,125,154,4
0303__14_39_24__i0215333__gcn0080427__0080434__person__P1_L2____.png,171,214,4
0303__14_39_25__i0215344__gcn0080427__0080434__person__P1_L1____.png,171,163,4
0303__14_41_02__i0216294__gcn0080707__0080719__person__P2_______.png,119,162,7
0303__14_45_30__i0218970__gcn0080916__0081066__person___________.png,72,140,6
0303__14_53_37__i0223861__gcn0082400__0082450__person__P2_______.png,152,178,4
0303__14_53_39__i0223879__gcn0082400__0082450__person__P2_______.png,91,184,4
0303__14_57_45__i0226342__gcn0082790__0082798__person___________.png,72,196,4
0303__14_59_58__i0227675__gcn0083053__0083053__multy_____L2____.png,93,69,6
0303__15_00_05__i0227742__gcn0083047__0083052__person_____L2____.png,56,143,6
0303__15_00_06__i0227750__gcn0083225__0083225__multy_____L2____.png,193,192,6
0303__15_00_39__i0228072__gcn0083410__0083414__person___________.png,36,118,6
0303__15_05_42__i0231081__gcn0084708__0084708__person___________.png,48,142,6
0303__15_08_41__i0232880__gcn0086340__0086367__person__P2_L1____.png,28,141,3
0303__15_09_57__i0233476__gcn0087754__0087754__multy_____L2____.png,127,185,6
0303__15_12_44__i0235281__gcn0089459__0089459__person__P2_______.png,93,200,6
0303__15_12_46__i0235301__gcn0089459__0089459__person__P2_______.png,55,165,7
0303__15_26_13__i0243419__gcn0094665__0095397__person___________.png,27,112,6
0303__15_33_22__i0247218__gcn0098338__0098338__person__P1_L1____.png,115,149,6
0303__15_43_23__i0253248__gcn0101925__0102045__person_____L2____.png,188,204,7
0303__15_52_18__i0258605__gcn0106225__0106307__person_____L2____.png,134,233,6
0303__15_53_30__i0259270__gcn0107132__0107502__person__P2_______.png,95,149,0
0303__15_53_32__i0259290__gcn0106637__0107670__person_____L2____.png,190,185,0
0303__15_54_27__i0259866__gcn0107758__0108009__person_____L2____.png,16,117,6
0303__16_07_13__i0267549__gcn0109582__0109582__person_____L2____.png,213,59,2
0303__16_11_12__i0269941__gcn0110680__0110680__person_____L2____.png,224,84,4
0303__16_11_17__i0269989__gcn0110680__0110680__person___________.png,32,162,4
0303__16_11_22__i0270029__gcn0110746__0110746__person_____L2____.png,125,177,2
0303__16_25_34__i0278551__gcn0114857__0114857__person__P2_______.png,130,184,3
0303__16_36_47__i0285297__gcn0116146__0116146__person__P1_L1____.png,4,36,3
0303__16_39_24__i0286831__gcn0116532__0116575__person__P2_______.png,184,204,6
0303__16_46_43__i0291260__gcn0118093__0118150__person__P2_______.png,122,183,3
0303__16_56_14__i0296918__gcn0118762__0119019__person__P2_______.png,20,204,6
0303__16_56_15__i0296926__gcn0119012__0119231__multy__P2_______.png,35,236,6
0303__16_56_16__i0296930__gcn0118762__0119271__person_____L2____.png,44,200,0
0303__16_56_19__i0296944__gcn0118825__0119243__person__P2_______.png,91,180,6
0303__16_56_24__i0296973__gcn0118762__0119531__person_____L2____.png,35,12,0
0303__16_56_59__i0297135__gcn0119824__0120067__person__P2_______.png,109,159,0
0303__16_57_02__i0297142__gcn0119726__0120526__person__P2_L2____.png,147,152,6
0303__16_57_03__i0297143__gcn0119726__0120535__person_____L1____.png,104,161,6
0303__16_57_04__i0297148__gcn0120396__0120396__multy__P2_______.png,13,200,0
0303__16_57_06__i0297155__gcn0119824__0120601__person___________.png,164,174,6
0303__16_57_08__i0297161__gcn0119726__0120637__person___________.png,172,173,6
0303__16_57_08__i0297162__gcn0119907__0120460__person___________.png,93,151,6
0303__16_57_17__i0297207__gcn0118825__0120839__person_____L1____.png,24,76,6
0303__16_57_32__i0297309__gcn0119932__0121148__person___________.png,80,224,0
0303__16_57_37__i0297343__gcn0121173__0121256__person___________.png,16,3,0
0303__16_57_48__i0297417__gcn0121448__0121449__person_____L2____.png,92,238,2
0303__16_57_48__i0297419__gcn0121448__0121452__person_____L1____.png,92,236,2
0303__16_57_49__i0297422__gcn0121455__0121455__person_____L2____.png,161,149,6
0303__16_57_50__i0297427__gcn0121448__0121465__person__P2_L2____.png,12,7,2
0303__16_57_53__i0297452__gcn0121455__0121455__person__P2_______.png,42,127,7
0303__16_57_54__i0297461__gcn0121448__0121465__person__P2_______.png,78,168,2
0303__16_58_17__i0297685__gcn0121766__0121957__person__P2_______.png,23,230,3
0303__16_58_18__i0297691__gcn0121766__0121957__person__P2_L2____.png,95,250,3
0303__17_00_23__i0298986__gcn0122536__0122536__multy_____L2____.png,171,208,6
0303__17_01_33__i0299658__gcn0122598__0122598__person__P1_L1____.png,157,188,2
0303__17_01_33__i0299659__gcn0122662__0122688__person_____L2____.png,253,245,3
0303__17_01_36__i0299685__gcn0122598__0122762__person_____L2____.png,69,157,6
0303__17_02_12__i0300011__gcn0123453__0123599__person__P2_______.png,38,176,6
0303__17_05_08__i0301832__gcn0124079__0124079__person__P1_L1____.png,118,211,4
0303__17_24_59__i0313744__gcn0126427__0126583__person__P2_L2____.png,16,133,5
0303__17_25_01__i0313766__gcn0126427__0126586__person__P2_______.png,38,166,5
0303__17_25_03__i0313784__gcn0126427__0126586__person__P1_L1____.png,84,181,5
0303__17_35_58__i0320330__gcn0127905__0128064__person_____L2____.png,9,126,6
0303__17_39_17__i0322327__gcn0128248__0128277__person__P2_______.png,255,137,4
0303__17_39_21__i0322366__gcn0128248__0128277__person__P2_______.png,144,201,4
0303__17_42_46__i0324415__gcn0128397__0128400__person_____L2____.png,1,224,4
0303__17_43_29__i0324837__gcn0128579__0128579__person__P2_______.png,34,235,2
0303__17_43_30__i0324849__gcn0128590__0128590__person__P2_______.png,167,192,7
0303__17_43_30__i0324853__gcn0128579__0128579__person__P2_______.png,129,176,2
0303__18_00_18__i0334916__gcn0129251__0129565__person___________.png,48,125,3
0303__18_00_19__i0334929__gcn0129602__0129602__multy_____L2____.png,55,154,3
0303__18_00_22__i0334958__gcn0129251__0129635__person_____L2____.png,72,169,6
0303__19_19_55__i0382712__gcn0131213__0131213__multy_____L2____.png,17,123,3
0303__20_54_54__i0439711__gcn0132477__0132477__person_____L2____.png,56,16,3
0303__21_09_31__i0448490__gcn0133227__0133227__person__P1_L1____.png,240,244,4
0303__21_09_34__i0448519__gcn0133227__0133324__person_____L2____.png,13,146,4
0304_15_14_07_i11579341_id209068_tcn-209068_cn1583334865479506000_thr985.Sgl_.jpg,100,75,6
0304_16_12_12_i11605563_id211415_tcn-211415_cn1583338354185435000_thr702.Sg_bord_.jpg,33,74,7
0304_16_55_01_i11627523_id212417_tcn-212417_cn1583340920675031000_thr814.In_.jpg,245,196,6
0304_17_29_48_i11646294_id212968_tcn-212968_cn1583343005168199000_thr958.Sgl_different_place.jpg,77,12,6
0304_17_29_49_i11646303_id212977_tcn-212977_cn1583343010692213000_thr943.Sgl_crossing.jpg,83,0,0
0304__07_22_05__i0013033__gcn0001719__0001719__person__P2_______.png,128,172,3
0304__07_22_05__i0013033__gcn0001774__0001806__person_____L1____.png,170,169,6
0304__07_22_10__i0013062__gcn0001972__0001972__multy_____L2____.png,42,123,0
0304__07_22_46__i0013398__gcn0002735__0002735__person_____L2____.png,150,132,0
0304__07_22_46__i0013399__gcn0002550__0002550__person__P2_______.png,99,147,0
0304__07_22_48__i0013404__gcn0002702__0002702__person__P1_L1____.png,196,181,0
0304__07_22_48__i0013407__gcn0002550__0002550__person_____L2____.png,148,153,0
0304__07_22_49__i0013408__gcn0002702__0002702__person__P2_______.png,175,165,0
0304__07_22_59__i0013457__gcn0002702__0002702__person__P1_L2____.png,43,133,0
0304__07_28_38__i0016961__gcn0004538__0004612__person_____L1____.png,108,175,3
0304__07_32_21__i0019221__gcn0005460__0005460__person_____L2____.png,165,196,3
0304__07_34_23__i0020443__gcn0005829__0005831__person__P1_L1____.png,151,225,6
0304__07_40_43__i0024238__gcn0006671__0006896__person_____L2____.png,15,123,3
0304__07_40_51__i0024318__gcn0007033__0007033__multy_____L2____.png,95,143,3
0304__07_42_38__i0025390__gcn0007307__0007307__person__P2_______.png,164,192,0
0304__07_56_29__i0033708__gcn0010207__0010259__person__P2_______.png,26,144,3
0304__07_56_34__i0033756__gcn0010396__0010396__multy_____L2____.png,168,202,3
0304__08_00_53__i0036305__gcn0010828__0011152__person___________.png,20,128,6
0304__08_00_55__i0036318__gcn0010731__0010782__person__P2_______.png,127,201,6
0304__08_04_04__i0037862__gcn0013297__0014544__person_____L2____.png,224,244,6
0304__08_05_44__i0038625__gcn0016662__0016954__person_____L1____.png,146,152,6
0304__08_05_48__i0038640__gcn0016662__0017043__person___________.png,156,166,6
0304__08_05_54__i0038657__gcn0017074__0017154__person__P2_______.png,45,129,6
0304__08_06_00__i0038685__gcn0014198__0017194__person_____L2____.png,63,158,6
0304__08_06_03__i0038706__gcn0014198__0017194__person__P2_______.png,135,190,6
0304__08_07_15__i0039180__gcn0018307__0018307__person__P2_______.png,27,152,3
0304__08_07_17__i0039204__gcn0018307__0018307__person__P1_L1____.png,88,211,3
0304__08_14_40__i0043632__gcn0020714__0020867__person__P2_______.png,144,178,0
0304__08_26_31__i0050288__gcn0031488__0031529__person__P2_L2____.png,131,162,6
0305__07_13_09__i0151489__gcn0005611__0005741__person___________.png,20,124,6
0305__07_25_43__i0159036__gcn0007825__0007825__person__P1_L2____.png,101,204,0
0305__07_28_11__i0160511__gcn0008014__0008014__person_____L2____.png,120,156,3
0305__07_28_12__i0160521__gcn0008014__0008014__person__P2_______.png,78,153,3
0305__07_28_15__i0160552__gcn0008014__0008014__person_____L2____.png,254,125,3
0305__08_10_08__i0185053__gcn0038970__0039282__person__P2_L1____.png,114,183,2
0305__08_10_08__i0185059__gcn0038970__0039282__person__P2_______.png,133,179,2
0305__08_17_06__i0188823__gcn0044859__0045285__person___________.png,52,179,6
0305__08_19_32__i0190372__gcn0047191__0047191__person__P1_L2____.png,152,214,6
0305__08_22_26__i0192118__gcn0048333__0048333__person__P2_______.png,76,135,0
0305__08_27_53__i0195370__gcn0054816__0054816__person_____L2____.png,98,178,7
0305__08_35_05__i0199706__gcn0062052__0062052__person_____L2____.png,219,241,4
0305__08_37_21__i0201033__gcn0064952__0064952__person__P2_______.png,248,0,0
0305__08_37_23__i0201048__gcn0065025__0065025__multy__P2_______.png,127,168,6
0305__08_37_26__i0201063__gcn0065078__0065139__person_____L2____.png,131,176,3
0305__08_37_27__i0201065__gcn0064126__0065156__person_____L2____.png,156,164,6
0305__08_37_32__i0201104__gcn0064491__0065321__multy__P2_______.png,69,153,0
0305__08_37_35__i0201118__gcn0065115__0065436__person__P2_______.png,41,128,0
0305__08_40_18__i0202807__gcn0068158__0068166__person__P2_______.png,121,180,3
0305__08_46_55__i0206648__gcn0075217__0075217__multy_____L2____.png,228,217,8
0305__08_46_57__i0206659__gcn0075220__0075220__person__P2_______.png,167,252,8
0305__08_47_03__i0206695__gcn0075220__0075220__person__P2_______.png,62,149,8
0305__08_48_43__i0207691__gcn0077763__0077763__multy___________.png,56,168,6
0305__08_48_57__i0207826__gcn0078008__0078008__person__P2_______.png,161,222,6
0305__08_54_32__i0210424__gcn0084130__0084135__person__P2_L2____.png,161,40,5
0305__08_54_33__i0210433__gcn0084130__0084137__person__P2_______.png,184,236,5
0305__08_54_33__i0210438__gcn0084130__0084137__person__P2_______.png,140,195,5
0305__08_59_15__i0212793__gcn0088003__0088019__person__P2_______.png,125,165,3
0305__08_59_16__i0212806__gcn0088003__0088019__person__P2_______.png,202,201,3
0305__08_59_17__i0212810__gcn0088003__0088019__person___________.png,224,200,7
0305__08_59_17__i0212816__gcn0088237__0088237__multy_____L2____.png,45,223,6
0305__08_59_17__i0212819__gcn0087899__0088248__person___________.png,200,4,2
0305__08_59_37__i0213013__gcn0088431__0088436__person__P2_______.png,225,4,7
0305__08_59_37__i0213019__gcn0088431__0088436__person__P2_______.png,1,230,7
0305__08_59_38__i0213026__gcn0088431__0088436__person__P2_______.png,168,203,7
0305__09_02_43__i0214873__gcn0090749__0091255__person_____L2____.png,84,216,6
0305__09_06_17__i0217003__gcn0093738__0093861__person__P2_L1____.png,3,255,7
0305__09_06_17__i0217008__gcn0093738__0093861__person_____L2____.png,236,4,7
0305__09_06_22__i0217052__gcn0094145__0094145__person__P2_______.png,40,123,2
0305__09_06_25__i0217077__gcn0093984__0094092__person__P2_______.png,110,177,7
0305__09_06_26__i0217083__gcn0093984__0094092__person__P2_______.png,164,175,7
0305__09_06_56__i0217408__gcn0094536__0094536__person__P1_L1____.png,174,218,2
0305__09_08_10__i0218141__gcn0095781__0095832__multy__P2_______.png,22,140,6
0305__09_08_10__i0218144__gcn0095637__0095824__person_____L2____.png,29,118,6
0305__09_08_13__i0218174__gcn0095637__0095944__person_____L2____.png,121,148,6
0305__09_20_36__i0225604__gcn0102540__0102636__person__P2_______.png,124,203,3
0305__09_20_57__i0225822__gcn0102722__0102790__person__P2_______.png,92,167,8
0305__09_20_57__i0225824__gcn0102829__0102829__multy_____L2____.png,97,184,8
0305__09_20_59__i0225840__gcn0102722__0102790__person__P2_L1____.png,158,2,8
0305__09_36_06__i0234907__gcn0107763__0107763__person__P2_______.png,66,142,5
0305__09_38_29__i0236327__gcn0108890__0108890__person__P2_L1____.png,163,188,7
0305__09_38_31__i0236337__gcn0108890__0108890__person__P1_L1____.png,134,187,7
0305__09_38_31__i0236339__gcn0108890__0108890__person_____L2____.png,94,181,7
0305__09_38_31__i0236341__gcn0108508__0108954__person_____L1____.png,216,178,7
0305__09_38_32__i0236343__gcn0108890__0108890__person__P2_L1____.png,107,175,7
0305__09_46_49__i0241340__gcn0113799__0113799__multy__P2_______.png,23,141,5
0305__09_51_57__i0244398__gcn0115531__0115649__person__P2_______.png,172,166,1
0305__09_58_30__i0248354__gcn0117712__0117712__person__P1_______.png,131,158,6
0305__10_10_09__i0255344__gcn0122398__0122398__multy_____L2____.png,4,234,6
0305__10_19_14__i0260735__gcn0127112__0127364__person___________.png,68,172,6
0305__10_19_17__i0260756__gcn0127394__0127394__multy___________.png,150,193,4
0305__10_19_30__i0260836__gcn0127741__0127741__multy_____L2____.png,201,201,6
0305__10_19_33__i0260855__gcn0127719__0127719__person___________.png,156,200,6
0305__10_19_47__i0260977__gcn0127473__0127908__person_____L2____.png,134,249,4
0305__10_27_54__i0265986__gcn0132550__0132550__person__P2_______.png,108,24,5
0305__10_28_00__i0266053__gcn0132673__0132673__person_____L2____.png,90,160,5
0305__10_28_01__i0266065__gcn0132673__0132682__person_____L1____.png,102,166,5
0305__10_28_14__i0266194__gcn0132777__0132796__person___________.png,140,40,6
0305__10_28_15__i0266200__gcn0132777__0132805__person_____L2____.png,183,1,6
0305__11_10_42__i0290736__gcn0149200__0149200__multy_____L2____.png,204,204,6
0305__11_10_43__i0290740__gcn0149181__0149209__person___________.png,210,12,6
0305__11_14_48__i0293200__gcn0151231__0151231__multy_____L2____.png,55,8,6
0305__11_29_16__i0301885__gcn0153382__0153382__person___________.png,229,200,7
0305__11_29_17__i0301897__gcn0153382__0153390__person__P2_______.png,178,189,7
0305__12_31_49__i0339392__gcn0177859__0178045__person__P2_______.png,159,176,6
0305__12_31_49__i0339396__gcn0177859__0178045__person__P2_______.png,189,167,6
0305__12_39_07__i0343776__gcn0181638__0181686__person___________.png,120,184,6
0305__12_43_17__i0346297__gcn0182921__0182921__person__P2_______.png,212,191,6
0305__12_43_46__i0346593__gcn0183019__0183028__multy___________.png,55,191,6
0305__13_05_09__i0357995__gcn0192611__0192718__person_____L2____.png,70,137,6
0305__13_05_11__i0358006__gcn0192611__0192758__person_____L2____.png,99,139,6
0305__13_05_11__i0358008__gcn0192611__0192766__person___________.png,102,157,6
0305__13_05_12__i0358019__gcn0192611__0192809__person_____L1____.png,171,153,6
0305__13_09_07__i0360397__gcn0195330__0195458__person_____L2____.png,149,180,4
0305__13_09_08__i0360409__gcn0195407__0195407__person_____L2____.png,40,160,7
0305__13_09_11__i0360435__gcn0195538__0195538__multy_____L2____.png,149,211,7
0305__13_09_49__i0360779__gcn0195785__0196139__person_____L2____.png,33,152,6
0305__13_09_49__i0360780__gcn0195785__0196142__person___________.png,36,145,6
0305__13_09_50__i0360788__gcn0195785__0196163__person_____L2____.png,32,120,6
0305__13_20_45__i0366897__gcn0205653__0205653__person_____L2____.png,233,163,6
0305__13_24_29__i0369148__gcn0208457__0208488__person___________.png,88,144,6
0305__13_25_29__i0369743__gcn0209109__0209109__person_____L2____.png,123,177,6
0305__13_25_47__i0369920__gcn0208984__0209426__person_____L1____.png,61,122,6
0305__13_30_21__i0372669__gcn0210896__0210916__person_____L2____.png,241,3,5
0305__13_30_22__i0372675__gcn0210896__0210925__person__P2_L2____.png,12,10,5
0305__13_30_25__i0372703__gcn0210896__0210973__person___________.png,93,180,5
0305__13_30_25__i0372711__gcn0210896__0210982__person_____L2____.png,75,178,5
0305__13_36_52__i0375626__gcn0214309__0214326__person_____L1____.png,36,160,6
0305__13_37_39__i0376096__gcn0214763__0214772__person_____L2____.png,124,160,6
0305__13_39_23__i0377147__gcn0214983__0215032__person__P2_L2____.png,16,222,3
0305__13_51_16__i0384276__gcn0219473__0219473__person___________.png,8,188,0
0305__13_51_16__i0384279__gcn0219473__0219477__person_____L1____.png,8,188,0
0305__13_51_18__i0384287__gcn0219473__0219495__person_____L1____.png,201,169,0
0305__13_51_19__i0384294__gcn0219473__0219519__person___________.png,156,180,0
0305__13_51_19__i0384299__gcn0219473__0219532__person___________.png,131,160,0
0305__13_51_19__i0384300__gcn0219473__0219535__person___________.png,111,150,0
0305__13_53_38__i0385698__gcn0219864__0219890__person__P2_______.png,46,161,3
0305__13_53_41__i0385729__gcn0219839__0219964__person__P2_______.png,228,208,3
0305__13_54_30__i0386222__gcn0220435__0220450__person___________.png,116,168,5
0305__14_02_19__i0390917__gcn0222859__0222859__person_____L2____.png,57,175,1
0305__14_02_20__i0390918__gcn0222859__0222862__person___________.png,56,172,1
0305__14_02_21__i0390935__gcn0222859__0222899__person_____L1____.png,207,213,1
0305__14_02_57__i0391292__gcn0223579__0223579__multy___________.png,182,188,6
0305__14_07_16__i0393864__gcn0226454__0226861__person_____L2____.png,136,172,8
0305__14_36_47__i0411562__gcn0245575__0245716__person__P2_______.png,72,135,0
0305__14_36_48__i0411567__gcn0245575__0245716__person__P2_______.png,92,162,0
0305__14_36_48__i0411572__gcn0245575__0245716__person__P2_______.png,123,202,0
0305__14_59_53__i0425422__gcn0259959__0259969__person_____L2____.png,211,169,6
0305__14_59_54__i0425426__gcn0259959__0259988__person__P2_L1____.png,214,197,6
0305__14_59_59__i0425454__gcn0260108__0260108__multy_____L2____.png,63,189,6
0305__15_00_04__i0425482__gcn0260235__0260235__person_____L2____.png,13,123,6
0305__15_00_05__i0425483__gcn0259959__0260238__person__P1_L2____.png,8,126,6
0305__15_03_00__i0427301__gcn0262094__0262124__person__P2_______.png,95,154,5
0305__15_03_02__i0427319__gcn0261992__0262190__person___________.png,141,168,0
0305__15_06_10__i0429191__gcn0264451__0264653__person___________.png,26,136,6
0305__15_06_11__i0429199__gcn0264451__0264688__person___________.png,49,139,6
0305__15_06_12__i0429203__gcn0264451__0264707__person_____L2____.png,96,143,6
0305__15_06_16__i0429235__gcn0264451__0264832__person___________.png,2,191,6
0305__15_09_46__i0431299__gcn0265946__0265946__multy_____L2____.png,228,49,6
0305__15_15_07__i0434124__gcn0270738__0270738__person_____L2____.png,71,153,5
0305__15_21_21__i0437865__gcn0273764__0273974__person_____L1____.png,16,132,5
0305__15_25_27__i0440307__gcn0276729__0276812__person__P1_L1____.png,18,124,6
0305__15_25_29__i0440323__gcn0276907__0276936__person_____L1____.png,86,132,6
0305__15_25_30__i0440328__gcn0276907__0276946__person__P1_L1____.png,98,140,6
0305__15_25_34__i0440361__gcn0276907__0277012__person___________.png,204,168,6
0305__15_26_16__i0440822__gcn0277281__0277281__multy_____L2____.png,33,14,6
0305__15_26_17__i0440825__gcn0277205__0277285__person___________.png,112,164,6
0305__15_26_21__i0440863__gcn0277296__0277296__multy___________.png,29,128,3
0305__15_33_24__i0445074__gcn0278073__0278082__person___________.png,231,255,6
0305__15_33_30__i0445119__gcn0278074__0278245__person___________.png,20,133,6
0305__16_12_12__i0468381__gcn0281891__0281891__person_____L2____.png,28,184,2
0305__16_12_12__i0468382__gcn0281891__0281891__person_____L2____.png,246,40,2
0305__16_12_12__i0468386__gcn0281899__0281900__person___________.png,124,137,2
0305__16_21_28__i0473944__gcn0283219__0283219__person_____L2____.png,63,47,6
0305__16_23_40__i0475262__gcn0283985__0284291__person__P1_L2____.png,172,158,2
0305__16_24_18__i0475643__gcn0284495__0284495__multy_____L2____.png,212,189,0
0305__16_24_20__i0475664__gcn0284458__0284458__person__P2_______.png,69,148,0
0305__16_27_38__i0477641__gcn0285997__0285997__multy__P2_______.png,155,228,6
0305__16_29_41__i0478873__gcn0286241__0286270__person__P2_______.png,191,182,3
0305__16_32_37__i0480566__gcn0287561__0287561__multy_____L2____.png,61,158,3
0305__16_32_37__i0480568__gcn0287349__0287551__person__P2_______.png,58,151,3
0305__16_32_38__i0480575__gcn0287349__0287551__person__P1_L1____.png,89,179,3
0305__16_36_37__i0483035__gcn0289731__0289731__person__P1_L1____.png,212,208,2
0305__16_36_38__i0483040__gcn0289757__0289757__multy_____L2____.png,152,172,2
0305__16_38_36__i0484223__gcn0290977__0290977__multy_____L2____.png,57,152,6
0305__16_38_39__i0484253__gcn0290807__0290873__person_____L2____.png,204,0,3
0305__16_39_12__i0484583__gcn0291038__0291038__multy___________.png,3,21,7
0305__16_39_12__i0484586__gcn0291041__0291041__person_____L2____.png,211,169,7
0305__16_39_13__i0484590__gcn0291044__0291049__person__P2_L2____.png,175,176,7
0305__16_39_13__i0484592__gcn0291035__0291035__person__P1_L1____.png,195,227,7
0305__16_39_13__i0484594__gcn0291044__0291049__person__P2_______.png,113,179,7
0305__16_55_05__i0494112__gcn0293891__0293891__multy_____L2____.png,52,140,6
0305__16_55_13__i0494192__gcn0294052__0294052__multy_____L2____.png,192,209,3
0305__19_26_25__i0065906__gcn0021510__0021516__person_____L1____.png,133,161,6
0307_17_52_16___LOOK_CLR_TP1_ID1806_CAM0_i475356_TP1_THR958_CN28_TCN-1802.png,46,161,3
0307_21_53_11___INB_CLR_TP2_ID2635_CAM0_i764389_TP2_THR604_CN35_TCN-2635.png,229,52,6
0310_12_35_36___i213842_INB_CLR_TP1_ID15712_CAM0_TP1_THR655_CN1583843738136648000_TCN-15712.png,104,188,4
0310_12_43_32___i223123_INB_CLR_TP1_ID19636_CAM0_TP1_THR662_CN1583844215031579000_TCN-19636.png,86,184,7
0310_14_03_13___i314162_SNGL_CLR_TP1_ID29366_CAM0_TP1_THR893_CN1583848996927674000_TCN-29366.png,50,153,6
0310_14_08_15___i317940_LOOK_TP1_ID32259_CAM0_TP1_THR895_CN1583849293050504000_TCN-32259.png,247,115,6
0310_14_08_16___i317946_OUTB_LOOK_CLR_TP1_ID32266_CAM0_TP1_THR938_CN1583849293050504000_TCN-32266.png,9,111,6
0310_14_12_45___i321209_SNGL_TP1_ID35429_CAM0_TP1_THR804_CN1583849568704049000_TCN-35429.png,203,94,6
0310_14_47_18___i361584_OUT_CLR_TP1_ID37271_CAM0_TP1_THR775_CN1583851641803335000_TCN-37271.png,194,89,6
0310_14_48_03___i361924_SNGL_CLR_TP1_ID38421_CAM0_TP1_THR819_CN1583851686795900000_TCN-38421.png,205,99,6
0310_14_57_58___i368282_LOOK_CLR_TP1_ID41745_CAM0_TP1_THR700_CN1583852264061970000_TCN-41745.png,61,191,3
0310_15_12_12___i377411_INN_CLR_TP1_ID47277_CAM0_TP1_THR861_CN1583853136707360000_TCN-47277.png,207,88,6
0310_15_13_05___i377807_INN_CLR_TP1_ID47878_CAM0_TP1_THR820_CN1583853189429857000_TCN-47878.png,177,88,6
0310_15_32_13___i385279_INB_LOOK_CLR_TP1_ID62130_CAM0_TP1_THR905_CN1583854338123079000_TCN-62130.png,18,96,6
0310_15_54_45___i404935_LOOK_CLR_TP1_ID67636_CAM0_TP1_THR935_CN1583855688869122000_TCN-67636.png,248,116,7
0310_15_54_54___i404986_INB_CLR_TP1_ID67694_CAM0_TP1_THR883_CN1583855699124773000_TCN-67694.png,229,106,6
0310_15_56_22___i405648_SNGL_CLR_TP1_ID68050_CAM0_TP1_THR863_CN1583855787544561000_TCN-68050.png,220,95,6
0310_16_23_56___i435957_LOOK_CLR_TP1_ID69225_CAM0_TP1_THR878_CN1583857437045071000_TCN-69225.png,57,109,3
0310_18_24_46___i578151_LOOK_CLR_TP1_ID70443_CAM0_TP1_THR979_CN1583864683920884000_TCN-70443.png,60,191,4
0310_18_38_03___i593721_SGLB_CLR_TP1_ID70615_CAM0_TP1_THR989_CN1583865487172146000_TCN-70615.png,17,132,6
0310_20_03_31___i645427_LOOK_CLR_TP1_ID85610_CAM0_TP1_THR647_CN-85610_TCN-85610.png,220,113,6
0311_08_50_41___i1024980_LOOK_CLR_TP1_ID213915_CAM0_TP1_THR705_CN1583916647152417000_TCN-213915.png,198,153,6
0311_09_13_44___i1050584_SNGL_CLR_TP1_ID214292_CAM0_TP1_THR819_CN1583918031201793000_TCN-214292.png,177,89,6
0311_09_39_14___i1077554_SNGL_CLR_TP1_ID214913_CAM0_TP1_THR864_CN1583919560591439000_TCN-214913.png,199,81,6
0311_09_39_18___i1077575_SNGL_CLR_TP1_ID214915_CAM0_TP1_THR864_CN1583919565964320000_TCN-214915.png,239,121,6
0311_09_39_28___i1077676_SNGL_CLR_TP1_ID214918_CAM0_TP1_THR864_CN1583919573506168000_TCN-214918.png,199,81,6
0311_10_03_29___i1101455_OUT_CLR_TP1_ID216039_CAM0_TP1_THR819_CN1583921008214006000_TCN-216039.png,205,76,6
0311_10_41_01___i1131047_OUT_LOOK_CLR_TP1_ID219435_CAM0_TP1_THR799_CN1583923261706971000_TCN-219435.png,241,183,6
0311_10_43_58___i1131784_OUT_CLR_TP1_ID220189_CAM0_TP1_THR913_CN1583923444800898000_TCN-220189.png,242,121,6
0311_12_06_32___i1212257_SNGL_CLR_TP1_ID225956_CAM0_TP1_THR912_CN1583928400501600000_TCN-225956.png,188,102,6
0311_12_29_03___i1233637_LOOK_TP1_ID227675_CAM0_TP1_THR845_CN1583929750448970000_TCN-227675.png,4,145,6
0311_12_29_03___i1233638_OUT_TP1_ID227676_CAM0_TP1_THR865_CN1583929750448970000_TCN-227675.png,1,143,6
0311_12_29_03___i1233639_SNGL_TP1_ID227679_CAM0_TP1_THR823_CN1583929752223997000_TCN-227679.png,7,125,6
0311_12_29_04___i1233640_SNGL_TP1_ID227681_CAM0_TP1_THR892_CN1583929752230899000_TCN-227681.png,14,113,6
0311_18_50_27___i1636334_INB_CLR_TP1_ID275423_CAM0_TP1_THR805_CN1583952637591424000_TCN-275423.png,12,119,6
0312_11_49_22___i2451_SNGL_TP1_ID7423_CAM0_TP1_THR863_CN1584013764261283000_TCN-7423.png,251,126,6
0312_11_49_50___i2839_SNGL_CLR_TP1_ID8788_CAM0_TP1_THR929_CN1584013792636896000_TCN-8788.png,14,110,6
0312_11_52_27___i4661_LOOK_CLR_TP1_ID15038_CAM0_TP1_THR732_CN1584013949053169000_TCN-15038.png,200,94,6
0312_12_00_44___i10298_INN_TP1_ID26930_CAM0_TP1_THR910_CN1584014448332659000_TCN-26930.png,241,99,6
0312_12_13_46___i23140_INN_CLR_TP1_ID28932_CAM0_TP1_THR877_CN1584015229567706000_TCN-28932.png,202,78,6
0312_12_15_43___i24128_SNGL_CLR_TP1_ID30213_CAM0_TP1_THR932_CN1584015347609692000_TCN-30213.png,205,78,6
0312_12_15_55___i24216_OUT_TP1_ID30451_CAM0_TP1_THR672_CN1584015354897375000_TCN-30451.png,251,125,6
0312_12_15_56___i24221_SNGL_TP1_ID30462_CAM0_TP1_THR829_CN1584015360081623000_TCN-30462.png,11,131,6
0312_12_17_16___i24875_SNGL_CLR_TP1_ID31150_CAM0_TP1_THR811_CN1584015439659433000_TCN-31150.png,222,111,6
0312_12_20_15___i26346_OUTB_CLR_TP3_ID32757_CAM0_TP3_THR769_CN1584015618240870000_TCN-32757.png,22,150,6
0312_12_20_55___i26693_SNGL_CLR_TP1_ID33175_CAM0_TP1_THR826_CN1584015658955255000_TCN-33175.png,165,82,6
0312_12_21_16___i26852_INN_CLR_TP1_ID33455_CAM0_TP1_THR750_CN1584015680688704000_TCN-33455_MOTION.png,178,86,6
0312_12_24_23___i28497_OUTB_CLR_TP1_ID37084_CAM0_TP1_THR629_CN1584015860441108000_TCN-37084.png,1,135,6
0312_12_31_05___i31257_SNGL_CLR_TP1_ID44957_CAM0_TP1_THR874_CN1584016269987602000_TCN-44957.png,17,120,6
0312_16_21_40___i127564_LOOK_CLR_TP1_ID67708_CAM0_TP1_THR616_CN-67708_TCN-67708.png,195,86,6
0313_12_58_41___i97944_INB_CLR_TP1_ID32277_CAM0_TP1_THR687_CN1584104324358056000_TCN-32277.png,57,211,3
0313_17_48_17___i407558_INB_CLR_TP2_ID66626_CAM0_TP2_THR602_CN1584121698372462000_TCN-66626.png,103,70,6
0314_06_10_13___i1292772_OUTB_CLR_TP2_ID69467_CAM0_TP2_THR652_CN1584166214443546000_TCN-69467.png,240,155,6
0314_07_44_11___i1402845_LOOK_CLR_TP1_ID71581_CAM0_TP1_THR899_CN1584171849959302000_TCN-71581.png,253,105,3
0315_09_24_45___i34078_INB_CLR_TP1_ID640_CAM0_TP1_THR771_CN1584264286228559000_TCN-640.png,94,199,7
0315_09_53_17___i68314_INB_CLR_TP1_ID2579_CAM0_TP1_THR659_CN1584265998378693000_TCN-2579.png,44,233,3
0315_09_53_23___i68437_LOOK_CLR_TP1_ID2785_CAM0_TP1_THR865_CN1584266000213033000_TCN-2785.png,254,132,3
0315_10_24_01___i34_SNGL_CLR_TP0_ID77_CAM0_TP0_THR750_CN1584267842600552000_TCN-77_MOTION.png,159,227,4
0315_10_24_10___i58_SGLB_CLR_TP0_ID112_CAM0_TP0_THR750_CN1584267850756981000_TCN-112_MOTION.png,43,2,7
0315_10_25_05___i17_SGLB_CLR_TP1_ID44_CAM0_TP1_THR750_CN1584267906715729000_TCN-44_MOTION.png,61,156,4
0315_10_26_18___i41_SGLB_CLR_TP1_ID84_CAM0_TP1_THR935_CN1584267979233269000_TCN-84.png,112,6,6
0315_10_26_26___i40_SGLB_CLR_TP0_ID61_CAM0_TP0_THR750_CN1584267987170011000_TCN-61_MOTION.png,223,203,6
0315_10_26_33___i39_SGLB_CLR_TP1_ID97_CAM0_TP1_THR750_CN1584267994571493000_TCN-97_MOTION.png,29,104,6
0315_10_26_41___i41_SGLB_CLR_TP1_ID85_CAM0_TP1_THR750_CN1584268002458115000_TCN-85_MOTION.png,196,118,6
0315_10_26_48___i15_LOOK_CLR_TP1_ID46_CAM0_TP1_THR997_CN1584268008693040000_TCN-46.png,228,19,6
0315_10_26_55___i2_INB_CLR_TP1_ID11_CAM0_TP1_THR970_CN1584268016630988000_TCN-11.png,28,232,1
0315_10_26_58___i65_SGLB_CLR_TP0_ID174_CAM0_TP0_THR750_CN1584268018990992000_TCN-174_MOTION.png,65,107,1
0315_10_27_11___i2_SGLB_TP1_ID12_CAM0_TP1_THR907_CN1584268032428748000_TCN-12.png,53,100,6
0315_10_27_28___i39_SGLB_CLR_TP0_ID61_CAM0_TP0_THR750_CN1584268048510491000_TCN-61_MOTION.png,148,86,6
0315_10_27_41___i4_LOOK_CLR_TP1_ID15_CAM0_TP1_THR956_CN1584268061958729000_TCN-15.png,1,4,6
0315_10_28_25___i148_SNGL_CLR_TP0_ID507_CAM0_TP0_THR750_CN1584268106447690000_TCN-507_MOTION.png,199,172,6
0315_10_28_47___i14_LOOK_CLR_TP1_ID30_CAM0_TP1_THR755_CN1584268127887991000_TCN-30.png,214,197,6
0315_10_30_34___i8_LOOK_CLR_TP1_ID23_CAM0_TP1_THR950_CN1584268234787786000_TCN-23.png,11,63,7
0315_10_30_59___i14_INB_TP1_ID54_CAM0_TP1_THR750_CN1584268259931571000_TCN-54_MOTION.png,54,187,6
0315_10_31_22___i17_SGLB_CLR_TP0_ID39_CAM0_TP0_THR750_CN1584268282652599000_TCN-39_MOTION.png,35,221,6
0315_10_31_36___i10_LOOK_TP1_ID36_CAM0_TP1_THR930_CN1584268296395025000_TCN-36.png,44,238,6
0315_10_31_36___i13_LOOK_CLR_TP1_ID43_CAM0_TP1_THR999_CN1584268296394859000_TCN-43.png,85,72,6
0315_10_34_21___i18_LOOK_CLR_TP1_ID34_CAM0_TP1_THR895_CN1584268461518346000_TCN-34.png,253,235,4
0315_10_35_06___i3_SGLB_CLR_TP1_ID13_CAM0_TP1_THR785_CN1584268506840516000_TCN-13.png,35,238,4
0315_10_35_59___i44_SGLB_CLR_TP0_ID75_CAM0_TP0_THR750_CN1584268559610558000_TCN-75_MOTION.png,71,11,0
0315_10_36_55___i9_SGLB_TP1_ID26_CAM0_TP1_THR942_CN1584268615846998000_TCN-26.png,98,217,6
0315_10_37_39___i3_SGLB_TP1_ID12_CAM0_TP1_THR987_CN1584268660102828000_TCN-12.png,35,202,3
0315_10_37_40___i20_SNGL_TP1_ID36_CAM0_TP1_THR934_CN1584268660790308000_TCN-36.png,167,16,3
0315_10_37_56___i38_SGLB_TP1_ID126_CAM0_TP1_THR970_CN1584268677520712000_TCN-126.png,6,238,6
0315_10_38_12___i37_SGLB_TP1_ID62_CAM0_TP1_THR998_CN1584268692821997000_TCN-62.png,47,50,6
0315_10_38_12___i45_SGLB_CLR_TP0_ID74_CAM0_TP0_THR750_CN1584268693032637000_TCN-74_MOTION.png,254,239,0
0315_10_39_17___i14_SGLB_TP1_ID33_CAM0_TP1_THR708_CN1584268758447256000_TCN-33.png,148,217,6
0315_10_39_39___i12_SGLB_CLR_TP1_ID38_CAM0_TP1_THR750_CN1584268780475490000_TCN-38_MOTION.png,65,88,6
0315_10_41_11___i27_SNGL_TP1_ID43_CAM0_TP1_THR738_CN1584268872409481000_TCN-43.png,99,157,4
0315_10_41_26___i2_INB_TP1_ID12_CAM0_TP1_THR969_CN1584268887588291000_TCN-12.png,224,228,6
0315_10_42_45___i36_SGLB_CLR_TP0_ID82_CAM0_TP0_THR750_CN1584268965649344000_TCN-82_MOTION.png,177,181,4
0315_10_43_21___i2_INB_CLR_TP1_ID11_CAM0_TP1_THR699_CN1584269001938298000_TCN-11.png,56,16,3
0315_10_43_51___i3_SGLB_CLR_TP1_ID15_CAM0_TP1_THR750_CN1584269031910858000_TCN-15_MOTION.png,159,234,6
0316_07_50_04___i1610095_LOOK_CLR_TP1_ID264426_CAM0_TP1_THR697_CN1584345007783899000_TCN-264426.png,50,191,4
0316_07_50_23___i1610215_LOOK_CLR_TP1_ID264547_CAM0_TP1_THR951_CN1584345028259852000_TCN-264547.png,21,96,4
0316_08_10_25___i1633450_PLACE_CLR_TP2_ID265411_CAM0_TP2_THR851_CN1584346225741441000_TCN-265411.png,187,251,6
0316_08_19_21___i1640267_INB_CLR_TP2_ID267234_CAM0_TP2_THR670_CN1584346766423805000_TCN-267234.png,209,202,6
0316_08_19_26___i1640298_OUTB_CLR_TP2_ID267262_CAM0_TP2_THR730_CN1584346766423805000_TCN-267262.png,139,73,6
0316_08_35_16___i1655290_LOOK_CLR_TP1_ID269973_CAM0_TP1_THR902_CN1584347703808390000_TCN-269973.png,243,107,7
0316_08_50_54___i1668510_INB_CLR_TP2_ID290234_CAM0_TP2_THR629_CN1584348657961816000_TCN-290234.png,216,195,6
0316_10_00_57___i1721630_INB_CLR_TP2_ID329420_CAM0_TP2_THR612_CN1584352858577765000_TCN-329420.png,238,14,6
0316_20_20_33___i2323986_INB_CLR_TP2_ID487619_CAM0_TP2_THR638_CN1584390036419896000_TCN-487619.png,254,113,6
0316_20_21_07___i2324132_INB_CLR_TP2_ID487882_CAM0_TP2_THR663_CN1584390075971826000_TCN-487882.png,183,147,6
0316_22_05_33___i2422372_INB_CLR_TP2_ID607949_CAM0_TP2_THR607_CN1584396334790223000_TCN-607949.png,121,144,6
0317033__0716__13_16_12__________.png,9,42,6
0317_08_26_38___i384571_LOOK_CLR_TP1_ID289523_CAM0_TP1_THR732_CN1584433596097426000_TCN-289523.png,117,152,3
0317_08_49_05___i411233_OUTB_LOOK_TP1_ID292962_CAM0_TP1_THR750_CN1584434947267521000_TCN-292962_MOTION.png,75,61,6
0317_14_46_51___i109435_INB_CLR_TP1_ID38216_CAM0_TP1_THR994_CN1584456414354506000_TCN-38216.png,83,116,3
0317_17_04_32___i1062_INB_CLR_TP1_ID1097_CAM0_TP1_THR604_CN1584464673248484000_TCN-1097.png,253,153,3
0317_17_04_32___i1064_LOOK_CLR_TP1_ID1103_CAM0_TP1_THR808_CN1584464673248484000_TCN-1103.png,223,116,3
0317_18_26_09___i77524_OUTB_LOOK_CLR_TP1_ID23304_CAM0_TP1_THR632_CN1584469562102003000_TCN-23304.png,20,139,3
0317_19_24_48___i143500_OUTB_CLR_TP1_ID29975_CAM0_TP1_THR613_CN1584473060713751000_TCN-29975.png,50,162,3
0318_10_45_28___i1013677_INB_CLR_TP1_ID395462_CAM0_TP1_THR829_CN1584528331236069000_TCN-395462.png,255,112,0
0318_19_44_04___i1531329_LOOK_CLR_TP1_ID470834_CAM0_TP1_THR899_CN1584560648883504000_TCN-470834.png,56,151,3
0319770__0716__08_02_53_______END.png,86,186,6
0320_08_19_52___i811432_LOOK_CLR_TP1_ID739164_CAM0_TP1_THR939_CN1584692383087005000_TCN-739164.png,92,155,4
0320_08_19_54___i811447_INB_CLR_TP1_ID739199_CAM0_TP1_THR634_CN1584692396685228000_TCN-739199.png,31,143,4
0320_13_45_59___i1109753_INB_CLR_TP1_ID890910_CAM0_TP1_THR679_CN1584711965887988000_TCN-890910.png,46,174,3
0320_13_46_03___i1109774_INB_CLR_TP1_ID890947_CAM0_TP1_THR781_CN1584711970607209000_TCN-890947.png,60,159,4
0321_15_05_49___i2694221_LOOK_CLR_TP1_ID1135003_CAM0_TP1_THR903_CN1584803152131112000_TCN-1135003.png,254,140,3
0322_03_06_42___i3431675_INB_CLR_TP2_ID1504790_CAM0_TP2_THR643_CN1584846403430248000_TCN-1504790.png,106,159,6
0322_05_20_48___i3552556_INB_CLR_TP2_ID1619512_CAM0_TP2_THR683_CN1584854449779145000_TCN-1619512.png,85,95,6
0322_13_49_30___i4155529_LOOK_CLR_TP1_ID1675693_CAM0_TP1_THR791_CN1584884977597697000_TCN-1675693.png,64,186,6
0323_15_36_04___i5554424_OUTB_CLR_TP1_ID1976427_CAM0_TP1_THR695_CN1584977711576427000_TCN-1976427.png,64,167,3
0325_13_19_14___i8105374_LOOK_CLR_TP1_ID2713326_CAM0_TP1_THR904_CN1585142327452593000_TCN-2713324.png,76,160,6
0326_00_14_27___i8643395_SGLB_CLR_TP2_ID2867704_CAM0_TP2_THR814_CN1585181668328792000_TCN-2867704.png,93,230,6
0326_07_32_30___i9018384_LOOK_CLR_TP1_ID3097725_CAM0_TP1_THR812_CN1585207922298276000_TCN-3097725.png,14,114,3
0326_08_54_08___i9085129_LOOK_CLR_TP1_ID3099533_CAM0_TP1_THR977_CN1585212843355321000_TCN-3099533.png,72,184,3
0326_09_37_23___i9103672_LOOK_CLR_TP1_ID3101145_CAM0_TP1_THR947_CN1585215412022673000_TCN-3101145.png,13,124,3
0326_12_58_25___i79409_INB_CLR_TP1_ID26121_CAM0_TP1_THR705_CN1585227507994980000_TCN-26121.png,41,207,3
0326_14_49_55___i202345_PLACE_CLR_TP1_ID43098_CAM0_TP1_THR951_CN1585234195019760000_TCN-43098.png,16,160,7
0326_14_50_06___i202429_LOOK_CLR_TP1_ID43236_CAM0_TP1_THR828_CN1585234195019760000_TCN-43236.png,9,158,7
0326_15_35_42___i255305_LOOK_CLR_TP1_ID45629_CAM0_TP1_THR901_CN1585236935712083000_TCN-45625.png,1,129,3
0326_15_35_45___i255328_LOOK_CLR_TP1_ID45652_CAM0_TP1_THR927_CN1585236935712083000_TCN-45645.png,39,142,3
0326_18_26_41___i442308_SGLB_CLR_TP1_ID56220_CAM0_TP1_THR817_CN1585247205623706000_TCN-56220.png,63,179,3
0326_19_36_45___i520102_LOOK_CLR_TP1_ID59212_CAM0_TP1_THR723_CN1585251408891731000_TCN-59212.png,65,183,3
0327272__0716__08_09_10__________.png,187,163,6
0327_07_37_18___i1382352_OUTB_LOOK_CLR_TP1_ID955364_CAM0_TP1_THR603_CN1585294621560525000_TCN-955364.png,4,112,3
0327_08_02_19___i1408647_PLACE_CLR_TP1_ID957477_CAM0_TP1_THR979_CN1585296135129229000_TCN-957477.png,33,150,3
0327_08_20_26___i1418235_LOOK_CLR_TP1_ID963958_CAM0_TP1_THR906_CN1585297222368494000_TCN-963958.png,175,135,6
0327_10_22_48___i1550908_INB_CLR_TP3_ID972260_CAM0_TP3_THR634_CN1585304572571800000_TCN-972260.png,32,136,3
0327_10_40_48___i1567640_INB_CLR_TP1_ID975282_CAM0_TP1_THR838_CN1585305653222377000_TCN-975282.png,242,98,1
0327_16_50_34___i1913143_INB_CLR_TP1_ID1009255_CAM0_TP1_THR790_CN1585327839085997000_TCN-1009255.png,61,153,7
0327_17_32_26___i1944248_LOOK_CLR_TP1_ID1013344_CAM0_TP1_THR635_CN1585330348932521000_TCN-1013344.png,17,114,3
0327_17_32_42___i1944316_OUTB_LOOK_CLR_TP1_ID1013412_CAM0_TP1_THR776_CN1585330364647395000_TCN-1013412.png,46,138,3
0327_17_32_48___i1944338_OUTB_CLR_TP1_ID1013445_CAM0_TP1_THR742_CN1585330374555479000_TCN-1013445.png,22,148,3
0327_18_44_56___i2024093_LOOK_CLR_TP1_ID1014702_CAM0_TP1_THR927_CN1585334701265923000_TCN-1014702.png,21,131,3
0327_18_45_07___i2024138_SGLB_CLR_TP1_ID1014747_CAM0_TP1_THR803_CN1585334714774820000_TCN-1014747.png,78,162,3
0330038__0716__08_11_29__________.png,173,26,6
0330_07_07_43___i6132210_INB_CLR_TP1_ID4586510_CAM0_TP1_THR610_CN1585552070491683000_TCN-4586510.png,64,168,3
0330_07_07_44___i6132216_OUTB_CLR_TP1_ID4586516_CAM0_TP1_THR607_CN1585552070491683000_TCN-4586516.png,81,152,3
0330_07_07_54___i6132252_LOOK_CLR_TP1_ID4586552_CAM0_TP1_THR724_CN1585552073214311000_TCN-4586552.png,9,186,3
0330_08_29_44___i6212513_INB_CLR_TP1_ID4588089_CAM0_TP1_THR749_CN1585556993407981000_TCN-4588089.png,131,91,6
0331654__0716__13_28_33_______END.png,176,245,6
0333021__0716__08_13_59__________.png,177,150,6
0335293__0716__08_15_52__________.png,219,176,6
0335934__0716__08_16_24__________.png,142,130,6
0344745__0716__13_39_30_______END.png,174,187,6
0348054__0716__08_26_35__________.png,204,12,6
0349745__0716__08_28_01_______END.png,7,28,6
0350480__0716__08_28_38_P1____END.png,180,144,6
0352849__0716__08_30_37__________.png,189,169,6
0355023__0716__13_48_08_______END.png,143,182,6
0359524__0716__13_52_04_______END.png,255,211,6
0391074__0717__09_55_25_P1____END.png,111,108,6
0392649__0716__14_19_56_______END.png,114,70,6
0392657__0716__14_19_57__________.png,142,82,6
0393233__0716__14_20_25__________.png,76,149,6
0393475__0716__14_20_38_______END.png,133,75,6
0393681__0718__09_51_14_______END.png,240,103,6
0393799__0718__09_51_21__________.png,223,103,6
0393937__0718__09_51_29_PC_______.png,247,70,6
0399522__0717__10_02_33__________.png,179,218,6
0401_12_54_25___i9927907_INB_CLR_TP1_ID5952196_CAM0_TP1_THR612_CN1585745674086885000_TCN-5952196.png,58,204,3
0402_10_51_24___i11505476_LOOK_CLR_TP1_ID7128552_CAM0_TP1_THR847_CN1585824690956641000_TCN-7128552.png,72,180,3
0402_10_51_45___i11505542_LOOK_CLR_TP1_ID7128751_CAM0_TP1_THR936_CN1585824704964143000_TCN-7128749.png,68,165,3
0402_10_51_48___i11505551_LOOK_CLR_TP1_ID7128781_CAM0_TP1_THR965_CN1585824704964143000_TCN-7128781.png,45,190,3
0402_10_52_11___i11505621_LOOK_CLR_TP1_ID7128989_CAM0_TP1_THR825_CN1585824704964143000_TCN-7128989.png,246,151,3
0403_05_01_28___i12775547_SGLB_TP2_ID8292492_CAM0_TP2_THR837_CN1585890096147516000_TCN-8292492.png,70,178,6
0404_01_56_27___i14267901_SGLB_CLR_TP2_ID9218651_CAM0_TP2_THR884_CN1585965395197633000_TCN-9218651.png,155,20,6
0404_12_53_51___i15049849_LOOK_CLR_TP1_ID9694644_CAM0_TP1_THR900_CN1586004840170292000_TCN-9694643.png,59,202,4
0405797__0717__10_07_49__________.png,51,222,6
0405_08_44_50___i16447256_SNGL_CLR_TP1_ID10763344_CAM0_TP1_THR803_CN1586076300343129000_TCN-10763344.png,5,33,6
0405_17_57_28___i17099033_INB_CLR_TP3_ID10783694_CAM0_TP3_THR677_CN1586109453986829000_TCN-10783694.png,67,162,4
0406_10_12_05___i18259358_LOOK_CLR_TP1_ID11344583_CAM0_TP1_THR984_CN1586167913546988000_TCN-11344577.png,251,110,3
0406_10_12_11___i18259398_PLACE_CLR_TP1_ID11344663_CAM0_TP1_THR977_CN1586167913546988000_TCN-11344627.png,30,132,3
0407_08_34_48___i19705398_INB_CLR_TP1_ID12665910_CAM0_TP1_THR660_CN1586248522229578000_TCN-12665910.png,33,218,4
0407_09_37_05___i19765495_LOOK_CLR_TP1_ID12667339_CAM0_TP1_THR662_CN1586252225354403000_TCN-12667339.png,33,202,1
0407_12_14_29___i19919568_LOOK_CLR_TP1_ID12698323_CAM0_TP1_THR925_CN1586261628742923000_TCN-12698321.png,1,156,3
0407_17_26_45___i20255552_OUTB_CLR_TP1_ID12703368_CAM0_TP1_THR771_CN1586280434883023000_TCN-12703368.png,165,182,6
0408_11_04_59___i21464221_INB_CLR_TP1_ID13535722_CAM0_TP1_THR843_CN1586343922094682000_TCN-13535722.png,228,184,6
0408_12_39_16___i21547659_INB_CLR_TP1_ID13536795_CAM0_TP1_THR985_CN1586349582146834000_TCN-13536795.png,17,135,0
0408_13_56_04___i21619185_INB_CLR_TP1_ID13539495_CAM0_TP1_THR955_CN1586354200488634000_TCN-13539495.png,31,157,6
0408_14_33_28___i21643845_INB_CLR_TP1_ID13564671_CAM0_TP1_THR667_CN1586356443738551000_TCN-13564671.png,219,161,6
0408_15_00_20___i21647886_LOOK_CLR_TP1_ID13569192_CAM0_TP1_THR839_CN1586358031705305000_TCN-13569192.png,36,127,3
0408_17_04_07___i1206_IN_______SM_______CR_TP1_ID29_CAM0_TP1_THR750_CN1586365449615953000_TCN-29_MN.png,239,4,6
0408_17_04_08___i1216_SB________________CR_TP1_ID39_CAM0_TP1_THR904_CN1586365450611309000_TCN-39___.png,187,56,6
0408_17_04_21___i1339__________SM_______CR_TP1_ID183_CAM0_TP1_THR997_CN1586365462110657000_TCN-183___.png,254,65,6
0408_17_06_18___i2508__________SM_______CR_TP1_ID210_CAM0_TP1_THR989_CN1586365579421539000_TCN-210___.png,210,205,3
0408_17_06_18___i2516_SB_______SM_______CR_TP1_ID218_CAM0_TP1_THR986_CN1586365580584985000_TCN-218___.png,180,129,3
0408_17_06_23___i2560_SB________________CR_TP1_ID235_CAM0_TP1_THR731_CN1586365584997016000_TCN-235___.png,252,180,6
0408_17_06_24___i2575_SG________________CR_TP1_ID247_CAM0_TP1_THR742_CN1586365586495939000_TCN-247___.png,34,212,6
0408_17_06_25___i2582_SG________________CR_TP1_ID252_CAM0_TP1_THR726_CN1586365587327569000_TCN-252___.png,153,223,6
0408_17_06_27___i2597_SB________________CR_TP1_ID274_CAM0_TP1_THR754_CN1586365588705265000_TCN-274___.png,24,159,6
0408_17_06_27___i2606_______PC_SM_______CR_TP1_ID291_CAM0_TP1_THR770_CN1586365589258376000_TCN-291___.png,104,236,7
0408_17_06_29___i2619__________SM_______CR_TP1_ID315_CAM0_TP1_THR986_CN1586365590836467000_TCN-315___.png,5,237,6
0408_17_06_31___i2645_IN________________CR_TP1_ID341_CAM0_TP1_THR778_CN1586365593501797000_TCN-341___.png,190,251,5
0408_17_07_06___i2993__________SM_______CR_TP1_ID602_CAM0_TP1_THR997_CN1586365625187775000_TCN-602___.png,73,245,5
0408_17_08_38___i3916_SG________________CR_TP1_ID739_CAM0_TP1_THR750_CN1586365720578122000_TCN-739___.png,82,161,3
0408_17_08_41___i3943_SG________________CR_TP1_ID751_CAM0_TP1_THR769_CN1586365723392921000_TCN-751___.png,122,140,3
0408_17_08_45___i3982_SG________________CR_TP1_ID767_CAM0_TP1_THR809_CN1586365727242826000_TCN-767___.png,129,243,3
0408_17_08_54___i4070__________SM_______CR_TP1_ID872_CAM0_TP1_THR750_CN1586365729552796000_TCN-872_MN.png,29,167,6
0408_17_10_19___i4926__________SM_______CR_TP1_ID887_CAM0_TP1_THR998_CN1586365821378696000_TCN-887___.png,128,57,6
0408_17_10_20___i4933_IN________________CR_TP1_ID894_CAM0_TP1_THR820_CN1586365822339815000_TCN-894___.png,202,63,6
0408_17_10_22___i4948__________SM_______CR_TP1_ID908_CAM0_TP1_THR978_CN1586365822339815000_TCN-908___.png,5,5,5
0408_17_12_55___i6478_SB_______SM__________TP1_ID1518_CAM0_TP1_THR802_CN1586365976764774000_TCN-1518___.png,231,111,3
0408_17_14_39___i7520_IN_______SM__________TP1_ID1858_CAM0_TP1_THR877_CN1586366081007214000_TCN-1858___.png,206,214,6
0408_17_16_45___i8783_SB________________CR_TP1_ID1993_CAM0_TP1_THR789_CN1586366207321678000_TCN-1993___.png,122,208,6
0408_17_18_11___i9639__________SM_______CR_TP1_ID2238_CAM0_TP1_THR998_CN1586366287230010000_TCN-2238___.png,120,204,6
0408_17_20_12___i10849___________________CR_TP1_ID2387_CAM0_TP1_THR694_CN-2387_TCN-2387___.png,197,193,5
0408_17_20_29___i11019__________SM_______CR_TP1_ID2598_CAM0_TP1_THR981_CN1586366427642264000_TCN-2598___.png,2,51,3
0408_17_21_07___i11402_SB________________CR_TP1_ID2897_CAM0_TP1_THR772_CN1586366469148947000_TCN-2897___.png,61,3,6
0408_17_21_13___i11460___________________CR_TP1_ID2995_CAM0_TP1_THR699_CN-2995_TCN-2995___.png,22,166,3
0408_17_21_33___i11661__________SM_______CR_TP1_ID3120_CAM0_TP1_THR998_CN1586366494696528000_TCN-3120___.png,89,80,6
0408_17_22_43___i12364_OT_______SM_______CR_TP1_ID3381_CAM0_TP1_THR838_CN1586366565117529000_TCN-3381___.png,159,170,3
0408_17_23_52___i13048__________SM_______CR_TP1_ID3561_CAM0_TP1_THR994_CN1586366632515334000_TCN-3561___.png,165,34,4
0408_17_24_16___i13290___________________CR_TP1_ID3675_CAM0_TP1_THR691_CN-3675_TCN-3675___.png,252,184,6
0408_17_24_23___i13361__________SM_______CR_TP1_ID3733_CAM0_TP1_THR971_CN1586366659756127000_TCN-3733___.png,30,139,6
0408_17_24_24___i13374___________________CR_TP1_ID3745_CAM0_TP1_THR691_CN-3745_TCN-3745___.png,215,205,6
0408_17_25_37___i14104__________SM__________TP1_ID3776_CAM0_TP1_THR839_CN1586366738838158000_TCN-3776___.png,189,218,3
0408_17_25_47___i14200__________SM_______CR_TP1_ID3868_CAM0_TP1_THR750_CN1586366747364279000_TCN-3868_MN.png,121,210,3
0408_17_37_08___i21009__________SM__________TP1_ID4198_CAM0_TP1_THR883_CN1586367429262246000_TCN-4198___.png,249,220,6
0408_18_05_13___i37863_OT_______SM_______CR_TP1_ID4523_CAM0_TP1_THR833_CN1586369115074588000_TCN-4523___.png,32,171,6
0408_18_05_15___i37879__________SM_______CR_TP1_ID4539_CAM0_TP1_THR910_CN1586369115305112000_TCN-4539___.png,21,203,6
0408_18_05_20___i37930__________SM_______CR_TP1_ID4591_CAM0_TP1_THR750_CN1586369115305112000_TCN-4591_MN.png,158,238,6
0408_18_09_32___i40458__________SM_______CR_TP1_ID4872_CAM0_TP1_THR982_CN1586369373696980000_TCN-4872___.png,242,229,6
0408_18_14_01___i43148__________SM_______CR_TP1_ID5157_CAM0_TP1_THR750_CN1586369640699817000_TCN-5157_MN.png,117,183,4
0408_18_14_02___i43158_SG_______SM_______CR_TP1_ID5167_CAM0_TP1_THR926_CN1586369644546541000_TCN-5167___.png,170,175,2
0408_18_16_39___i44729__________SM_______CR_TP1_ID5282_CAM0_TP1_THR950_CN1586369797238485000_TCN-5282___.png,212,244,3
0408_18_16_42___i44752__________SM_______CR_TP1_ID5305_CAM0_TP1_THR998_CN1586369797238485000_TCN-5305___.png,254,84,3
0408_18_16_42___i44759__________SM_______CR_TP1_ID5312_CAM0_TP1_THR750_CN1586369797238485000_TCN-5312_MN.png,241,9,3
0408_18_31_52___i53860__________SM_______CR_TP1_ID5337_CAM0_TP1_THR966_CN1586370713065926000_TCN-5337___.png,225,181,6
0408_18_31_53___i53869__________SM_______CR_TP1_ID5346_CAM0_TP1_THR810_CN1586370713065926000_TCN-5346___.png,160,177,6
0408_18_33_01___i54549__________SM_______CR_TP1_ID5552_CAM0_TP1_THR750_CN1586370779363395000_TCN-5552_MN.png,58,19,7
0408_18_33_02___i54557__________SM_______CR_TP1_ID5567_CAM0_TP1_THR884_CN1586370782200719000_TCN-5567___.png,226,244,6
0408_18_38_56___i58098__________SM_______CR_TP1_ID5802_CAM0_TP1_THR996_CN1586371135872178000_TCN-5802___.png,133,64,0
0408_18_39_01___i58145______________________TP1_ID5910_CAM0_TP1_THR687_CN-5910_TCN-5910___.png,135,145,3
0408_18_39_03___i58162_SB________________CR_TP1_ID5931_CAM0_TP1_THR720_CN1586371144749483000_TCN-5931___.png,238,154,0
0408_18_39_36___i58499_SB________________CR_TP1_ID5938_CAM0_TP1_THR842_CN1586371178454207000_TCN-5938___.png,248,43,6
0408_18_39_38___i58513__________SM_______CR_TP1_ID5952_CAM0_TP1_THR990_CN1586371178629677000_TCN-5952___.png,175,226,6
0408_18_39_41___i58544_______PC__________CR_TP1_ID5983_CAM0_TP1_THR998_CN1586371178629677000_TCN-5983___.png,110,40,6
0408_18_40_25___i58981__________SM_______CR_TP1_ID6012_CAM0_TP1_THR999_CN1586371225144970000_TCN-6012___.png,65,15,6
0408_18_42_20___i60135__________SM_______CR_TP1_ID6055_CAM0_TP1_THR999_CN1586371341052578000_TCN-6055___.png,228,141,6
0408_18_42_21___i60147_SB_______SM_______CR_TP1_ID6067_CAM0_TP1_THR710_CN1586371343333595000_TCN-6067___.png,167,209,6
0408_18_50_58___i65317__________SM_______CR_TP1_ID6071_CAM0_TP1_THR989_CN1586371860183008000_TCN-6071___.png,211,182,0
0408_18_51_03___i65365___________________CR_TP1_ID6119_CAM0_TP1_THR664_CN-6119_TCN-6119___.png,233,167,0
0408_18_52_31___i66248___________________CR_TP1_ID6157_CAM0_TP1_THR695_CN-6157_TCN-6157___.png,65,111,6
0408_18_52_46___i66392_SB________________CR_TP1_ID6163_CAM0_TP1_THR891_CN1586371967693233000_TCN-6163___.png,132,150,6
0408_18_56_35___i68683__________SM_______CR_TP1_ID6237_CAM0_TP1_THR986_CN1586372194964645000_TCN-6237___.png,187,90,6
0408_18_58_11___i69644__________SM_______CR_TP1_ID6403_CAM0_TP1_THR991_CN1586372289274768000_TCN-6403___.png,222,214,6
0408_18_58_15___i69688__________SM_______CR_TP1_ID6491_CAM0_TP1_THR750_CN1586372290385363000_TCN-6491_MN.png,198,245,7
0408_18_58_15___i69690_SB___________________TP1_ID6495_CAM0_TP1_THR742_CN1586372297547676000_TCN-6495___.png,219,163,6
0408_19_00_30___i71037_______PC_____________TP1_ID6717_CAM0_TP1_THR991_CN1586372431852563000_TCN-6717___.png,252,204,6
0408_19_00_34___i71079_______PC_SM_______CR_TP1_ID6851_CAM0_TP1_THR932_CN1586372435915138000_TCN-6851___.png,219,19,6
0408_19_00_34___i71080__________SM_______CR_TP1_ID6855_CAM0_TP1_THR939_CN1586372436306778000_TCN-6855___.png,126,23,6
0408_19_01_57___i71902_SG________________CR_TP1_ID6941_CAM0_TP1_THR812_CN1586372518694455000_TCN-6941___.png,136,231,6
0408_19_03_24___i72778__________SM_______CR_TP1_ID6980_CAM0_TP1_THR988_CN1586372603379120000_TCN-6980___.png,219,240,6
0408_19_03_28___i72821__________SM_______CR_TP1_ID7068_CAM0_TP1_THR750_CN1586372603379120000_TCN-7068_MN.png,110,18,6
0408_19_03_30___i72832__________SM_______CR_TP1_ID7089_CAM0_TP1_THR994_CN1586372605956608000_TCN-7089___.png,193,29,6
0408_19_09_57___i76712__________SM_______CR_TP1_ID7138_CAM0_TP1_THR939_CN1586372998411323000_TCN-7138___.png,55,33,6
0408_19_14_24___i79375___________________CR_TP2_ID7328_CAM0_TP2_THR677_CN-7328_TCN-7328___.png,65,243,6
0408_19_16_20___i80538_SB________________CR_TP1_ID7349_CAM0_TP1_THR844_CN1586373382399334000_TCN-7349___.png,229,116,6
0408_19_16_28___i80614__________SM_______CR_TP1_ID7532_CAM0_TP1_THR991_CN1586373388630101000_TCN-7532___.png,236,246,6
0408_19_16_28___i80620_______PC_SM__________TP1_ID7548_CAM0_TP1_THR986_CN1586373386388460000_TCN-7548___.png,255,15,6
0408_19_16_28___i80621_______PC_SM__________TP1_ID7550_CAM0_TP1_THR997_CN1586373386388460000_TCN-7550___.png,127,50,0
0408_19_22_10___i84042__________SM_______CR_TP1_ID7615_CAM0_TP1_THR993_CN1586373730920777000_TCN-7615___.png,139,221,6
0408_19_22_12___i84058_OT_______SM_______CR_TP1_ID7644_CAM0_TP1_THR770_CN1586373730920777000_TCN-7644___.png,218,115,6
0408_19_22_12___i84062__________SM_______CR_TP1_ID7649_CAM0_TP1_THR999_CN1586373733283387000_TCN-7649___.png,238,142,6
0408_19_25_52___i86258___________________CR_TP1_ID7767_CAM0_TP1_THR687_CN-7767_TCN-7767___.png,196,39,6
0408_19_41_58___i95920___________________CR_TP1_ID8159_CAM0_TP1_THR672_CN-8159_TCN-8159___.png,140,198,6
0408_19_44_56___i97696_IB________________CR_TP1_ID8198_CAM0_TP1_THR728_CN1586375097853585000_TCN-8198___.png,103,2,6
0408_19_44_58___i97721__________SM__________TP1_ID8227_CAM0_TP1_THR984_CN1586375100043346000_TCN-8227___.png,229,173,0
0408_19_52_19___i102131__________SM_______CR_TP1_ID8262_CAM0_TP1_THR998_CN1586375540944759000_TCN-8262___.png,107,136,6
0408_20_01_16___i107502__________SM_______CR_TP1_ID8337_CAM0_TP1_THR994_CN1586376077586683000_TCN-8337___.png,97,95,6
0408_20_01_30___i107638_SG_______SM__________TP1_ID8427_CAM0_TP1_THR875_CN1586376092003784000_TCN-8427___.png,35,239,3
0408_20_08_40___i111937_IB________________CR_TP1_ID8499_CAM0_TP1_THR862_CN1586376521845222000_TCN-8499___.png,134,211,6
0408_20_17_15___i117094_SB________________CR_TP1_ID8587_CAM0_TP1_THR796_CN1586377037513221000_TCN-8587___.png,13,128,3
0408_20_17_15___i117095_SB________________CR_TP1_ID8588_CAM0_TP1_THR940_CN1586377037607193000_TCN-8588___.png,28,127,3
0408_20_17_16___i117103__________SM__________TP1_ID8596_CAM0_TP1_THR946_CN1586377038101212000_TCN-8596___.png,219,183,6
0408_20_17_21___i117146__________SM__________TP1_ID8658_CAM0_TP1_THR692_CN1586377041983761000_TCN-8658___.png,227,213,6
0408_20_17_21___i117155_SB________________CR_TP1_ID8669_CAM0_TP1_THR701_CN1586377043584556000_TCN-8669___.png,42,169,3
0408_20_20_33___i119070___________________CR_TP2_ID8725_CAM0_TP2_THR673_CN-8725_TCN-8725___.png,40,16,6
0408_20_23_47___i121014__________SM_______CR_TP1_ID8821_CAM0_TP1_THR995_CN1586377424922382000_TCN-8821___.png,95,56,3
0408_20_23_48___i121023_IB________________CR_TP1_ID8834_CAM0_TP1_THR906_CN1586377430456577000_TCN-8834___.png,181,81,3
0408_20_25_06___i121805_SG________________CR_TP1_ID8918_CAM0_TP1_THR819_CN1586377508546033000_TCN-8918___.png,51,231,6
0408_20_25_14___i121885___________________CR_TP1_ID8929_CAM0_TP1_THR687_CN-8929_TCN-8929___.png,72,181,6
0408_20_25_16___i121898_SB___________________TP1_ID8943_CAM0_TP1_THR724_CN1586377517856142000_TCN-8943___.png,48,168,6
0408_20_27_38___i123319_SB___________________TP1_ID9025_CAM0_TP1_THR820_CN1586377659950877000_TCN-9025___.png,122,124,6
0408_20_27_56___i123505_SB________________CR_TP1_ID9032_CAM0_TP1_THR732_CN1586377678603377000_TCN-9032___.png,24,151,6
0408_20_27_57___i123508_SB________________CR_TP1_ID9034_CAM0_TP1_THR893_CN1586377678885733000_TCN-9034___.png,172,212,6
0408_20_27_59___i123530__________SM__________TP1_ID9073_CAM0_TP1_THR967_CN1586377678953936000_TCN-9073___.png,20,5,6
0408_20_28_00___i123542__________SM__________TP1_ID9104_CAM0_TP1_THR887_CN1586377681055680000_TCN-9104___.png,51,237,6
0408_20_28_30___i123839_SG_______SM__________TP1_ID9164_CAM0_TP1_THR884_CN1586377711940568000_TCN-9164___.png,5,8,6
0408_20_38_31___i129851__________SM_______CR_TP1_ID9496_CAM0_TP1_THR936_CN1586378313020251000_TCN-9496___.png,114,66,3
0408_20_40_15___i130894_SB________________CR_TP1_ID9741_CAM0_TP1_THR843_CN1586378417422211000_TCN-9741___.png,79,181,6
0408_21_14_36___i151498__________SM_______CR_TP1_ID10301_CAM0_TP1_THR750_CN1586380475626678000_TCN-10301_MN.png,67,69,3
0408_22_04_49___i181635___________________CR_TP1_ID10543_CAM0_TP1_THR685_CN-10542_TCN-10543___.png,37,25,6
0408_22_16_47___i188811___________________CR_TP1_ID13436_CAM0_TP1_THR676_CN-13436_TCN-13436___.png,87,118,6
0408_22_19_27___i190414__________SM_______CR_TP1_ID16086_CAM0_TP1_THR769_CN1586384362911827000_TCN-16086___.png,78,125,6
0409_06_53_40___i498970_______PC_SM_______CR_TP1_ID17104_CAM0_TP1_THR996_CN1586415221101326000_TCN-17104___.png,232,4,6
0409_06_53_53___i499100_IN_______SM_______CR_TP1_ID17166_CAM0_TP1_THR997_CN1586415235168314000_TCN-17166___.png,112,78,6
0409_06_54_26___i499432__________SM_______CR_TP1_ID17253_CAM0_TP1_THR993_CN1586415268477737000_TCN-17253___.png,12,128,6
0409_06_54_27___i499437__________SM__________TP1_ID17263_CAM0_TP1_THR963_CN1586415267447418000_TCN-17263___.png,73,142,6
0409_06_57_34___i501314_SB________________CR_TP1_ID17362_CAM0_TP1_THR870_CN1586415456542811000_TCN-17362___.png,84,136,6
0409_07_22_30___i516268_______PC__________CR_TP1_ID17520_CAM0_TP1_THR936_CN1586416949225079000_TCN-17520___.png,119,27,6
0409_07_24_09___i517265_SB________________CR_TP1_ID17545_CAM0_TP1_THR746_CN1586417051574311000_TCN-17545___.png,65,179,6
0409_07_24_16___i517330___________________CR_TP1_ID17614_CAM0_TP1_THR677_CN-17614_TCN-17614___.png,20,167,6
0409_07_24_16___i517331_______PC__________CR_TP1_ID17615_CAM0_TP1_THR978_CN1586417051765736000_TCN-17615___.png,15,226,6
0409_07_27_37___i519346__________SM_______CR_TP1_ID17849_CAM0_TP1_THR992_CN1586417259047879000_TCN-17849___.png,32,156,0
0409_07_38_38___i525952__________SM_______CR_TP1_ID17932_CAM0_TP1_THR981_CN1586417919045606000_TCN-17932___.png,124,24,0
0409_07_39_46___i526630__________SM_______CR_TP1_ID18030_CAM0_TP1_THR999_CN1586417987088156000_TCN-18030___.png,199,71,4
0409_07_40_42___i527195_IB_______SM_______CR_TP1_ID18066_CAM0_TP1_THR972_CN1586418044451491000_TCN-18066___.png,174,232,0
0409_07_40_49___i527261_SG___________________TP1_ID18203_CAM0_TP1_THR814_CN1586418051838830000_TCN-18203___.png,225,224,6
0409_07_40_50___i527271__________SM__________TP1_ID18224_CAM0_TP1_THR988_CN1586418044451491000_TCN-18224___.png,123,29,0
0409_07_42_10___i528077_SG___________________TP1_ID18311_CAM0_TP1_THR841_CN1586418132693745000_TCN-18311___.png,0,123,3
0409_07_42_12___i528096__________SM_______CR_TP1_ID18333_CAM0_TP1_THR995_CN1586418132148012000_TCN-18333___.png,22,65,0
0409_07_42_25___i528226_SB_______SM_______CR_TP1_ID18412_CAM0_TP1_THR908_CN1586418147660111000_TCN-18412___.png,247,184,6
0409_07_43_44___i529010_IB________________CR_TP1_ID18420_CAM0_TP1_THR750_CN1586418225935025000_TCN-18420_MN.png,137,215,6
0409_07_46_25___i530619_SB________________CR_TP1_ID18527_CAM0_TP1_THR988_CN1586418386922313000_TCN-18527___.png,21,106,6
0409_07_47_37___i531347_IB________________CR_TP1_ID18555_CAM0_TP1_THR982_CN1586418459713669000_TCN-18555___.png,37,182,6
0409_07_51_29___i533667_SB________________CR_TP1_ID18683_CAM0_TP1_THR903_CN1586418691800885000_TCN-18683___.png,64,160,6
0409_08_00_48___i539258__________SM_______CR_TP1_ID18989_CAM0_TP1_THR902_CN1586419245873995000_TCN-18989___.png,202,210,6
0409_08_09_03___i544199_IB________________CR_TP1_ID19386_CAM0_TP1_THR996_CN1586419744874851000_TCN-19386___.png,88,110,4
0409_08_09_39___i544566___________________CR_TP1_ID19478_CAM0_TP1_THR662_CN-19478_TCN-19478___.png,215,6,4
0409_08_09_43___i544600__________SM_______CR_TP1_ID19514_CAM0_TP1_THR875_CN1586419784358824000_TCN-19514___.png,212,216,2
0409_08_09_58___i544755_SB________________CR_TP1_ID19678_CAM0_TP1_THR816_CN1586419801168720000_TCN-19678___.png,101,60,6
0409_08_12_26___i546231__________SM_______CR_TP1_ID20144_CAM0_TP1_THR978_CN1586419929586179000_TCN-20143___.png,108,174,6
0409_08_16_37___i548634_OT_______SM_______CR_TP1_ID23160_CAM0_TP1_THR877_CN1586420200094440000_TCN-23160___.png,239,190,4
0409_08_16_42___i548669_OT___________________TP1_ID23243_CAM0_TP1_THR750_CN1586420203012376000_TCN-23243_MN.png,153,67,6
0409_08_22_22___i552094__________SM_______CR_TP1_ID23605_CAM0_TP1_THR957_CN1586420544472792000_TCN-23605___.png,241,57,6
0409_08_25_44___i554115__________SM_______CR_TP1_ID23642_CAM0_TP1_THR993_CN1586420746495243000_TCN-23642___.png,154,227,6
0409_08_27_08___i554955__________SM_______CR_TP1_ID23755_CAM0_TP1_THR960_CN1586420830674479000_TCN-23755___.png,194,215,7
0409_08_27_08___i554957___________________CR_TP1_ID23757_CAM0_TP1_THR682_CN-23757_TCN-23757___.png,119,214,2
0409_08_27_45___i555328__________SM_______CR_TP1_ID23821_CAM0_TP1_THR973_CN1586420866101532000_TCN-23821___.png,98,215,7
0409_08_31_25___i557526_IB________________CR_TP1_ID24009_CAM0_TP1_THR750_CN1586421087792547000_TCN-24009_MN.png,137,29,4
0409_08_37_47___i561348_IB________________CR_TP1_ID24662_CAM0_TP1_THR937_CN1586421469939325000_TCN-24662___.png,45,201,3
0409_08_37_49___i561367__________SM_______CR_TP1_ID24681_CAM0_TP1_THR750_CN1586421469939325000_TCN-24681_MN.png,113,118,3
0409_08_37_51___i561387_SB_______SM_______CR_TP1_ID24701_CAM0_TP1_THR981_CN1586421474361399000_TCN-24701___.png,3,183,3
0409_08_38_14___i561619_SB________________CR_TP1_ID24709_CAM0_TP1_THR718_CN1586421497011892000_TCN-24709___.png,136,147,6
0409_08_47_01___i566886__________SM_______CR_TP1_ID24804_CAM0_TP1_THR998_CN1586422021621772000_TCN-24804___.png,65,222,0
0409_08_52_28___i570158__________SM_______CR_TP1_ID24831_CAM0_TP1_THR992_CN1586422350112603000_TCN-24831___.png,79,241,6
0409_09_06_11___i578390_SB________________CR_TP1_ID25386_CAM0_TP1_THR910_CN1586423174336641000_TCN-25386___.png,42,18,6
0409_09_07_56___i579387__________SM_______CR_TP1_ID26009_CAM0_TP1_THR976_CN1586423275794733000_TCN-26009___.png,30,247,6
0409_09_08_34___i579686__________SM_______CR_TP1_ID26738_CAM0_TP1_THR750_CN1586423315269268000_TCN-26738_MN.png,250,132,6
0409_09_09_03___i579915______________________TP1_ID27109_CAM0_TP1_THR664_CN-27109_TCN-27109___.png,68,132,6
0409_09_09_03___i579916_OT_______SM__________TP1_ID27110_CAM0_TP1_THR740_CN1586423346336730000_TCN-27110___.png,220,237,3
0409_09_09_26___i580161_______PC__________CR_TP1_ID27238_CAM0_TP1_THR711_CN1586423360734315000_TCN-27238___.png,133,247,6
0409_09_09_37___i580250_SB________________CR_TP1_ID27330_CAM0_TP1_THR814_CN1586423380960872000_TCN-27330___.png,194,95,6
0409_09_12_17___i581835_SB________________CR_TP1_ID28090_CAM0_TP1_THR726_CN1586423540761867000_TCN-28090___.png,254,200,6
0409_09_12_31___i581947___________________CR_TP1_ID28268_CAM0_TP1_THR673_CN-28268_TCN-28268___.png,226,178,6
0409_09_13_11___i582378_IB________________CR_TP1_ID28290_CAM0_TP1_THR750_CN1586423594186782000_TCN-28290_MN.png,35,111,4
0409_09_13_12___i582388__________SM_______CR_TP1_ID28300_CAM0_TP1_THR750_CN1586423594186782000_TCN-28300_MN.png,25,183,4
0409_09_13_35___i582612_IB________________CR_TP1_ID28337_CAM0_TP1_THR933_CN1586423618233799000_TCN-28337___.png,29,178,4
0409_09_13_53___i582754___________________CR_TP1_ID28556_CAM0_TP1_THR674_CN-28556_TCN-28556___.png,75,194,4
0409_09_14_31___i583049_SB_______SM_______CR_TP1_ID28945_CAM0_TP1_THR751_CN1586423674300642000_TCN-28945___.png,3,178,6
0409_09_16_48___i584358_OT_______SM_______CR_TP1_ID29484_CAM0_TP1_THR792_CN1586423810436194000_TCN-29484___.png,6,188,3
0409_09_16_54___i584403______________________TP1_ID29528_CAM0_TP1_THR661_CN-29528_TCN-29528___.png,138,170,7
0409_09_17_01___i584459_SB_______SM_______CR_TP1_ID29615_CAM0_TP1_THR714_CN1586423824926127000_TCN-29615___.png,93,196,3
0409_09_20_04___i1480_SG________________CR_TP1_ID1645_CAM0_TP1_THR909_CN1586424006276792000_TCN-1645___.png,6,144,4
0409_09_21_06___i2100_SG___________________TP1_ID3036_CAM0_TP1_THR933_CN1586424068179056000_TCN-3036___.png,244,190,4
0409_09_21_08___i2123__________SM_______CR_TP1_ID3097_CAM0_TP1_THR989_CN1586424068834537000_TCN-3097___.png,1,242,4
0409_09_21_09___i2129__________SM_______CR_TP1_ID3115_CAM0_TP1_THR967_CN1586424069108552000_TCN-3115___.png,210,68,4
0409_09_21_54___i2578__________SM__________TP1_ID3639_CAM0_TP1_THR983_CN1586424115729526000_TCN-3639___.png,209,55,6
0409_09_21_55___i2589__________SM_______CR_TP1_ID3672_CAM0_TP1_THR988_CN1586424114157215000_TCN-3672___.png,182,143,6
0409_09_21_57___i2606__________SM__________TP1_ID3718_CAM0_TP1_THR768_CN1586424118576743000_TCN-3718___.png,157,222,6
0409_09_21_59___i2632__________SM_______CR_TP1_ID3784_CAM0_TP1_THR996_CN1586424118576743000_TCN-3784___.png,116,83,6
0409_09_22_01___i2649__________SM__________TP1_ID3857_CAM0_TP1_THR993_CN1586424122685049000_TCN-3857___.png,55,136,6
0409_09_22_03___i2667__________SM__________TP1_ID3944_CAM0_TP1_THR949_CN1586424124788445000_TCN-3944___.png,78,212,6
0409_09_22_03___i2672__________SM__________TP1_ID3965_CAM0_TP1_THR998_CN1586424124448088000_TCN-3965___.png,46,254,0
0409_09_23_26___i3500__________SM_______CR_TP1_ID4968_CAM0_TP1_THR750_CN1586424195667497000_TCN-4968_MN.png,173,115,6
0409_09_31_50___i8545__________SM_______CR_TP1_ID6290_CAM0_TP1_THR912_CN1586424711937471000_TCN-6290___.png,192,253,6
0409_09_48_00___i18239_OT________________CR_TP2_ID7128_CAM0_TP2_THR900_CN1586425680223913000_TCN-7128___.png,60,226,6
0409_09_52_35___i20993_IB_______SM__________TP1_ID8854_CAM0_TP1_THR897_CN1586425957287642000_TCN-8854___.png,202,68,6
0409_10_13_16___i33401_SB___________________TP1_ID12608_CAM0_TP1_THR840_CN1586427198282805000_TCN-12608___.png,18,120,3
0409_10_13_17___i33416__________SM_______CR_TP1_ID12636_CAM0_TP1_THR960_CN1586427197595003000_TCN-12636___.png,83,21,0
0409_10_17_39___i36029_SB________________CR_TP1_ID13339_CAM0_TP1_THR727_CN1586427460794911000_TCN-13339___.png,168,63,6
0409_10_18_34___i36579___________________CR_TP1_ID14131_CAM0_TP1_THR673_CN-14131_TCN-14131___.png,4,225,6
0409_10_21_13___i38177_IB________________CR_TP1_ID14536_CAM0_TP1_THR876_CN1586427675573056000_TCN-14536___.png,221,25,6
0409_10_21_37___i38415__________SM_______CR_TP1_ID14717_CAM0_TP1_THR750_CN1586427699575701000_TCN-14717_MN.png,15,16,4
0409_10_21_41___i38455__________SM_______CR_TP1_ID14757_CAM0_TP1_THR813_CN1586427699575701000_TCN-14757___.png,82,236,3
0409_10_22_55___i39197__________SM_______CR_TP1_ID14999_CAM0_TP1_THR750_CN1586427771185685000_TCN-14999_MN.png,183,237,5
0409_10_24_40___i40242__________SM_______CR_TP1_ID15088_CAM0_TP1_THR869_CN1586427881974536000_TCN-15088___.png,36,134,5
0409_10_27_56___i42201_SG________________CR_TP1_ID15493_CAM0_TP1_THR816_CN1586428078032720000_TCN-15493___.png,146,251,5
0409_10_35_54___i46981__________SM_______CR_TP1_ID16397_CAM0_TP1_THR992_CN1586428555024223000_TCN-16397___.png,142,115,4
0409_10_39_26___i49107_SB________________CR_TP1_ID17209_CAM0_TP1_THR838_CN1586428768771330000_TCN-17209___.png,159,201,5
0409_10_50_57___i56019__________SM_______CR_TP1_ID17702_CAM0_TP1_THR750_CN1586429458085566000_TCN-17702_MN.png,234,242,6
0409_11_09_32___i67161__________SM_______CR_TP1_ID18865_CAM0_TP1_THR971_CN1586430573646114000_TCN-18865___.png,69,25,3
0409_11_09_33___i67177__________SM_______CR_TP1_ID18881_CAM0_TP1_THR986_CN1586430573646114000_TCN-18881___.png,125,40,3
0409_11_14_15___i69999__________SM_______CR_TP1_ID19546_CAM0_TP1_THR969_CN1586430855417044000_TCN-19546___.png,120,213,3
0409_11_32_54___i81183_IB________________CR_TP1_ID20696_CAM0_TP1_THR985_CN1586431976183509000_TCN-20696___.png,88,104,6
0409_11_32_57___i81212_______PC__________CR_TP1_ID20725_CAM0_TP1_THR990_CN1586431976183509000_TCN-20725___.png,82,75,3
0409_11_43_24___i87347_______PC__________CR_TP1_ID24402_CAM0_TP1_THR962_CN1586432603990607000_TCN-24402___.png,52,8,6
0409_11_45_57___i88876__________SM_______CR_TP1_ID24663_CAM0_TP1_THR984_CN1586432759264090000_TCN-24663___.png,34,111,7
0409_11_46_00___i88901_SB________________CR_TP1_ID24683_CAM0_TP1_THR751_CN1586432762227799000_TCN-24683___.png,15,109,6
0409_12_03_11___i99218_SB________________CR_TP1_ID25499_CAM0_TP1_THR786_CN1586433793782833000_TCN-25499___.png,13,214,6
0409_12_03_33___i99416__________SM_______CR_TP1_ID25706_CAM0_TP1_THR993_CN1586433811843958000_TCN-25706___.png,12,112,6
0409_12_16_03___i106917_SG________________CR_TP1_ID26771_CAM0_TP1_THR758_CN1586434566117855000_TCN-26771___.png,103,135,4
0409_12_16_12___i106991__________SM_______CR_TP1_ID26845_CAM0_TP1_THR986_CN1586434571538478000_TCN-26845___.png,74,207,7
0409_12_17_22___i107715___________________CR_TP1_ID27105_CAM0_TP1_THR697_CN-27105_TCN-27105___.png,218,240,6
0409_12_18_56___i108583_SB________________CR_TP1_ID27565_CAM0_TP1_THR933_CN1586434738991911000_TCN-27565___.png,44,194,6
0409_12_22_46___i110808__________SM_______CR_TP1_ID28306_CAM0_TP1_THR995_CN1586434967109170000_TCN-28306___.png,30,180,6
0409_12_25_04___i112190__________SM_______CR_TP1_ID28425_CAM0_TP1_THR836_CN1586435106165386000_TCN-28425___.png,30,252,4
0409_12_29_15___i114664_IB________________CR_TP1_ID29125_CAM0_TP1_THR750_CN1586435358293303000_TCN-29125_MN.png,112,220,7
0409_12_31_52___i116162_______PC__________CR_TP1_ID29841_CAM0_TP1_THR996_CN1586435513273383000_TCN-29841___.png,50,34,6
0409_12_37_03___i119281__________SM_______CR_TP1_ID30258_CAM0_TP1_THR954_CN1586435823490774000_TCN-30258___.png,95,217,3
0409_12_39_39___i120792_SB_______SM_______CR_TP1_ID30563_CAM0_TP1_THR747_CN1586435982791005000_TCN-30563___.png,4,180,6
0409_12_58_30___i131987__________SM_______CR_TP1_ID31799_CAM0_TP1_THR750_CN1586437113141195000_TCN-31799_MN.png,40,224,6
0409_13_00_39___i133276_SB________________CR_TP1_ID32097_CAM0_TP1_THR796_CN1586437242285466000_TCN-32097___.png,160,167,6
0409_13_15_12___i142003__________SM_______CR_TP1_ID32915_CAM0_TP1_THR750_CN1586438112907030000_TCN-32915_MN.png,233,238,6
0409_13_24_41___i147683_SG___________________TP1_ID33496_CAM0_TP1_THR708_CN1586438685340476000_TCN-33496___.png,244,38,2
0409_13_25_01___i147836__________SM__________TP1_ID33628_CAM0_TP1_THR901_CN1586438701332230000_TCN-33628___.png,164,103,2
0409_13_52_58___i164631_SB________________CR_TP1_ID34540_CAM0_TP1_THR918_CN1586440381603442000_TCN-34540___.png,94,190,7
0409_13_52_59___i164633__________SM_______CR_TP1_ID34542_CAM0_TP1_THR957_CN1586440381627706000_TCN-34542___.png,137,49,7
0409_14_06_13___i172521_IB_______SM_______CR_TP1_ID34887_CAM0_TP1_THR824_CN1586441177363048000_TCN-34887___.png,52,177,6
0409_14_12_10___i175968___________________CR_TP1_ID35699_CAM0_TP1_THR675_CN-35699_TCN-35699___.png,78,177,6
0409_14_14_47___i177492_OT_______SM__________TP1_ID35947_CAM0_TP1_THR980_CN1586441681859188000_TCN-35947___.png,106,170,6
0409_14_19_40___i180461_SB___________________TP1_ID36138_CAM0_TP1_THR815_CN1586441984042948000_TCN-36138___.png,225,50,2
0409_14_40_31___i192853__________SM_______CR_TP1_ID37254_CAM0_TP1_THR979_CN1586443233260329000_TCN-37254___.png,47,25,6
0409_14_46_39___i196509__________SM_______CR_TP1_ID37839_CAM0_TP1_THR868_CN1586443598893175000_TCN-37839___.png,167,240,6
0409_14_51_19___i199099__________SM_______CR_TP1_ID38538_CAM0_TP1_THR750_CN1586443880311825000_TCN-38538_MN.png,240,87,2
0409_14_52_56___i200107_IB_______SM_______CR_TP1_ID38552_CAM0_TP1_THR954_CN1586443980353545000_TCN-38552___.png,232,201,6
0409_15_18_35___i215273__________SM_______CR_TP1_ID39855_CAM0_TP1_THR968_CN1586445519208381000_TCN-39855___.png,223,216,7
0409_15_19_27___i215769__________SM_______CR_TP1_ID40017_CAM0_TP1_THR750_CN1586445570099280000_TCN-40017_MN.png,194,248,6
0409_15_41_00___i228403_SG________________CR_TP1_ID41316_CAM0_TP1_THR798_CN1586446863868266000_TCN-41316___.png,239,193,6
0409_15_43_50___i229642_OT________________CR_TP1_ID42185_CAM0_TP1_THR828_CN1586447030630010000_TCN-42185___.png,241,219,6
0409_15_47_35___i230991_SB________________CR_TP1_ID44441_CAM0_TP1_THR962_CN1586447259709544000_TCN-44441___.png,56,249,6
0409_15_49_19___i231600__________SM__________TP1_ID45656_CAM0_TP1_THR908_CN1586447363673177000_TCN-45656___.png,192,200,3
0409_15_50_55___i232156_OT_______SM_______CR_TP1_ID46637_CAM0_TP1_THR964_CN1586447457849126000_TCN-46637___.png,57,62,6
0409_15_52_44___i233200_SG________________CR_TP1_ID46743_CAM0_TP1_THR822_CN1586447568872315000_TCN-46743___.png,198,249,6
0409_15_53_05___i233350___________________CR_TP1_ID46823_CAM0_TP1_THR690_CN-46823_TCN-46823___.png,241,76,6
0409_15_53_30___i233576_OT_______SM_______CR_TP1_ID46875_CAM0_TP1_THR684_CN1586447611240502000_TCN-46875___.png,127,122,6
0409_15_55_06___i234475_SG________________CR_TP1_ID46987_CAM0_TP1_THR836_CN1586447710080585000_TCN-46987___.png,175,164,3
0409_15_55_40___i234734_IB________________CR_TP1_ID47106_CAM0_TP1_THR942_CN1586447744602617000_TCN-47106___.png,20,248,6
0409_16_03_31___i238495__________SM_______CR_TP1_ID48164_CAM0_TP1_THR942_CN1586448213235192000_TCN-48164___.png,160,200,3
0409_16_06_07___i239495___________________CR_TP1_ID48615_CAM0_TP1_THR675_CN-48615_TCN-48615___.png,69,109,6
0409_16_08_39___i240531___________________CR_TP1_ID49058_CAM0_TP1_THR687_CN-49058_TCN-49058___.png,98,246,6
0409_16_13_59___i242759_IB________________CR_TP1_ID49646_CAM0_TP1_THR980_CN1586448842981880000_TCN-49646___.png,37,108,7
0409_16_14_02___i242780__________SM_______CR_TP1_ID49667_CAM0_TP1_THR981_CN1586448843578727000_TCN-49667___.png,198,7,6
0409_16_14_25___i243024_IB________________CR_TP1_ID49678_CAM0_TP1_THR727_CN1586448869978725000_TCN-49678___.png,93,182,6
0409_16_16_31___i244195_IN_______SM_______CR_TP1_ID49826_CAM0_TP1_THR750_CN1586448995296474000_TCN-49826_MN.png,234,60,6
0409_16_38_11___i8814_SG___________________TP1_ID1071_CAM0_TP1_THR743_CN1586450292955894000_TCN-1071___.png,65,130,6
0409_16_38_12___i8824_SG________________CR_TP1_ID1079_CAM0_TP1_THR786_CN1586450293940084000_TCN-1079___.png,245,19,6
0409_16_38_12___i8827_SG_______SM_______CR_TP1_ID1082_CAM0_TP1_THR905_CN1586450294237627000_TCN-1082___.png,4,17,3
0409_16_38_15___i8859___________________CR_TP1_ID1104_CAM0_TP1_THR684_CN-1104_TCN-1104___.png,160,200,6
0409_16_40_16___i10068___________________CR_TP1_ID1357_CAM0_TP1_THR673_CN-1357_TCN-1357___.png,216,105,6
0409_16_47_02___i14123______________________TP1_ID1568_CAM0_TP1_THR665_CN-1568_TCN-1568___.png,80,244,6
0409_16_47_59___i14694__________SM_______CR_TP1_ID1627_CAM0_TP1_THR971_CN1586450880790553000_TCN-1627___.png,109,116,6
0409_16_48_01___i14721__________SM_______CR_TP1_ID1654_CAM0_TP1_THR996_CN1586450881812349000_TCN-1654___.png,192,21,6
0409_16_48_54___i15243__________SM_______CR_TP1_ID1679_CAM0_TP1_THR998_CN1586450935212895000_TCN-1679___.png,60,174,1
0409_16_49_46___i15770___________________CR_TP1_ID1792_CAM0_TP1_THR664_CN-1792_TCN-1792___.png,64,161,2
0409_16_49_50___i15811_SG________________CR_TP1_ID1838_CAM0_TP1_THR909_CN1586450992582933000_TCN-1838___.png,210,8,7
0409_16_49_51___i15812_SB_______SM_______CR_TP1_ID1840_CAM0_TP1_THR992_CN1586450992688016000_TCN-1840___.png,92,177,6
0409_16_50_08___i15988_OT_______SM_______CR_TP1_ID1905_CAM0_TP1_THR998_CN1586451010082741000_TCN-1905___.png,137,201,6
0409_16_50_35___i16260_IB_______SM_______CR_TP1_ID1952_CAM0_TP1_THR891_CN1586451037495566000_TCN-1952___.png,147,114,6
0409_16_51_13___i16633__________SM_______CR_TP1_ID2061_CAM0_TP1_THR706_CN1586451073813623000_TCN-2061___.png,23,131,2
0409_16_51_17___i16681_SG________________CR_TP1_ID2143_CAM0_TP1_THR825_CN1586451079583579000_TCN-2143___.png,235,247,2
0409_16_51_40___i16907___________________CR_TP1_ID2398_CAM0_TP1_THR667_CN-2398_TCN-2398___.png,101,99,6
0409_16_52_36___i17464__________SM__________TP1_ID2974_CAM0_TP1_THR995_CN1586451157715153000_TCN-2974___.png,25,196,7
0409_16_53_14___i17847__________SM_______CR_TP1_ID3353_CAM0_TP1_THR750_CN1586451195019206000_TCN-3353_MN.png,184,6,6
0409_16_53_16___i17867__________SM_______CR_TP1_ID3379_CAM0_TP1_THR697_CN1586451197724972000_TCN-3379___.png,64,252,6
0409_16_53_21___i17912__________SM_______CR_TP1_ID3424_CAM0_TP1_THR868_CN1586451200488107000_TCN-3424___.png,234,38,6
0409_16_58_08___i20784_IB_______SM_______CR_TP1_ID4436_CAM0_TP1_THR998_CN1586451489897447000_TCN-4436___.png,66,92,0
0409_16_58_14___i20848_SB_______SM_______CR_TP1_ID4515_CAM0_TP1_THR903_CN1586451496343587000_TCN-4515___.png,58,216,6
0409_16_58_27___i20973___________________CR_TP1_ID4538_CAM0_TP1_THR696_CN-4538_TCN-4538___.png,110,12,0
0409_16_58_28___i20987__________SM_______CR_TP1_ID4552_CAM0_TP1_THR977_CN1586451510032808000_TCN-4552___.png,180,121,0
0409_17_03_37___i24077_OT________________CR_TP2_ID5171_CAM0_TP2_THR670_CN1586451818742687000_TCN-5171___.png,91,218,6
0409_17_11_35___i28856__________SM_______CR_TP1_ID5680_CAM0_TP1_THR750_CN1586452293387036000_TCN-5680_MN.png,61,40,6
0409_17_14_35___i30657_IB________________CR_TP1_ID5890_CAM0_TP1_THR978_CN1586452477147012000_TCN-5890___.png,192,76,6
0409_17_14_38___i30690__________SM_______CR_TP1_ID5923_CAM0_TP1_THR932_CN1586452480169824000_TCN-5923___.png,56,181,0
0409_17_18_21___i32916__________SM_______CR_TP1_ID6029_CAM0_TP1_THR999_CN1586452702134024000_TCN-6029___.png,240,83,6
0409_17_19_46___i33770_SB________________CR_TP1_ID6316_CAM0_TP1_THR749_CN1586452788347531000_TCN-6316___.png,90,247,6
0409_17_19_49___i33794__________SM_______CR_TP1_ID6368_CAM0_TP1_THR999_CN1586452788533440000_TCN-6368___.png,230,60,6
0409_17_19_50___i33808__________SM_______CR_TP1_ID6389_CAM0_TP1_THR999_CN1586452788533440000_TCN-6389___.png,232,46,6
0409_17_34_54___i42850__________SM_______CR_TP1_ID7405_CAM0_TP1_THR750_CN1586453692472418000_TCN-7405_MN.png,207,225,6
0409_17_51_06___i52574_OT___________________TP1_ID7977_CAM0_TP1_THR753_CN1586454666717418000_TCN-7977___.png,48,22,6
0409_17_51_29___i52803__________SM_______CR_TP1_ID8277_CAM0_TP1_THR994_CN1586454674525246000_TCN-8277___.png,138,9,6
0409_17_52_07___i53183__________SM_______CR_TP1_ID8897_CAM0_TP1_THR999_CN1586454725505290000_TCN-8897___.png,36,108,6
0409_18_01_19___i58696_SB___________________TP1_ID9691_CAM0_TP1_THR863_CN1586455280798079000_TCN-9691___.png,26,209,3
0409_18_01_21___i58719_SB_______SM__________TP1_ID9750_CAM0_TP1_THR916_CN1586455283157751000_TCN-9750___.png,170,119,0
0409_18_01_21___i58721__________SM__________TP1_ID9754_CAM0_TP1_THR999_CN1586455281810375000_TCN-9754___.png,215,157,0
0409_18_01_25___i58762__________SM_______CR_TP1_ID9798_CAM0_TP1_THR893_CN1586455286841918000_TCN-9798___.png,195,78,0
0409_18_01_26___i58772__________SM_______CR_TP1_ID9808_CAM0_TP1_THR996_CN1586455286841918000_TCN-9808___.png,80,13,0
0409_18_04_14___i60446__________SM_______CR_TP1_ID9906_CAM0_TP1_THR923_CN1586455453838711000_TCN-9906___.png,201,4,6
0409_18_04_17___i60475__________SM__________TP1_ID9995_CAM0_TP1_THR987_CN1586455456661362000_TCN-9995___.png,138,49,6
0409_18_08_24___i62949__________SM_______CR_TP1_ID10181_CAM0_TP1_THR843_CN1586455704029794000_TCN-10181___.png,138,147,4
0409_18_47_29___i86401__________SM_______CR_TP1_ID11173_CAM0_TP1_THR864_CN1586458048427317000_TCN-11173___.png,175,9,6
0409_19_02_53___i95640__________SM_______CR_TP1_ID12108_CAM0_TP1_THR996_CN1586458974700885000_TCN-12108___.png,44,35,3
0409_19_07_29___i98400___________________CR_TP1_ID12355_CAM0_TP1_THR673_CN-12355_TCN-12355___.png,197,247,3
0409_19_25_54___i109449__________SM__________TP1_ID12709_CAM0_TP1_THR989_CN1586460355222947000_TCN-12709___.png,53,231,3
0409_19_25_55___i109467__________SM_______CR_TP1_ID12751_CAM0_TP1_THR984_CN1586460355789101000_TCN-12751___.png,247,62,0
0409_19_25_56___i109474_SG___________________TP1_ID12765_CAM0_TP1_THR928_CN1586460358212127000_TCN-12765___.png,66,241,0
0409_20_18_11___i140824__________SM_______CR_TP1_ID13092_CAM0_TP1_THR750_CN1586463489707645000_TCN-13092_MN.png,50,43,6
0409_20_34_02___i150339__________SM_______CR_TP1_ID13219_CAM0_TP1_THR996_CN1586464443934069000_TCN-13219___.png,68,36,6
0409_20_34_05___i150368__________SM_______CR_TP1_ID13248_CAM0_TP1_THR806_CN1586464443934069000_TCN-13248___.png,102,225,6
0409_21_05_35___i169265__________SM_______CR_TP1_ID13838_CAM0_TP1_THR926_CN1586466335505614000_TCN-13838___.png,21,96,6
0410117__0719__15_02_58__________.png,112,72,6
0410119__0719__15_02_58_______END.png,112,72,6
0410_07_08_00___i530744_OT_______SM_______CR_TP1_ID14924_CAM0_TP1_THR750_CN1586502478515231000_TCN-14924_MN.png,175,87,3
0410_07_44_28___i552625__________SM_______CR_TP1_ID15092_CAM0_TP1_THR976_CN1586504667210423000_TCN-15092___.png,73,172,7
0410_07_51_35___i556903__________SM_______CR_TP1_ID15245_CAM0_TP1_THR988_CN1586505093707078000_TCN-15245___.png,87,52,0
0410_07_52_04___i557191__________SM_______CR_TP1_ID15271_CAM0_TP1_THR950_CN1586505125267555000_TCN-15271___.png,102,8,6
0410_07_58_36___i561114_SB________________CR_TP1_ID15410_CAM0_TP1_THR728_CN1586505518737430000_TCN-15410___.png,58,231,3
0410_08_09_14___i567490_______PC__________CR_TP1_ID16089_CAM0_TP1_THR994_CN1586506153534740000_TCN-16089___.png,211,18,2
0410_08_09_18___i567529__________SM_______CR_TP1_ID16127_CAM0_TP1_THR750_CN1586506153534740000_TCN-16127_MN.png,112,248,2
0410_08_22_31___i575465__________SM_______CR_TP1_ID16588_CAM0_TP1_THR750_CN1586506950948068000_TCN-16588_MN.png,239,244,6
0410_08_22_45___i575597__________SM_______CR_TP1_ID16717_CAM0_TP1_THR750_CN1586506950948068000_TCN-16717_MN.png,168,115,6
0410_08_24_17___i576518__________SM_______CR_TP1_ID16728_CAM0_TP1_THR998_CN1586507058635845000_TCN-16728___.png,137,189,1
0410_08_25_56___i577509__________SM_______CR_TP1_ID16956_CAM0_TP1_THR973_CN1586507150938855000_TCN-16956___.png,53,182,7
0410_08_45_42___i589374__________SM_______CR_TP1_ID18053_CAM0_TP1_THR790_CN1586508343734206000_TCN-18053___.png,2,231,7
0410_08_57_42___i596564__________SM_______CR_TP1_ID19314_CAM0_TP1_THR857_CN1586509061357295000_TCN-19314___.png,44,221,2
0410_08_58_28___i597036__________SM_______CR_TP1_ID19567_CAM0_TP1_THR928_CN1586509110563829000_TCN-19567___.png,69,238,3
0410_08_58_37___i597120__________SM__________TP1_ID19640_CAM0_TP1_THR995_CN1586509118889021000_TCN-19640___.png,129,240,6
0410_08_58_39___i597138__________SM__________TP1_ID19692_CAM0_TP1_THR989_CN1586509119280425000_TCN-19692___.png,150,199,0
0410_08_58_40___i597154_SB________________CR_TP1_ID19719_CAM0_TP1_THR954_CN1586509123332060000_TCN-19719___.png,103,209,6
0410_08_59_13___i597483__________SM_______CR_TP1_ID19893_CAM0_TP1_THR960_CN1586509139561712000_TCN-19893___.png,20,10,7
0410_08_59_19___i597534__________SM_______CR_TP1_ID19949_CAM0_TP1_THR998_CN1586509157804407000_TCN-19949___.png,32,90,7
0410_09_13_35___i605943__________SM__________TP1_ID24537_CAM0_TP1_THR800_CN1586510014429907000_TCN-24537___.png,251,212,6
0410_09_15_46___i607199_IB_______SM_______CR_TP1_ID25079_CAM0_TP1_THR967_CN1586510149565667000_TCN-25079___.png,73,180,6
0410_09_18_40___i608937__________SM_______CR_TP1_ID25295_CAM0_TP1_THR750_CN1586510316330507000_TCN-25295_MN.png,205,225,6
0410_09_18_52___i609037_OT_______SM_______CR_TP1_ID25394_CAM0_TP1_THR750_CN1586510316330507000_TCN-25394_MN.png,183,118,6
0410_09_30_23___i473756_SB________________CR_TP1_ID46849_CAM0_TP1_THR814_CN1586511028682002000_TCN-46849___.png,188,231,7
0410_09_30_24___i473758__________SM_______CR_TP1_ID46851_CAM0_TP1_THR893_CN1586511029317181000_TCN-46851___.png,99,247,7
0410_09_33_28___i617808_SB________________CR_TP1_ID26084_CAM0_TP1_THR819_CN1586511210539388000_TCN-26084___.png,61,218,6
0410_09_56_30___i631524__________SM_______CR_TP1_ID27799_CAM0_TP1_THR750_CN1586512592658024000_TCN-27799_MN.png,153,30,6
0410_10_09_58___i639510_SB________________CR_TP1_ID29495_CAM0_TP1_THR719_CN1586513401392437000_TCN-29495___.png,194,126,6
0410_10_14_16___i642014__________SM_______CR_TP1_ID30468_CAM0_TP1_THR994_CN1586513655784143000_TCN-30468___.png,28,58,6
0410_10_14_34___i642142_OT_______SM_______CR_TP1_ID30641_CAM0_TP1_THR750_CN1586513673236497000_TCN-30641_MN.png,106,183,6
0410_10_19_06___i644901_SB________________CR_TP1_ID30950_CAM0_TP1_THR997_CN1586513950176387000_TCN-30950___.png,134,120,7
0410_10_21_10___i646058_SB________________CR_TP1_ID31506_CAM0_TP1_THR869_CN1586514072724140000_TCN-31506___.png,9,206,3
0410_10_21_14___i646093_SB________________CR_TP1_ID31587_CAM0_TP1_THR895_CN1586514078147261000_TCN-31587___.png,244,144,6
0410_10_21_15___i646101__________SM_______CR_TP1_ID31618_CAM0_TP1_THR977_CN1586514078645967000_TCN-31618___.png,81,48,6
0410_10_21_16___i646106__________SM__________TP1_ID31635_CAM0_TP1_THR987_CN1586514074930546000_TCN-31635___.png,87,0,0
0410_10_21_31___i646257_IB________________CR_TP1_ID31705_CAM0_TP1_THR876_CN1586514094281676000_TCN-31705___.png,72,32,7
0410_10_21_38___i646311_OT________________CR_TP1_ID31790_CAM0_TP1_THR897_CN1586514098148528000_TCN-31790___.png,18,210,7
0410_10_25_53___i507047_______PC_____________TP2_ID46898_CAM0_TP2_THR830_CN1586514355913904000_TCN-46898___.png,183,24,6
0410_10_25_54___i648841__________SM_______CR_TP1_ID32502_CAM0_TP1_THR750_CN1586514350332641000_TCN-32502_MN.png,232,5,6
0410_10_26_50___i649405_SB___________________TP1_ID32650_CAM0_TP1_THR838_CN1586514413953774000_TCN-32650___.png,231,14,6
0410_10_29_04___i650692__________SM_______CR_TP1_ID33078_CAM0_TP1_THR972_CN1586514544437847000_TCN-33078___.png,7,252,7
0410_10_29_53___i651213_SB_______SM_______CR_TP1_ID33233_CAM0_TP1_THR744_CN1586514597625342000_TCN-33233___.png,142,208,6
0410_10_31_09___i651959_______PC__________CR_TP1_ID33339_CAM0_TP1_THR999_CN1586514671333706000_TCN-33339___.png,117,63,6
0410_10_31_15___i652000_SB_______SM_______CR_TP1_ID33388_CAM0_TP1_THR931_CN1586514678540886000_TCN-33388___.png,105,194,6
0410_10_39_04___i656444__________SM_______CR_TP1_ID34705_CAM0_TP1_THR750_CN1586515146516638000_TCN-34705_MN.png,209,37,4
0410_10_42_28___i658158__________SM_______CR_TP1_ID35929_CAM0_TP1_THR672_CN1586515337420528000_TCN-35929___.png,11,125,7
0410_10_43_01___i658512__________SM_______CR_TP1_ID35977_CAM0_TP1_THR822_CN1586515384151730000_TCN-35977___.png,88,165,6
0410_10_43_40___i658903__________SM_______CR_TP1_ID36070_CAM0_TP1_THR750_CN1586515423338163000_TCN-36070_MN.png,225,227,4
0410_10_43_49___i658964__________SM_______CR_TP1_ID36131_CAM0_TP1_THR750_CN1586515423338163000_TCN-36131_MN.png,209,252,7
0410_10_44_37___i518269_SB________________CR_TP1_ID47020_CAM0_TP1_THR722_CN1586515482135951000_TCN-47020___.png,178,216,6
0410_10_50_25___i662894___________________CR_TP1_ID36811_CAM0_TP1_THR696_CN-36811_TCN-36811___.png,64,225,7
0410_10_50_32___i662949__________SM_______CR_TP1_ID36866_CAM0_TP1_THR934_CN1586515828544019000_TCN-36866___.png,79,130,7
0410_10_51_17___i663394__________SM_______CR_TP1_ID36977_CAM0_TP1_THR927_CN1586515872780575000_TCN-36977___.png,102,165,6
0410_10_53_18___i664579__________SM_______CR_TP1_ID37101_CAM0_TP1_THR994_CN1586515999880489000_TCN-37101___.png,53,97,6
0410_10_58_02___i526339___________________CR_TP2_ID47083_CAM0_TP2_THR665_CN-47083_TCN-47083___.png,176,82,6
0410_11_01_17___i668991_SB_______SM_______CR_TP1_ID38393_CAM0_TP1_THR738_CN1586516481075247000_TCN-38393___.png,179,245,7
0410_11_03_05___i670088_SB________________CR_TP1_ID38414_CAM0_TP1_THR910_CN1586516587904339000_TCN-38414___.png,10,27,6
0410_11_07_54___i672980__________SM_______CR_TP1_ID38598_CAM0_TP1_THR750_CN1586516876852449000_TCN-38598_MN.png,229,203,6
0410_11_10_36___i674280__________SM_______CR_TP1_ID39728_CAM0_TP1_THR772_CN1586517033277490000_TCN-39728___.png,173,206,7
0410_11_10_46___i674347___________________CR_TP1_ID39795_CAM0_TP1_THR670_CN-39795_TCN-39795___.png,125,170,5
0410_11_20_55___i680270__________SM_______CR_TP1_ID40527_CAM0_TP1_THR970_CN1586517658291048000_TCN-40527___.png,63,58,6
0410_11_24_27___i542171___________________CR_TP1_ID47309_CAM0_TP1_THR660_CN-47309_TCN-47309___.png,48,239,6
0410_11_24_28___i542174_SB________________CR_TP1_ID47312_CAM0_TP1_THR848_CN1586517873462889000_TCN-47312___.png,225,240,6
0410_12_31_58___i582676___________________CR_TP2_ID49927_CAM0_TP2_THR695_CN-49927_TCN-49927___.png,57,67,6
0410_12_49_22___i593140__________SM_______CR_TP1_ID50008_CAM0_TP1_THR823_CN1586522966740429000_TCN-50008___.png,67,84,6
0410_13_37_46___i622171_SB___________________TP1_ID50323_CAM0_TP1_THR770_CN1586525871423812000_TCN-50323___.png,223,176,6
0410_13_38_14___i622297_SB________________CR_TP1_ID50417_CAM0_TP1_THR737_CN1586525899335962000_TCN-50417___.png,155,43,6
0410_13_40_37___i21__________SM_______CR_TP1_ID32_CAM0_TP1_THR750_CN1586526037802583000_TCN-32_MN.png,242,230,6
0410_13_41_42___i75__________SM_______CR_TP1_ID71_CAM0_TP1_THR750_CN1586526101591712000_TCN-71_MN.png,97,164,6
0410_13_44_30___i1764__________SM_______CR_TP1_ID405_CAM0_TP1_THR750_CN1586526269696756000_TCN-405_MN.png,80,19,6
0410_13_47_40___i3668__________SM_______CR_TP1_ID668_CAM0_TP1_THR795_CN1586526452416314000_TCN-668___.png,42,57,6
0410_13_54_46___i7930__________SM_______CR_TP1_ID2144_CAM0_TP1_THR750_CN1586526887526841000_TCN-2144_MN.png,136,213,6
0410_13_55_19___i8255_SB___________________TP1_ID2315_CAM0_TP1_THR761_CN1586526920900029000_TCN-2315___.png,167,113,6
0410_13_55_38___i24___________________CR_TP2_ID14_CAM0_TP2_THR680_CN-14_TCN-14___.png,106,21,6
0410_14_08_21___i2134_SB________________CR_TP1_ID799_CAM0_TP1_THR791_CN1586527702694739000_TCN-799___.png,45,231,6
0410_14_10_57___i3698___________________CR_TP2_ID1480_CAM0_TP2_THR660_CN-1480_TCN-1480___.png,19,117,6
0411482__0716__14_35_42_______END.png,153,119,6
0411836__0719__15_04_25_PC_______.png,171,177,6
0412_11_31_04___i27438519_INB_CLR_TP1_ID16439816_CAM0_TP1_THR678_CN1586691094868633000_TCN-16439816.png,58,191,3
0412_11_45_11___i1644210_IB________________CR_TP1_ID741458_CAM0_TP1_THR750_CN1586691968718877000_TCN-741458_MN.png,116,6,6
0413_10_56_24___i2466729__________SM_______CR_TP1_ID1098644_CAM0_TP1_THR750_CN1586775421296576000_TCN-1098644_MN.png,233,35,6
0413_11_03_07___i2466827__________SM__________TP1_ID1098745_CAM0_TP1_THR749_CN1586775873028049000_TCN-1098745___.png,32,69,6
0413_12_37_02___i2473971__________SM_______CR_TP1_ID1099756_CAM0_TP1_THR818_CN1586781482775098000_TCN-1099756___.png,199,19,6
0413_13_20_47___i28995113_LOOK_TP1_ID17027248_CAM0_TP1_THR939_CN1586784060701820000_TCN-17027248.png,45,149,5
0413_15_10_34___i2476797__________SM_______CR_TP1_ID1101461_CAM0_TP1_THR750_CN1586790731658732000_TCN-1101461_MN.png,175,243,6
0413_15_33_55___i29067598_INN_CLR_TP1_ID17030626_CAM0_TP1_THR760_CN1586792076452819000_TCN-17030626.png,251,148,7
0413_16_29_49___i29116097_LOOK_CLR_TP1_ID17031987_CAM0_TP1_THR945_CN1586795326493001000_TCN-17031958.png,254,124,3
0413_20_28_59___i29284378_LOOK_CLR_TP1_ID17038881_CAM0_TP1_THR959_CN1586809685119275000_TCN-17038881.png,247,142,3
0414_07_31_13___i29492792_INB_CLR_TP1_ID17080318_CAM0_TP1_THR709_CN1586849519740324000_TCN-17080318.png,51,198,0
0414_09_47_59___i29530064_INN_CLR_TP1_ID17088411_CAM0_TP1_THR947_CN1586857721329694000_TCN-17088411.png,3,129,7
0414_09_48_55___i29530102_INB_TP1_ID17088477_CAM0_TP1_THR818_CN1586857777051542000_TCN-17088477.png,30,141,2
0414_09_49_37___i29530130_OUTB_CLR_TP3_ID17088547_CAM0_TP3_THR703_CN1586857814293372000_TCN-17088547.png,75,147,7
0414_09_55_24___i29530388_OUT_CLR_TP1_ID17088988_CAM0_TP1_THR761_CN1586858167021512000_TCN-17088988.png,69,163,6
0414_11_23_44___i29534066_INB_TP1_ID17097311_CAM0_TP1_THR850_CN1586863471692200000_TCN-17097311.png,3,168,6
0414_12_27_43___i8806__________SM_______CR_TP1_ID2160_CAM0_TP1_THR672_CN1586867264211205000_TCN-2160___.png,214,209,4
0414_12_31_04___i10810__________SM_______CR_TP1_ID2998_CAM0_TP1_THR750_CN1586867463424439000_TCN-2998_MN.png,160,245,6
0414_12_44_43___i7856__________SM_______CR_TP1_ID3370_CAM0_TP1_THR750_CN1586868283719181000_TCN-3370_MN.png,214,0,6
0414_12_44_55___i7979__________SM_______CR_TP1_ID3513_CAM0_TP1_THR750_CN1586868295660346000_TCN-3513_MN.png,195,58,6
0414_12_45_29___i8324__________SM_______CR_TP1_ID3770_CAM0_TP1_THR963_CN1586868330962681000_TCN-3770___.png,251,236,6
0414_13_07_13___i1412__________SM__________TP1_ID836_CAM0_TP1_THR990_CN1586869633743454000_TCN-836___.png,211,219,6
0414_13_32_11___i7758__________SM_______CR_TP1_ID2476_CAM0_TP1_THR746_CN1586871127298431000_TCN-2476___.png,29,2,4
0414_13_32_55___i115__________SM_______CR_TP1_ID111_CAM0_TP1_THR924_CN1586871174105571000_TCN-111___.png,248,158,6
0414_13_35_10___i640__________SM__________TP1_ID604_CAM0_TP1_THR750_CN1586871309312406000_TCN-604_MN.png,66,207,6
0414_14_18_06___i25160__________SM_______CR_TP1_ID5265_CAM0_TP1_THR750_CN1586873880339363000_TCN-5265_MN.png,145,159,6
0414_14_31_11___i33009__________SM_______CR_TP1_ID7446_CAM0_TP1_THR988_CN1586874673959951000_TCN-7446___.png,197,205,6
0414_14_46_49___i29570168_SGLB_CLR_TP1_ID17122943_CAM0_TP1_THR854_CN1586875643602152000_TCN-17122943.png,13,138,6
0414_14_56_49___i11744__________SM__________TP1_ID8356_CAM0_TP1_THR750_CN1586876194212218000_TCN-8356_MN.png,206,213,4
0414_14_56_58___i11833__________SM_______CR_TP1_ID8446_CAM0_TP1_THR724_CN1586876194212218000_TCN-8446___.png,25,2,4
0414_15_01_41___i655__________SM_______CR_TP1_ID193_CAM0_TP1_THR750_CN1586876496136787000_TCN-193_MN.png,20,197,6
0414_15_25_11___i405_IB________________CR_TP1_ID294_CAM0_TP1_THR750_CN1586877913308856000_TCN-294_MN.png,148,89,6
0414_15_33_58___i5669_OT___________________TP1_ID638_CAM0_TP1_THR863_CN1586878439240478000_TCN-638___.png,131,222,6
0414_15_47_07___i13560_IB_______SM_______CR_TP1_ID1523_CAM0_TP1_THR750_CN1586879228771153000_TCN-1523_MN.png,221,205,6
0414_16_58_08___i56175_OT________________CR_TP1_ID7421_CAM0_TP1_THR750_CN1586883488944195000_TCN-7421_MN.png,202,40,6
0414_17_29_53___i17545__________SM__________TP1_ID639_CAM0_TP1_THR750_CN1586885394948636000_TCN-639_MN.png,184,117,6
0414_17_29_57___i17579__________SM_______CR_TP1_ID672_CAM0_TP1_THR750_CN1586885394948636000_TCN-672_MN.png,135,240,6
0415_07_49_52___i30017387_LOOK_CLR_TP1_ID17692628_CAM0_TP1_THR866_CN1586937017770876000_TCN-17692628.png,104,251,7
0415_12_42_54___i30043871_INB_CLR_TP1_ID17713991_CAM0_TP1_THR991_CN1586954626698081000_TCN-17713991.png,89,168,6
0415_13_47_33___i30046454_LOOK_CLR_TP1_ID17718463_CAM0_TP1_THR901_CN1586958474409588000_TCN-17718463.png,242,131,7
0415_16_37_16___i30107409_LOOK_CLR_TP1_ID17726861_CAM0_TP1_THR932_CN1586968656724007000_TCN-17726861.png,80,174,6
0415_16_37_52___i30107430_LOOK_CLR_TP1_ID17726892_CAM0_TP1_THR685_CN1586968687874391000_TCN-17726892.png,56,159,7
0416_07_50_05___i200881__________SM_______CR_TP1_ID133166_CAM0_TP1_THR750_CN1587023405985853000_TCN-133166_MN.png,20,177,3
0416_12_29_24___i360170__________SM__________TP1_ID183_CAM0_TP1_THR750_CN1587040165411990000_TCN-183_MN.png,181,36,6
0416_12_30_16___i360693__________SM_______CR_TP1_ID377_CAM0_TP1_THR750_CN1587040216922773000_TCN-377_MN.png,180,153,6
0416_14_55_38___i324450_SG________________CR_TP1_ID179856_CAM0_TP1_THR700_CN1587048947064115000_TCN-179856___.png,1,125,7
0416_14_55_38___i324452___________________CR_TP1_ID179859_CAM0_TP1_THR687_CN-179859_TCN-179859___.png,4,122,7
0416_20_54_16___i384533___________________CR_TP1_ID234112_CAM0_TP1_THR661_CN-234112_TCN-234112___.png,179,213,6
0416_21_15_55___i386973___________________CR_TP1_ID238461_CAM0_TP1_THR690_CN-238461_TCN-238461___.png,89,204,6
0417_08_44_23___i465900__________SM_______CR_TP1_ID288910_CAM0_TP1_THR823_CN1587113055361784000_TCN-288910___.png,37,123,1
0417_08_45_03___i465959__________SM_______CR_TP1_ID289051_CAM0_TP1_THR773_CN1587113055361784000_TCN-289051___.png,49,166,1
0417_11_37_44___i487283______________________TP1_ID298665_CAM0_TP1_THR671_CN-298665_TCN-298665___.png,169,81,6
0417_16_38_07___i1357378_IB____PC_SM_______CR_TP1_ID46016_CAM0_TP1_THR750_CN1587141492216710000_TCN-46016_MN.png,188,122,6
0417_17_37_52___i1393273_OT_______SM_______CR_TP1_ID46955_CAM0_TP1_THR761_CN1587145075317746000_TCN-46955___.png,50,30,6
0417_18_04_52___i5923_SB________________CR_TP1_ID5981_CAM0_TP1_THR811_CN1587146694468996000_TCN-5981___.png,82,58,6
0417_18_09_42___i8824_SG________________CR_TP1_ID8808_CAM0_TP1_THR764_CN1587146984586475000_TCN-8808___.png,169,108,3
0417_18_21_01___i201_SG________________CR_TP1_ID288_CAM0_TP1_THR858_CN1587147662709333000_TCN-288___.png,57,138,6
0417_18_35_42___i4693_OT________________CR_TP1_ID4789_CAM0_TP1_THR998_CN1587148543935031000_TCN-4789___.png,126,105,6
0417_18_35_44___i4707__________SM_______CR_TP1_ID4818_CAM0_TP1_THR987_CN1587148545559219000_TCN-4818___.png,203,80,6
0417_18_35_45___i4720_SB________________CR_TP1_ID4839_CAM0_TP1_THR939_CN1587148547243703000_TCN-4839___.png,223,198,6
0417_18_50_19___i13457_SB________________CR_TP1_ID13621_CAM0_TP1_THR968_CN1587149420897124000_TCN-13621___.png,14,173,6
0417_18_54_38___i16052_SB________________CR_TP1_ID16340_CAM0_TP1_THR913_CN1587149680385122000_TCN-16340___.png,162,116,6
0417_19_30_05___i2839_SG_______SM__________TP1_ID2762_CAM0_TP1_THR978_CN1587151807000575000_TCN-2762___.png,34,11,6
0417_19_30_21___i2995_SG________________CR_TP1_ID2942_CAM0_TP1_THR752_CN1587151822572123000_TCN-2942___.png,96,214,6
0417_19_33_17___i4758___________________CR_TP2_ID4615_CAM0_TP2_THR692_CN-4615_TCN-4615___.png,97,133,6
0417_19_34_04___i5230_IN________________CR_TP1_ID5113_CAM0_TP1_THR750_CN1587152046067728000_TCN-5113_MN.png,147,221,3
0417_19_39_22___i207_SB________________CR_TP1_ID272_CAM0_TP1_THR946_CN1587152364357857000_TCN-272___.png,211,221,3
0417_19_50_06___i3195_SB________________CR_TP1_ID3237_CAM0_TP1_THR757_CN1587153008007840000_TCN-3237___.png,12,110,6
0417_20_28_13___i14955_OT_______SM_______CR_TP1_ID12672_CAM0_TP1_THR727_CN1587155294816169000_TCN-12672___.png,144,8,6
0417_20_32_54___i17771_SB________________CR_TP1_ID14367_CAM0_TP1_THR845_CN1587155576639583000_TCN-14367___.png,21,106,3
0418_06_37_01___i362231__________SM_______CR_TP1_ID343124_CAM0_TP1_THR854_CN1587191839231284000_TCN-343124___.png,73,9,6
0418_06_37_27___i362261___________________CR_TP1_ID343170_CAM0_TP1_THR660_CN-343170_TCN-343170___.png,224,74,6
0418_07_57_38___i47287_SB________________CR_TP1_ID37494_CAM0_TP1_THR796_CN1587196662375737000_TCN-37494___.png,40,252,5
0418_07_58_43___i47936______________________TP1_ID37938_CAM0_TP1_THR682_CN-37938_TCN-37938___.png,39,137,5
0418_08_02_32___i50181__________SM_______CR_TP1_ID39968_CAM0_TP1_THR750_CN1587196944772418000_TCN-39968_MN.png,20,180,5
0418_08_02_40___i50230__________SM_______CR_TP1_ID40059_CAM0_TP1_THR750_CN1587196944772418000_TCN-40059_MN.png,30,180,5
0418_08_09_54___i54448_SG________________CR_TP1_ID43487_CAM0_TP1_THR944_CN1587197398383697000_TCN-43487___.png,147,133,0
0418_08_09_56___i54462_SB________________CR_TP1_ID43500_CAM0_TP1_THR886_CN1587197400717870000_TCN-43500___.png,127,124,0
0418_08_09_56___i54463_SB________________CR_TP1_ID43502_CAM0_TP1_THR992_CN1587197400720701000_TCN-43502___.png,24,152,0
0418_08_11_56___i829___________________CR_TP1_ID613_CAM0_TP1_THR697_CN-613_TCN-613___.png,160,150,6
0418_08_22_25___i3527__________SM_______CR_TP1_ID2563_CAM0_TP1_THR750_CN1587198144360718000_TCN-2563_MN.png,45,183,5
0418_08_31_14___i8823__________SM_______CR_TP1_ID7011_CAM0_TP1_THR750_CN1587198669212830000_TCN-7011_MN.png,25,201,5
0418_08_42_39___i15669__________SM__________TP1_ID12502_CAM0_TP1_THR785_CN1587199360784918000_TCN-12502___.png,98,7,4
0418_08_42_39___i15670__________SM__________TP1_ID12504_CAM0_TP1_THR985_CN1587199360784918000_TCN-12504___.png,118,45,4
0418_08_46_46___i18139___________________CR_TP1_ID14321_CAM0_TP1_THR685_CN-14321_TCN-14321___.png,73,205,6
0418_08_48_39___i966___________________CR_TP1_ID889_CAM0_TP1_THR667_CN-889_TCN-889___.png,56,239,4
0418_08_49_18___i1357_SG___________________TP1_ID1228_CAM0_TP1_THR990_CN1587199760201556000_TCN-1228___.png,74,50,6
0418_09_00_34___i579___________________CR_TP1_ID424_CAM0_TP1_THR681_CN-424_TCN-424___.png,54,90,6
0418_09_12_54___i2913__________SM_______CR_TP1_ID3661_CAM0_TP1_THR750_CN1587201175684583000_TCN-3661_MN.png,219,26,4
0418_09_22_02___i1770__________SM_______CR_TP1_ID2113_CAM0_TP1_THR954_CN1587201723483830000_TCN-2113___.png,4,249,3
0418_09_34_45___i1061__________SM__________TP1_ID1111_CAM0_TP1_THR843_CN1587202486343020000_TCN-1111___.png,94,204,6
0418_09_35_06___i1266_SG________________CR_TP1_ID1573_CAM0_TP1_THR874_CN1587202507918294000_TCN-1573___.png,181,18,6
0418_09_38_53___i1800_IB________________CR_TP1_ID1930_CAM0_TP1_THR874_CN1587202734809928000_TCN-1930___.png,75,133,3
0418_09_38_53___i1801__________SM_______CR_TP1_ID1932_CAM0_TP1_THR916_CN1587202734809928000_TCN-1932___.png,108,208,3
0418_09_41_57___i3641__________SM_______CR_TP1_ID3750_CAM0_TP1_THR962_CN1587202918702214000_TCN-3750___.png,41,231,7
0418_10_19_36___i1754___________________CR_TP1_ID1868_CAM0_TP1_THR673_CN-1868_TCN-1868___.png,2,128,6
0418_10_22_10___i384___________________CR_TP1_ID520_CAM0_TP1_THR692_CN-520_TCN-520___.png,28,62,6
0418_10_28_17___i4054_OT_______SM_______CR_TP1_ID5591_CAM0_TP1_THR750_CN1587205697980143000_TCN-5591_MN.png,60,211,6
0418_10_39_58___i6430_SG________________CR_TP1_ID7028_CAM0_TP1_THR870_CN1587206399872652000_TCN-7028___.png,90,134,4
0418_10_39_59___i6444_IB_______SM_______CR_TP1_ID7052_CAM0_TP1_THR997_CN1587206401299040000_TCN-7052___.png,60,126,6
0418_11_05_01___i21468___________________CR_TP1_ID23701_CAM0_TP1_THR665_CN-23701_TCN-23701___.png,85,185,5
0418_11_14_22___i2088_IB________________CR_TP1_ID2160_CAM0_TP1_THR944_CN1587208464148549000_TCN-2160___.png,174,227,7
0418_11_24_56___i8427_SB________________CR_TP1_ID8944_CAM0_TP1_THR884_CN1587209098081676000_TCN-8944___.png,12,200,5
0418_11_26_36___i9429___________________CR_TP1_ID10037_CAM0_TP1_THR696_CN-10037_TCN-10037___.png,202,247,6
0418_11_58_34___i2565__________SM_______CR_TP1_ID2814_CAM0_TP1_THR750_CN1587211116207188000_TCN-2814_MN.png,25,180,5
0418_12_01_06___i4086__________SM_______CR_TP1_ID4593_CAM0_TP1_THR818_CN1587211268331284000_TCN-4593___.png,110,229,5
0418_12_04_32___i6146_OT_______SM__________TP1_ID6937_CAM0_TP1_THR734_CN1587211473402861000_TCN-6937___.png,44,158,5
0418_12_08_06___i1944__________SM_______CR_TP1_ID2347_CAM0_TP1_THR802_CN1587211687102273000_TCN-2347___.png,114,107,6
0418_12_08_18___i2067___________________CR_TP1_ID2603_CAM0_TP1_THR673_CN-2603_TCN-2603___.png,241,168,5
0418_12_23_40___i5098_OT_______SM_______CR_TP1_ID5481_CAM0_TP1_THR807_CN1587212616657893000_TCN-5481___.png,40,159,5
0418_12_30_15___i9049_SB________________CR_TP1_ID9862_CAM0_TP1_THR830_CN1587213017467010000_TCN-9862___.png,139,76,2
0418_13_08_13___i1831___________________CR_TP1_ID1799_CAM0_TP1_THR692_CN-1799_TCN-1799___.png,47,149,6
0419994__0702__09_01_25_PC_______.png,49,152,4
0420_08_20_50___i1511500__________SM_______CR_TP1_ID508323_CAM0_TP1_THR812_CN1587370870035608000_TCN-508323___.png,1,130,7
0420_15_14_51___i649746_IB_______SM_______CR_TP1_ID1138_CAM0_TP1_THR750_CN1587395693658172000_TCN-1138_MN.png,192,193,6
0420_17_05_24___i61119_IN________________CR_TP1_ID66_CAM0_TP1_THR750_CN1587402326375029000_TCN-66_MN.png,151,56,6
0420_17_05_25___i61131__________SM_______CR_TP1_ID78_CAM0_TP1_THR705_CN1587402326375029000_TCN-78___.png,184,20,6
0420_18_18_37___i121833_IB________________CR_TP1_ID97_CAM0_TP1_THR750_CN1587406719134775000_TCN-97_MN.png,134,254,0
0420_18_18_41___i121883_SB________________CR_TP1_ID146_CAM0_TP1_THR832_CN1587406722968308000_TCN-146___.png,13,203,6
0420_18_53_47___i150967__________SM_______CR_TP1_ID285_CAM0_TP1_THR750_CN1587408828440297000_TCN-285_MN.png,168,209,6
0420_19_08_11___i162884__________SM_______CR_TP1_ID492_CAM0_TP1_THR922_CN1587409693347516000_TCN-492___.png,69,6,6
0420_19_08_58___i163513__________SM_______CR_TP1_ID558_CAM0_TP1_THR750_CN1587409738328306000_TCN-558_MN.png,57,255,6
0420_19_10_09___i164466__________SM_______CR_TP1_ID771_CAM0_TP1_THR750_CN1587409810239353000_TCN-771_MN.png,141,37,6
0420_19_10_11___i164498__________SM_______CR_TP1_ID803_CAM0_TP1_THR756_CN1587409810239353000_TCN-803___.png,208,217,6
0420_19_12_36___i166486__________SM_______CR_TP1_ID925_CAM0_TP1_THR750_CN1587409956301783000_TCN-925_MN.png,45,34,6
0420_19_14_05___i167698__________SM_______CR_TP1_ID1070_CAM0_TP1_THR750_CN1587410045494721000_TCN-1070_MN.png,234,210,6
0420_19_14_23___i167939__________SM_______CR_TP1_ID1107_CAM0_TP1_THR825_CN1587410064348619000_TCN-1107___.png,22,224,6
0420_19_24_51___i176599__________SM_______CR_TP1_ID1232_CAM0_TP1_THR750_CN1587410693714485000_TCN-1232_MN.png,129,95,6
0420_19_43_23___i191946__________SM_______CR_TP1_ID1285_CAM0_TP1_THR750_CN1587411804661690000_TCN-1285_MN.png,157,15,0
0420_19_43_24___i191960_SB________________CR_TP1_ID1299_CAM0_TP1_THR904_CN1587411806192918000_TCN-1299___.png,208,185,0
0420_19_43_26___i191982__________SM_______CR_TP1_ID1321_CAM0_TP1_THR750_CN1587411804661690000_TCN-1321_MN.png,202,168,0
0420_19_44_38___i192955__________SM_______CR_TP1_ID1456_CAM0_TP1_THR687_CN1587411879541947000_TCN-1456___.png,242,248,0
0420_19_44_40___i192987_SG________________CR_TP1_ID1489_CAM0_TP1_THR738_CN1587411882722344000_TCN-1489___.png,176,22,0
0421_07_40_15___i1939429__________SM_______CR_TP1_ID553788_CAM0_TP1_THR806_CN1587454834028350000_TCN-553788___.png,77,208,3
0421_09_16_35___i1982703___________________CR_TP1_ID556526_CAM0_TP1_THR690_CN-556526_TCN-556526___.png,30,146,3
0421_10_48_37___i942557__________SM_______CR_TP1_ID26414_CAM0_TP1_THR912_CN1587466120763987000_TCN-26414___.png,199,7,0
0421_11_53_00___i995755_IB________________CR_TP1_ID26545_CAM0_TP1_THR979_CN1587469983898422000_TCN-26545___.png,233,3,6
0421_11_53_02___i995769__________SM_______CR_TP1_ID26559_CAM0_TP1_THR750_CN1587469983898422000_TCN-26559_MN.png,153,232,6
0421_11_53_04___i995783__________SM_______CR_TP1_ID26573_CAM0_TP1_THR750_CN1587469983898422000_TCN-26573_MN.png,194,12,6
0421_13_28_05___i1074140__________SM_______CR_TP1_ID26785_CAM0_TP1_THR979_CN1587475686328205000_TCN-26785___.png,250,249,6
0421_13_28_19___i1074242_IB________________CR_TP1_ID26857_CAM0_TP1_THR751_CN1587475703662326000_TCN-26857___.png,145,161,6
0421_13_28_38___i1074408__________SM_______CR_TP1_ID26918_CAM0_TP1_THR750_CN1587475718181840000_TCN-26918_MN.png,12,46,6
0421_13_28_44___i1074443_OT_______SM_______CR_TP1_ID26953_CAM0_TP1_THR750_CN1587475726791457000_TCN-26953_MN.png,246,126,6
0421_13_30_22___i1075727__________SM_______CR_TP1_ID27013_CAM0_TP1_THR750_CN1587475820394649000_TCN-27013_MN.png,21,88,6
0421_13_39_36___i119__________SM_______CR_TP1_ID76_CAM0_TP1_THR750_CN1587476374217347000_TCN-76_MN.png,155,181,6
0421_13_41_16___i1440_OT_______SM_______CR_TP1_ID402_CAM0_TP1_THR750_CN1587476475317947000_TCN-402_MN.png,223,255,6
0421_13_43_17___i3053_SB________________CR_TP1_ID607_CAM0_TP1_THR844_CN1587476598706411000_TCN-607___.png,232,203,6
0421_13_46_55___i6063___________________CR_TP1_ID638_CAM0_TP1_THR688_CN-638_TCN-638___.png,18,210,6
0421_13_46_59___i6107__________SM_______CR_TP1_ID682_CAM0_TP1_THR890_CN1587476817310211000_TCN-682___.png,151,156,6
0421_15_39_52___i99429___________________CR_TP1_ID2115_CAM0_TP1_THR652_CN-2115_TCN-2115___.png,251,176,6
0421_16_35_54___i2148969__________SM_______CR_TP1_ID566878_CAM0_TP1_THR885_CN1587486886183858000_TCN-566878___.png,241,99,7
0421_17_00_30___i165972_SG________________CR_TP1_ID4209_CAM0_TP1_THR856_CN1587488432391389000_TCN-4209___.png,188,171,6
0421_17_01_39___i166908__________SM_______CR_TP1_ID4325_CAM0_TP1_THR522_CN1587488498729676000_TCN-4325___.png,6,180,6
0421_17_53_00___i2163907__________SM_______CR_TP1_ID569710_CAM0_TP1_THR973_CN1587491580491261000_TCN-569710___.png,10,126,3
0421_18_01_38___i216512_SB________________CR_TP1_ID4931_CAM0_TP1_THR841_CN1587492099905688000_TCN-4931___.png,37,229,6
0421_18_01_38___i216519__________SM_______CR_TP1_ID4938_CAM0_TP1_THR662_CN1587492100314443000_TCN-4938___.png,9,27,6
0421_18_04_25___i218781__________SM_______CR_TP1_ID5148_CAM0_TP1_THR750_CN1587492266519515000_TCN-5148_MN.png,184,222,6
0421_18_04_26___i218794__________SM_______CR_TP1_ID5162_CAM0_TP1_THR750_CN1587492266519515000_TCN-5162_MN.png,156,232,6
0421_18_04_27___i218804___________________CR_TP1_ID5173_CAM0_TP1_THR688_CN-5173_TCN-5173___.png,73,241,6
0422_07_43_13___i74630__________SM_______CR_TP1_ID1098_CAM0_TP1_THR750_CN1587541388172525000_TCN-1098_MN.png,55,170,3
0422_07_55_50___i89800__________SM_______CR_TP1_ID1813_CAM0_TP1_THR977_CN1587542150650080000_TCN-1813___.png,95,153,3
0422_08_04_11___i99809__________SM_______CR_TP1_ID2150_CAM0_TP1_THR922_CN1587542651848336000_TCN-2150___.png,75,184,3
0422_08_35_38___i132793__________SM_______CR_TP1_ID28700_CAM0_TP1_THR750_CN1587544540775072000_TCN-28700_MN.png,255,184,7
0422_09_12_57___i157596___________________CR_TP1_ID55831_CAM0_TP1_THR663_CN-55831_TCN-55831___.png,181,156,6
0422_09_28_03___i164774__________SM_______CR_TP1_ID65378_CAM0_TP1_THR750_CN1587547686483682000_TCN-65378_MN.png,250,142,4
0422_09_30_55___i165779_OT_______SM_______CR_TP1_ID68646_CAM0_TP1_THR710_CN1587547858736166000_TCN-68646___.png,56,124,4
0422_09_31_42___i166045__________SM_______CR_TP1_ID69527_CAM0_TP1_THR882_CN1587547903637900000_TCN-69527___.png,4,142,4
0422_11_02_34___i22920_IB________________CR_TP1_ID44_CAM0_TP1_THR750_CN1587553356593064000_TCN-44_MN.png,242,36,0
0422_11_25_25___i41877__________SM_______CR_TP1_ID864_CAM0_TP1_THR775_CN1587554726304347000_TCN-864___.png,223,31,6
0422_12_21_51___i88722_IB________________CR_TP1_ID9478_CAM0_TP1_THR750_CN1587558113339700000_TCN-9478_MN.png,32,193,6
0422_12_27_56___i93668__________SM_______CR_TP1_ID11946_CAM0_TP1_THR920_CN1587558478155059000_TCN-11946___.png,143,248,6
0422_12_27_59___i93695_IB_______SM_______CR_TP1_ID12000_CAM0_TP1_THR750_CN1587558481083843000_TCN-12000_MN.png,245,36,6
0422_12_28_00___i93713___________________CR_TP1_ID12026_CAM0_TP1_THR500_CN-12026_TCN-12026___.png,153,225,6
0422_12_28_24___i94000__________SM_______CR_TP1_ID12281_CAM0_TP1_THR750_CN1587558505774419000_TCN-12281_MN.png,170,210,6
0422_12_28_25___i94009___________________CR_TP1_ID12290_CAM0_TP1_THR510_CN-12290_TCN-12290___.png,192,200,6
0422_12_28_28___i94041_IB____PC_SM_______CR_TP1_ID12339_CAM0_TP1_THR933_CN1587558510213118000_TCN-12339___.png,185,246,6
0422_12_56_56___i272762__________SM_______CR_TP1_ID144399_CAM0_TP1_THR750_CN1587560221980409000_TCN-144399_MN.png,10,187,3
0422_12_57_18___i272839__________SM_______CR_TP1_ID144471_CAM0_TP1_THR933_CN1587560221980409000_TCN-144471___.png,3,139,3
0422_13_07_18___i126054_IN________________CR_TP1_ID30292_CAM0_TP1_THR750_CN1587560840583450000_TCN-30292_MN.png,255,232,6
0422_13_15_23___i132712___________________CR_TP1_ID33825_CAM0_TP1_THR651_CN-33825_TCN-33825___.png,233,20,6
0422_13_15_25___i132739__________SM_______CR_TP1_ID33861_CAM0_TP1_THR750_CN1587561327604370000_TCN-33861_MN.png,21,85,6
0422_13_15_26___i132754__________SM_______CR_TP1_ID33890_CAM0_TP1_THR991_CN1587561327604370000_TCN-33890___.png,201,218,6
0422_13_21_34___i137815__________SM_______CR_TP1_ID36991_CAM0_TP1_THR930_CN1587561695357322000_TCN-36991___.png,111,222,1
0422_13_21_35___i137825__________SM_______CR_TP1_ID37008_CAM0_TP1_THR841_CN1587561695357322000_TCN-37008___.png,76,177,1
0422_13_21_38___i137851_SG________________CR_TP1_ID37051_CAM0_TP1_THR932_CN1587561700204757000_TCN-37051___.png,175,186,1
0422_13_23_24___i139302__________SM_______CR_TP1_ID37843_CAM0_TP1_THR801_CN1587561804714332000_TCN-37843___.png,202,249,6
0422_14_08_53___i319316__________SM_______CR_TP1_ID153158_CAM0_TP1_THR919_CN1587564537354645000_TCN-153158___.png,49,170,1
0422_14_40_42___i203113__________SM_______CR_TP1_ID74430_CAM0_TP1_THR756_CN1587566440229506000_TCN-74430___.png,69,172,1
0422_14_41_32___i203756__________SM_______CR_TP1_ID74939_CAM0_TP1_THR750_CN1587566494248010000_TCN-74939_MN.png,234,34,1
0422_14_41_38___i203821__________SM_______CR_TP1_ID75005_CAM0_TP1_THR631_CN1587566496288573000_TCN-75005___.png,184,165,6
0422_14_41_39___i203834_SG_______SM_______CR_TP1_ID75018_CAM0_TP1_THR806_CN1587566501238679000_TCN-75018___.png,153,177,1
0422_14_41_40___i203850_IN________________CR_TP1_ID75034_CAM0_TP1_THR905_CN1587566502909957000_TCN-75034___.png,170,219,1
0422_14_41_44___i203887_IB________________CR_TP1_ID75094_CAM0_TP1_THR735_CN1587566506147617000_TCN-75094___.png,131,237,1
0422_14_45_01___i206574_IB________________CR_TP1_ID76869_CAM0_TP1_THR813_CN1587566703667999000_TCN-76869___.png,134,34,1
0422_14_45_03___i206592__________SM_______CR_TP1_ID76901_CAM0_TP1_THR985_CN1587566704919519000_TCN-76901___.png,238,0,6
0422_14_45_05___i206609__________SM_______CR_TP1_ID76925_CAM0_TP1_THR987_CN1587566704919519000_TCN-76925___.png,15,242,6
0422_14_45_33___i206952_IB________________CR_TP1_ID77297_CAM0_TP1_THR750_CN1587566735222662000_TCN-77297_MN.png,176,213,6
0422_14_45_34___i206970__________SM_______CR_TP1_ID77322_CAM0_TP1_THR787_CN1587566735222662000_TCN-77322___.png,98,153,1
0422_14_46_19___i207573__________SM_______CR_TP1_ID77687_CAM0_TP1_THR986_CN1587566781145142000_TCN-77687___.png,143,194,1
0422_14_46_40___i207843__________SM_______CR_TP1_ID77952_CAM0_TP1_THR502_CN1587566802495880000_TCN-77952___.png,84,203,6
0422_14_46_41___i207853__________SM_______CR_TP1_ID77966_CAM0_TP1_THR501_CN1587566802495880000_TCN-77966___.png,7,18,1
0422_14_53_42___i213603_SB________________CR_TP1_ID81136_CAM0_TP1_THR890_CN1587567223995819000_TCN-81136___.png,161,254,1
0422_14_58_13___i217337___________________CR_TP1_ID83256_CAM0_TP1_THR616_CN-83256_TCN-83256___.png,136,230,6
0422_14_58_43___i217731_IN_______SM_______CR_TP1_ID83511_CAM0_TP1_THR986_CN1587567525969411000_TCN-83511___.png,158,175,1
0422_14_58_44___i217738__________SM_______CR_TP1_ID83518_CAM0_TP1_THR750_CN1587567526381081000_TCN-83518_MN.png,151,222,1
0422_14_58_47___i217772___________________CR_TP1_ID83569_CAM0_TP1_THR627_CN-83569_TCN-83569___.png,177,187,1
0422_15_12_15___i228902_IB________________CR_TP1_ID89949_CAM0_TP1_THR750_CN1587568337795939000_TCN-89949_MN.png,7,136,1
0422_15_12_18___i228929___________________CR_TP1_ID89994_CAM0_TP1_THR635_CN-89994_TCN-89994___.png,114,157,1
0422_15_12_20___i228949_IB_______SM_______CR_TP1_ID90024_CAM0_TP1_THR987_CN1587568342079461000_TCN-90024___.png,21,243,1
0422_15_19_48___i235121_IB________________CR_TP1_ID93626_CAM0_TP1_THR750_CN1587568790488867000_TCN-93626_MN.png,152,200,6
0422_15_19_49___i235133__________SM_______CR_TP1_ID93646_CAM0_TP1_THR993_CN1587568790488867000_TCN-93646___.png,18,47,6
0422_15_19_52___i235169__________SM_______CR_TP1_ID93693_CAM0_TP1_THR773_CN1587568794176586000_TCN-93693___.png,18,191,6
0422_15_19_53___i235180_IN_______SM_______CR_TP1_ID93711_CAM0_TP1_THR750_CN1587568796043655000_TCN-93711_MN.png,111,78,6
0422_15_19_55___i235202__________SM_______CR_TP1_ID93743_CAM0_TP1_THR750_CN1587568796043655000_TCN-93743_MN.png,76,129,6
0422_16_01_12___i269297__________SM_______CR_TP1_ID115271_CAM0_TP1_THR585_CN1587571273956282000_TCN-115271___.png,131,172,6
0422_16_20_20___i285123__________SM_______CR_TP1_ID125025_CAM0_TP1_THR550_CN1587572422039701000_TCN-125025___.png,26,30,6
0422_16_20_21___i285140__________SM_______CR_TP1_ID125044_CAM0_TP1_THR926_CN1587572422039701000_TCN-125044___.png,226,48,6
0422_16_22_45___i286934___________________CR_TP1_ID126554_CAM0_TP1_THR588_CN-126554_TCN-126554___.png,233,240,6
0422_16_24_43___i288557__________SM_______CR_TP1_ID127594_CAM0_TP1_THR750_CN1587572685693166000_TCN-127594_MN.png,0,20,6
0422_16_24_45___i288572__________SM_______CR_TP1_ID127616_CAM0_TP1_THR569_CN1587572685693166000_TCN-127616___.png,26,26,6
0422_16_47_55___i307628__________SM_______CR_TP1_ID128962_CAM0_TP1_THR862_CN1587574077507280000_TCN-128962___.png,159,217,6
0422_16_48_51___i308378__________SM_______CR_TP1_ID129007_CAM0_TP1_THR750_CN1587574132874917000_TCN-129007_MN.png,180,30,6
0422_16_48_54___i308412___________________CR_TP1_ID129041_CAM0_TP1_THR530_CN-129041_TCN-129041___.png,29,233,6
0422_17_17_34___i332137_OT_______SM_______CR_TP1_ID129357_CAM0_TP1_THR750_CN1587575855784616000_TCN-129357_MN.png,219,235,6
0422_17_30_42___i342951_OT________________CR_TP1_ID129645_CAM0_TP1_THR750_CN1587576643290030000_TCN-129645_MN.png,112,228,6
0422_17_30_44___i342974__________SM_______CR_TP1_ID129667_CAM0_TP1_THR917_CN1587576645867807000_TCN-129667___.png,221,242,6
0422_18_30_35___i580547__________SM_______CR_TP1_ID163738_CAM0_TP1_THR750_CN1587580227730787000_TCN-163738_MN.png,40,197,7
0422_18_38_06___i268_SB________________CR_TP1_ID76_CAM0_TP1_THR844_CN1587580687779401000_TCN-76___.png,231,160,6
0422_18_38_06___i276_SB________________CR_TP1_ID83_CAM0_TP1_THR801_CN1587580688566907000_TCN-83___.png,198,29,6
0422_18_38_08___i294__________SM_______CR_TP1_ID102_CAM0_TP1_THR986_CN1587580688855667000_TCN-102___.png,17,246,6
0422_18_38_22___i431__________SM_______CR_TP1_ID244_CAM0_TP1_THR750_CN1587580688855667000_TCN-244_MN.png,231,7,6
0422_18_39_36___i608_IB________________CR_TP1_ID178_CAM0_TP1_THR873_CN1587580778626031000_TCN-178___.png,155,186,6
0422_18_39_38___i624__________SM_______CR_TP1_ID203_CAM0_TP1_THR999_CN1587580778626031000_TCN-203___.png,176,65,6
0422_18_40_17___i1580__________SM_______CR_TP1_ID416_CAM0_TP1_THR999_CN1587580818811911000_TCN-416___.png,5,130,6
0422_18_42_01___i2625__________SM_______CR_TP1_ID885_CAM0_TP1_THR987_CN1587580921695720000_TCN-885___.png,101,247,6
0422_18_42_08___i2691_IB_______SM_______CR_TP1_ID1039_CAM0_TP1_THR965_CN1587580929989415000_TCN-1039___.png,77,76,3
0422_18_42_11___i2724___________________CR_TP1_ID1098_CAM0_TP1_THR687_CN-1098_TCN-1098___.png,95,217,6
0422_18_43_38___i3590_SB________________CR_TP1_ID1219_CAM0_TP1_THR826_CN1587581019859645000_TCN-1219___.png,27,249,6
0422_18_43_38___i3596__________SM_______CR_TP1_ID1225_CAM0_TP1_THR994_CN1587581019964755000_TCN-1225___.png,8,180,3
0422_18_43_50___i3716__________SM_______CR_TP1_ID1369_CAM0_TP1_THR807_CN1587581026510591000_TCN-1369___.png,155,244,6
0422_18_44_20___i4012__________SM__________TP1_ID1764_CAM0_TP1_THR995_CN1587581063985340000_TCN-1764___.png,100,51,6
0422_18_44_27___i4060__________SM__________TP1_ID1996_CAM0_TP1_THR919_CN1587581061851984000_TCN-1996___.png,9,98,6
0422_18_45_33___i4709__________SM_______CR_TP1_ID3415_CAM0_TP1_THR916_CN1587581134170112000_TCN-3415___.png,84,232,7
0422_18_45_37___i4746_IN___________________TP1_ID3502_CAM0_TP1_THR890_CN1587581139434643000_TCN-3502___.png,77,11,6
0422_18_45_40___i4774__________SM__________TP1_ID3615_CAM0_TP1_THR994_CN1587581141420240000_TCN-3615___.png,27,157,7
0422_18_45_43___i4808__________SM_______CR_TP1_ID3732_CAM0_TP1_THR972_CN1587581143379168000_TCN-3732___.png,234,226,6
0422_18_45_49___i4861__________SM_______CR_TP1_ID3984_CAM0_TP1_THR941_CN1587581150763873000_TCN-3984___.png,156,36,4
0422_18_46_45___i5427__________SM_______CR_TP1_ID5144_CAM0_TP1_THR850_CN1587581206306099000_TCN-5144___.png,121,61,6
0422_18_47_35___i5920__________SM_______CR_TP1_ID6416_CAM0_TP1_THR992_CN1587581257054458000_TCN-6416___.png,182,249,6
0422_18_55_08___i10459__________SM_______CR_TP1_ID7969_CAM0_TP1_THR995_CN1587581709745921000_TCN-7969___.png,127,108,6
0422_18_55_32___i10700_SB________________CR_TP1_ID8045_CAM0_TP1_THR791_CN1587581734511678000_TCN-8045___.png,232,143,6
0422_18_55_38___i10752_SB________________CR_TP1_ID8106_CAM0_TP1_THR931_CN1587581739727305000_TCN-8106___.png,1,202,6
0422_18_57_04___i11615_______PC_SM_______CR_TP1_ID8303_CAM0_TP1_THR999_CN1587581824902831000_TCN-8303___.png,98,28,6
0422_19_02_28___i14859_IB________________CR_TP1_ID9332_CAM0_TP1_THR954_CN1587582150358740000_TCN-9332___.png,24,105,3
0422_19_02_29___i14869_SB________________CR_TP1_ID9341_CAM0_TP1_THR843_CN1587582151261319000_TCN-9341___.png,185,106,6
0422_19_02_30___i14874_SB____PC_SM_______CR_TP1_ID9345_CAM0_TP1_THR927_CN1587582151904035000_TCN-9345___.png,187,229,6
0422_19_04_13___i15908__________SM_______CR_TP1_ID9559_CAM0_TP1_THR988_CN1587582254481269000_TCN-9559___.png,210,219,6
0422_19_04_18___i15960__________SM_______CR_TP1_ID9673_CAM0_TP1_THR993_CN1587582260131994000_TCN-9673___.png,206,211,6
0422_19_05_56___i16937_OT_______SM_______CR_TP1_ID9850_CAM0_TP1_THR957_CN1587582354391903000_TCN-9850___.png,69,223,3
0422_19_08_29___i18467__________SM_______CR_TP1_ID10281_CAM0_TP1_THR999_CN1587582509954574000_TCN-10281___.png,109,74,6
0422_19_08_39___i18568_IB________________CR_TP1_ID10346_CAM0_TP1_THR826_CN1587582521084733000_TCN-10346___.png,48,2,3
0422_19_13_05___i21225__________SM_______CR_TP1_ID11119_CAM0_TP1_THR935_CN1587582785268926000_TCN-11119___.png,45,202,6
0422_19_13_26___i21438__________SM_______CR_TP1_ID11440_CAM0_TP1_THR993_CN1587582784198854000_TCN-11440___.png,111,67,6
0422_19_15_42___i22804_SB________________CR_TP1_ID11982_CAM0_TP1_THR736_CN1587582944546985000_TCN-11982___.png,27,8,6
0422_19_19_10___i24882__________SM_______CR_TP1_ID13056_CAM0_TP1_THR680_CN1587583149118831000_TCN-13056___.png,21,221,7
0422_19_19_39___i25172__________SM_______CR_TP1_ID13341_CAM0_TP1_THR717_CN1587583174975752000_TCN-13341___.png,78,23,7
0422_19_19_41___i25193_SB________________CR_TP1_ID13368_CAM0_TP1_THR744_CN1587583183422269000_TCN-13368___.png,211,133,6
0422_19_19_50___i25282___________________CR_TP1_ID13465_CAM0_TP1_THR693_CN-13465_TCN-13465___.png,4,100,6
0422_19_19_51___i25289_SB________________CR_TP1_ID13468_CAM0_TP1_THR762_CN1587583192953297000_TCN-13468___.png,235,218,6
0422_19_20_13___i25509__________SM_______CR_TP1_ID13524_CAM0_TP1_THR986_CN1587583214577733000_TCN-13524___.png,179,49,6
0422_19_20_41___i25792__________SM_______CR_TP1_ID13634_CAM0_TP1_THR967_CN1587583242955709000_TCN-13634___.png,105,27,6
0422_19_20_44___i25821__________SM_______CR_TP1_ID13669_CAM0_TP1_THR992_CN1587583242955709000_TCN-13669___.png,136,242,5
0422_19_22_35___i26928__________SM_______CR_TP1_ID13897_CAM0_TP1_THR889_CN1587583354488328000_TCN-13897___.png,212,217,1
0422_19_27_27___i29851_SB________________CR_TP1_ID14652_CAM0_TP1_THR847_CN1587583649060792000_TCN-14652___.png,140,69,5
0422_19_31_31___i32290___________________CR_TP1_ID15153_CAM0_TP1_THR689_CN-15153_TCN-15153___.png,132,24,6
0422_19_34_56___i34345__________SM_______CR_TP1_ID15706_CAM0_TP1_THR996_CN1587584095760947000_TCN-15706___.png,115,93,3
0422_19_36_09___i35076_SB________________CR_TP1_ID15885_CAM0_TP1_THR845_CN1587584171482413000_TCN-15885___.png,174,229,0
0422_19_36_36___i35340___________________CR_TP1_ID16026_CAM0_TP1_THR680_CN-16026_TCN-16026___.png,181,76,6
0422_19_42_27___i38859_SB_______SM_______CR_TP1_ID16604_CAM0_TP1_THR849_CN1587584549702145000_TCN-16604___.png,9,187,0
0422_19_42_30___i38879__________SM_______CR_TP1_ID16618_CAM0_TP1_THR979_CN1587584551515450000_TCN-16618___.png,220,248,6
0422_19_43_09___i39272_IB________________CR_TP1_ID16730_CAM0_TP1_THR973_CN1587584590892987000_TCN-16730___.png,225,149,6
0422_19_43_20___i39384_IB________________CR_TP1_ID16838_CAM0_TP1_THR744_CN1587584602430428000_TCN-16838___.png,131,128,5
0422_19_46_01___i40998__________SM_______CR_TP1_ID17052_CAM0_TP1_THR989_CN1587584763340835000_TCN-17052___.png,75,190,3
0422_19_46_04___i41022_SG________________CR_TP1_ID17078_CAM0_TP1_THR980_CN1587584765923271000_TCN-17078___.png,191,166,3
0422_19_46_55___i666807_IB________________CR_TP1_ID166604_CAM0_TP1_THR700_CN1587584823929697000_TCN-166604___.png,247,123,4
0422_19_49_26___i43043__________SM_______CR_TP1_ID17341_CAM0_TP1_THR747_CN1587584964548240000_TCN-17341___.png,247,60,5
0422_19_49_41___i43195_SG___________________TP1_ID17465_CAM0_TP1_THR866_CN1587584983123767000_TCN-17465___.png,201,12,5
0422_19_54_02___i45810__________SM_______CR_TP1_ID18002_CAM0_TP1_THR707_CN1587585243997379000_TCN-18002___.png,30,218,6
0422_19_54_16___i45949_SG_______SM_______CR_TP1_ID18136_CAM0_TP1_THR980_CN1587585258432828000_TCN-18136___.png,120,182,5
0422_20_04_30___i52086__________SM_______CR_TP1_ID19286_CAM0_TP1_THR999_CN1587585871296941000_TCN-19286___.png,2,41,6
0422_20_04_30___i52091__________SM__________TP1_ID19301_CAM0_TP1_THR948_CN1587585870386228000_TCN-19301___.png,99,14,6
0422_20_28_52___i66709__________SM_______CR_TP1_ID21555_CAM0_TP1_THR892_CN1587587332344556000_TCN-21555___.png,66,43,5
0422_20_35_55___i70945__________SM_______CR_TP1_ID22171_CAM0_TP1_THR986_CN1587587756141595000_TCN-22171___.png,251,22,6
0422_20_44_27___i76061__________SM_______CR_TP1_ID22560_CAM0_TP1_THR889_CN1587588264804010000_TCN-22560___.png,40,249,0
0422_20_45_55___i76943_SB________________CR_TP1_ID22586_CAM0_TP1_THR976_CN1587588357150828000_TCN-22586___.png,223,136,6
0422_20_45_56___i76952_SG_______SM_______CR_TP1_ID22592_CAM0_TP1_THR880_CN1587588357868587000_TCN-22592___.png,64,246,6
0422_20_45_59___i76985___________________CR_TP1_ID22629_CAM0_TP1_THR677_CN-22629_TCN-22629___.png,66,182,6
0422_20_50_03___i79425_SB_______SM_______CR_TP1_ID22667_CAM0_TP1_THR794_CN1587588605303976000_TCN-22667___.png,79,75,3
0422_20_50_09___i79488__________SM__________TP1_ID22711_CAM0_TP1_THR994_CN1587588610055893000_TCN-22711___.png,146,44,3
0422_20_50_32___i79719__________SM_______CR_TP1_ID22834_CAM0_TP1_THR967_CN1587588634305265000_TCN-22834___.png,220,198,6
0422_20_59_37___i85166_SB________________CR_TP1_ID22908_CAM0_TP1_THR747_CN1587589179039840000_TCN-22908___.png,117,145,3
0422_20_59_42___i85216_SB____PC_SM_______CR_TP1_ID22965_CAM0_TP1_THR986_CN1587589184037735000_TCN-22965___.png,227,78,6
0422_22_02_14___i122747_SG________________CR_TP1_ID23167_CAM0_TP1_THR788_CN1587592936121636000_TCN-23167___.png,225,111,0
0423_00_03_44___i195665__________SM_______CR_TP1_ID26991_CAM0_TP1_THR846_CN1587600225990701000_TCN-26991___.png,3,204,6
0423_00_05_48___i196907_SB________________CR_TP1_ID27573_CAM0_TP1_THR772_CN1587600350102161000_TCN-27573___.png,50,51,6
0423_07_09_58___i451472__________SM_______CR_TP1_ID28404_CAM0_TP1_THR985_CN1587625797576944000_TCN-28404___.png,180,248,0
0423_07_35_52___i467020_SB________________CR_TP1_ID28467_CAM0_TP1_THR818_CN1587627354168753000_TCN-28467___.png,239,84,6
0423_07_35_54___i467037__________SM_______CR_TP1_ID28484_CAM0_TP1_THR984_CN1587627354236710000_TCN-28484___.png,151,158,6
0423_07_37_04___i467738__________SM_______CR_TP1_ID28507_CAM0_TP1_THR970_CN1587627425841409000_TCN-28507___.png,51,62,6
0423_07_37_07___i467766_SB_______SM_______CR_TP1_ID28535_CAM0_TP1_THR808_CN1587627428798943000_TCN-28535___.png,77,86,3
0423_07_42_00___i470700__________SM_______CR_TP1_ID28623_CAM0_TP1_THR985_CN1587627721242219000_TCN-28623___.png,173,246,0
0423_07_47_21___i473912_IB________________CR_TP1_ID28657_CAM0_TP1_THR918_CN1587628043236793000_TCN-28657___.png,56,152,6
0423_07_47_24___i473947__________SM_______CR_TP1_ID28692_CAM0_TP1_THR721_CN1587628043236793000_TCN-28692___.png,90,12,0
0423_07_47_29___i473987_IB________________CR_TP1_ID28754_CAM0_TP1_THR965_CN1587628050858983000_TCN-28754___.png,47,210,0
0423_07_47_34___i474040_OT_______SM_______CR_TP1_ID28826_CAM0_TP1_THR750_CN1587628055938952000_TCN-28826_MN.png,40,197,0
0423_07_57_45___i480158_SB________________CR_TP1_ID28867_CAM0_TP1_THR880_CN1587628667682933000_TCN-28867___.png,77,249,6
0423_07_58_03___i480334__________SM_______CR_TP1_ID28960_CAM0_TP1_THR866_CN1587628684737072000_TCN-28960___.png,14,235,6
0423_08_03_34___i483647_IB________________CR_TP1_ID29317_CAM0_TP1_THR971_CN1587629016393661000_TCN-29317___.png,43,150,4
0423_08_03_40___i483700_OT________________CR_TP1_ID29370_CAM0_TP1_THR842_CN1587629016393661000_TCN-29370___.png,133,162,2
0423_08_03_41___i483714_IB________________CR_TP1_ID29377_CAM0_TP1_THR750_CN1587629023192661000_TCN-29377_MN.png,220,220,2
0423_08_03_44___i483743__________SM_______CR_TP1_ID29409_CAM0_TP1_THR987_CN1587629026030648000_TCN-29409___.png,147,181,6
0423_08_04_45___i484353__________SM_______CR_TP1_ID29895_CAM0_TP1_THR750_CN1587629080473120000_TCN-29895_MN.png,96,249,2
0423_08_10_25___i1116149__________SM_______CR_TP1_ID258425_CAM0_TP1_THR940_CN1587629423885616000_TCN-258425___.png,251,130,0
0423_08_12_52___i489222__________SM_______CR_TP1_ID30780_CAM0_TP1_THR750_CN1587629574122675000_TCN-30780_MN.png,29,180,4
0423_08_14_11___i271__________SM_______CR_TP1_ID527_CAM0_TP1_THR985_CN1587629628541150000_TCN-527___.png,252,150,6
0423_08_29_52___i9689__________SM_______CR_TP1_ID2153_CAM0_TP1_THR992_CN1587630593977946000_TCN-2153___.png,138,39,0
0423_08_33_23___i11798__________SM_______CR_TP1_ID2610_CAM0_TP1_THR995_CN1587630804778777000_TCN-2610___.png,137,72,7
0423_08_36_05___i13415_SB________________CR_TP1_ID3370_CAM0_TP1_THR765_CN1587630967057458000_TCN-3370___.png,253,175,6
0423_08_37_13___i14098_SB________________CR_TP1_ID4530_CAM0_TP1_THR788_CN1587631035348156000_TCN-4530___.png,77,199,3
0423_08_37_13___i14100_SB________________CR_TP1_ID4534_CAM0_TP1_THR775_CN1587631035568300000_TCN-4534___.png,2,237,3
0423_08_38_42___i14986__________SM_______CR_TP1_ID4832_CAM0_TP1_THR987_CN1587631120428486000_TCN-4832___.png,76,60,6
0423_08_41_19___i16555_IB_______SM_______CR_TP1_ID5463_CAM0_TP1_THR992_CN1587631280947236000_TCN-5463___.png,79,58,6
0423_08_51_37___i22734__________SM_______CR_TP1_ID6709_CAM0_TP1_THR662_CN1587631898138730000_TCN-6709___.png,57,236,6
0423_08_58_19___i26762_IN_______SM__________TP1_ID7505_CAM0_TP1_THR909_CN1587632301376011000_TCN-7505___.png,139,248,6
0423_09_16_27___i37641_SB________________CR_TP1_ID10799_CAM0_TP1_THR853_CN1587633389146176000_TCN-10799___.png,240,58,1
0423_09_16_51___i37878_IB________________CR_TP1_ID10849_CAM0_TP1_THR880_CN1587633412761513000_TCN-10849___.png,63,203,5
0423_09_19_41___i39587___________________CR_TP1_ID11704_CAM0_TP1_THR686_CN-11704_TCN-11704___.png,212,179,4
0423_09_39_45___i51625__________SM_______CR_TP1_ID16446_CAM0_TP1_THR933_CN1587634786138218000_TCN-16446___.png,42,136,6
0423_10_04_15___i66332__________SM_______CR_TP1_ID19290_CAM0_TP1_THR999_CN1587636255430363000_TCN-19290___.png,248,26,7
0423_10_19_28___i75461_IB________________CR_TP1_ID20163_CAM0_TP1_THR967_CN1587637170085723000_TCN-20163___.png,101,219,7
0423_10_33_45___i84039_SG________________CR_TP1_ID20529_CAM0_TP1_THR795_CN1587638027653592000_TCN-20529___.png,95,82,7
0423_10_33_48___i84063__________SM__________TP1_ID20571_CAM0_TP1_THR972_CN1587638028436648000_TCN-20571___.png,218,58,6
0423_10_38_55___i87137_SB________________CR_TP1_ID20676_CAM0_TP1_THR890_CN1587638337233869000_TCN-20676___.png,11,130,6
0423_10_40_27___i88055__________SM_______CR_TP1_ID20752_CAM0_TP1_THR982_CN1587638428420264000_TCN-20752___.png,177,29,6
0423_10_40_47___i88254_SG________________CR_TP1_ID20800_CAM0_TP1_THR894_CN1587638449114451000_TCN-20800___.png,254,198,3
0423_10_40_48___i88264__________SM_______CR_TP1_ID20820_CAM0_TP1_THR750_CN1587638449219170000_TCN-20820_MN.png,235,166,3
0423_11_12_27___i107260__________SM_______CR_TP1_ID21822_CAM0_TP1_THR906_CN1587640346932259000_TCN-21822___.png,42,143,5
0423_11_15_04___i108830__________SM_______CR_TP1_ID21924_CAM0_TP1_THR975_CN1587640500852995000_TCN-21924___.png,115,15,4
0423_11_23_30___i113892___________________CR_TP1_ID22283_CAM0_TP1_THR695_CN-22283_TCN-22283___.png,59,52,5
0423_11_27_35___i116345__________SM_______CR_TP1_ID22456_CAM0_TP1_THR998_CN1587641255153682000_TCN-22455___.png,218,17,6
0423_11_27_48___i116471______________________TP1_ID22700_CAM0_TP1_THR672_CN-22700_TCN-22700___.png,15,244,6
0423_11_31_46___i118850__________SM__________TP1_ID22875_CAM0_TP1_THR954_CN1587641507179520000_TCN-22875___.png,22,158,7
0423_11_32_04___i119035__________SM_______CR_TP1_ID22911_CAM0_TP1_THR992_CN1587641526225360000_TCN-22911___.png,23,218,6
0423_11_34_25___i120440__________SM_______CR_TP1_ID22992_CAM0_TP1_THR963_CN1587641666150815000_TCN-22992___.png,135,91,6
0423_11_34_26___i120453___________________CR_TP1_ID23007_CAM0_TP1_THR686_CN-23007_TCN-23007___.png,101,38,3
0423_11_36_30___i121695_IB________________CR_TP1_ID23171_CAM0_TP1_THR979_CN1587641792487102000_TCN-23171___.png,81,211,7
0423_11_43_16___i125752___________________CR_TP1_ID23258_CAM0_TP1_THR669_CN-23258_TCN-23258___.png,230,209,6
0423_11_44_44___i126640__________SM_______CR_TP1_ID23441_CAM0_TP1_THR994_CN1587642284125168000_TCN-23441___.png,172,117,6
0423_11_46_33___i42632__________SM_______CR_TP1_ID39085_CAM0_TP1_THR750_CN1587642395129570000_TCN-39085_MN.png,189,224,6
0423_11_50_09___i129891__________SM_______CR_TP1_ID23799_CAM0_TP1_THR824_CN1587642611412707000_TCN-23799___.png,123,243,6
0423_11_59_25___i135446_IB________________CR_TP1_ID24042_CAM0_TP1_THR817_CN1587643166911719000_TCN-24042___.png,171,200,6
0423_12_01_03___i136428_SB________________CR_TP1_ID24083_CAM0_TP1_THR797_CN1587643265208901000_TCN-24083___.png,244,138,5
0423_12_01_51___i136907__________SM_______CR_TP1_ID24381_CAM0_TP1_THR976_CN1587643308083187000_TCN-24381___.png,110,50,6
0423_12_04_01___i138205___________________CR_TP1_ID24650_CAM0_TP1_THR695_CN-24650_TCN-24650___.png,105,181,6
0423_12_07_48___i140480__________SM_______CR_TP1_ID25657_CAM0_TP1_THR931_CN1587643670258997000_TCN-25657___.png,171,193,6
0423_12_18_15___i146748_SB________________CR_TP1_ID26020_CAM0_TP1_THR824_CN1587644296909267000_TCN-26020___.png,114,193,6
0423_12_22_35___i149349_IB________________CR_TP1_ID26413_CAM0_TP1_THR998_CN1587644557304150000_TCN-26413___.png,28,165,6
0423_12_28_36___i152964___________________CR_TP1_ID26561_CAM0_TP1_THR678_CN-26561_TCN-26561___.png,231,237,5
0423_12_28_38___i152981__________SM_______CR_TP1_ID26578_CAM0_TP1_THR992_CN1587644918772997000_TCN-26578___.png,107,219,5
0423_12_36_13___i157534_SG_______SM_______CR_TP1_ID26940_CAM0_TP1_THR752_CN1587645375968732000_TCN-26940___.png,244,32,5
0423_12_38_45___i159051_SB________________CR_TP1_ID27065_CAM0_TP1_THR776_CN1587645526972294000_TCN-27065___.png,131,122,5
0423_12_38_46___i159068___________________CR_TP1_ID27076_CAM0_TP1_THR678_CN-27076_TCN-27076___.png,4,8,5
0423_12_43_05___i161646_SB________________CR_TP1_ID27923_CAM0_TP1_THR940_CN1587645788731402000_TCN-27923___.png,25,11,6
0423_12_43_08___i161675_SG________________CR_TP1_ID27951_CAM0_TP1_THR754_CN1587645791910769000_TCN-27951___.png,110,224,6
0423_12_50_41___i166213__________SM_______CR_TP1_ID28118_CAM0_TP1_THR907_CN1587646242838452000_TCN-28118___.png,199,201,6
0423_12_52_14___i167147__________SM_______CR_TP1_ID28201_CAM0_TP1_THR941_CN1587646335483990000_TCN-28201___.png,130,105,7
0423_12_56_51___i169917__________SM_______CR_TP1_ID28624_CAM0_TP1_THR998_CN1587646608915447000_TCN-28624___.png,63,55,6
0423_12_57_12___i170133_IN____PC_SM_______CR_TP1_ID28695_CAM0_TP1_THR869_CN1587646635186295000_TCN-28695___.png,211,204,4
0423_12_59_42___i171630_SG____PC_SM__________TP1_ID28942_CAM0_TP1_THR981_CN1587646786021701000_TCN-28942___.png,197,49,7
0423_13_00_50___i172309__________SM_______CR_TP1_ID29002_CAM0_TP1_THR993_CN1587646850537685000_TCN-29002___.png,109,241,6
0423_13_06_03___i175438_IB________________CR_TP1_ID29211_CAM0_TP1_THR970_CN1587647165406650000_TCN-29211___.png,119,197,6
0423_13_06_05___i175460__________SM_______CR_TP1_ID29233_CAM0_TP1_THR902_CN1587647166544736000_TCN-29233___.png,84,36,6
0423_13_06_07___i175482__________SM_______CR_TP1_ID29253_CAM0_TP1_THR860_CN1587647166544736000_TCN-29253___.png,226,225,6
0423_13_16_33___i181738__________SM_______CR_TP1_ID29319_CAM0_TP1_THR968_CN1587647794892545000_TCN-29319___.png,50,9,6
0423_13_21_59___i185002___________________CR_TP1_ID29359_CAM0_TP1_THR681_CN-29359_TCN-29359___.png,1,226,3
0423_13_22_02___i185032___________________CR_TP1_ID29388_CAM0_TP1_THR676_CN-29388_TCN-29388___.png,195,205,3
0423_13_22_05___i185060__________SM_______CR_TP1_ID29417_CAM0_TP1_THR942_CN1587648125790459000_TCN-29417___.png,70,39,3
0423_13_22_07___i185079__________SM_______CR_TP1_ID29430_CAM0_TP1_THR785_CN1587648129775806000_TCN-29430___.png,76,182,3
0423_13_41_19___i196604_IN________________CR_TP1_ID29516_CAM0_TP1_THR962_CN1587649281786556000_TCN-29516___.png,116,44,3
0423_13_51_58___i1352869_IB________________CR_TP1_ID382570_CAM0_TP1_THR962_CN1587649921270073000_TCN-382570___.png,167,249,6
0423_13_52_22___i1353110__________SM_______CR_TP1_ID382918_CAM0_TP1_THR750_CN1587649935420408000_TCN-382918_MN.png,13,248,6
0423_13_58_36___i206980__________SM_______CR_TP1_ID29723_CAM0_TP1_THR801_CN1587650318123275000_TCN-29723___.png,86,228,6
0423_14_02_06___i1360779_SB________________CR_TP1_ID388550_CAM0_TP1_THR849_CN1587650529664613000_TCN-388550___.png,198,11,6
0423_14_05_01___i210830__________SM_______CR_TP1_ID29866_CAM0_TP1_THR998_CN1587650703528226000_TCN-29866___.png,146,77,6
0423_14_05_26___i211083__________SM_______CR_TP1_ID29956_CAM0_TP1_THR679_CN1587650729310205000_TCN-29956___.png,110,233,6
0423_14_05_27___i211086_SG________________CR_TP1_ID29962_CAM0_TP1_THR732_CN1587650730012909000_TCN-29962___.png,152,252,6
0423_14_05_31___i211123___________________CR_TP1_ID30074_CAM0_TP1_THR671_CN-30074_TCN-30074___.png,143,187,6
0423_14_08_35___i212966__________SM_______CR_TP1_ID30490_CAM0_TP1_THR975_CN1587650912467157000_TCN-30490___.png,56,18,6
0423_14_09_59___i213800______________________TP1_ID31002_CAM0_TP1_THR688_CN-31002_TCN-31002___.png,50,129,4
0423_14_10_10___i213891___________________CR_TP1_ID31124_CAM0_TP1_THR664_CN-31124_TCN-31124___.png,46,199,4
0423_14_10_12___i213906___________________CR_TP1_ID31138_CAM0_TP1_THR662_CN-31138_TCN-31138___.png,47,167,3
0423_14_10_26___i214039___________________CR_TP1_ID31209_CAM0_TP1_THR690_CN-31209_TCN-31209___.png,45,146,7
0423_14_11_00___i214405__________SM_______CR_TP1_ID31353_CAM0_TP1_THR979_CN1587651062838244000_TCN-31353___.png,17,230,7
0423_14_11_12___i214516_SG_______SM_______CR_TP1_ID31430_CAM0_TP1_THR966_CN1587651075828992000_TCN-31430___.png,209,8,6
0423_14_11_31___i214695__________SM_______CR_TP1_ID31569_CAM0_TP1_THR996_CN1587651093703135000_TCN-31569___.png,1,107,6
0423_14_15_16___i216905______________________TP1_ID32494_CAM0_TP1_THR684_CN-32494_TCN-32494___.png,55,134,6
0423_14_21_23___i220583__________SM_______CR_TP1_ID33219_CAM0_TP1_THR996_CN1587651683113132000_TCN-33219___.png,68,84,6
0423_14_22_04___i220986_SG________________CR_TP1_ID33311_CAM0_TP1_THR714_CN1587651727516716000_TCN-33311___.png,10,210,5
0423_14_23_22___i221770__________SM_______CR_TP1_ID33505_CAM0_TP1_THR959_CN1587651797854402000_TCN-33505___.png,118,10,5
0423_14_27_54___i224485_SG_______SM_______CR_TP1_ID34125_CAM0_TP1_THR823_CN1587652077358944000_TCN-34125___.png,253,10,5
0423_14_36_57___i229922__________SM_______CR_TP1_ID35566_CAM0_TP1_THR984_CN1587652614080820000_TCN-35566___.png,32,238,3
0423_14_38_11___i166656__________SM_______CR_TP1_ID108270_CAM0_TP1_THR747_CN1587652696184625000_TCN-108270___.png,46,121,7
0423_14_39_23___i231277__________SM_______CR_TP1_ID36138_CAM0_TP1_THR989_CN1587652765683713000_TCN-36138___.png,195,200,5
0423_14_39_30___i231331_SG________________CR_TP1_ID36172_CAM0_TP1_THR765_CN1587652773659383000_TCN-36172___.png,130,47,5
0423_14_43_49___i233935_SG________________CR_TP1_ID36575_CAM0_TP1_THR894_CN1587653032544405000_TCN-36575___.png,167,40,6
0423_14_46_27___i235498_SG________________CR_TP1_ID36823_CAM0_TP1_THR797_CN1587653190732860000_TCN-36823___.png,139,235,3
0423_14_49_38___i237417_IB_______SM_______CR_TP1_ID36924_CAM0_TP1_THR729_CN1587653381285467000_TCN-36924___.png,129,242,4
0423_14_51_46___i238704__________SM_______CR_TP1_ID37109_CAM0_TP1_THR750_CN1587653508581629000_TCN-37109_MN.png,111,19,6
0423_14_52_18___i239006___________________CR_TP1_ID37298_CAM0_TP1_THR680_CN-37298_TCN-37298___.png,33,237,5
0423_14_54_04___i240076_SB________________CR_TP1_ID37538_CAM0_TP1_THR786_CN1587653647651415000_TCN-37538___.png,1,113,5
0423_14_54_09___i240126___________________CR_TP1_ID37550_CAM0_TP1_THR663_CN-37550_TCN-37550___.png,45,202,5
0423_15_01_13___i1408593__________SM_______CR_TP1_ID420806_CAM0_TP1_THR984_CN1587654074936925000_TCN-420806___.png,174,214,6
0423_15_23_27___i257674_OT_______SM_______CR_TP1_ID40725_CAM0_TP1_THR904_CN1587655405902330000_TCN-40725___.png,72,130,6
0423_15_28_34___i260745___________________CR_TP1_ID41073_CAM0_TP1_THR694_CN-41073_TCN-41073___.png,226,4,5
0423_15_41_36___i268576_SB_______SM_______CR_TP1_ID42676_CAM0_TP1_THR841_CN1587656500003633000_TCN-42676___.png,108,43,6
0423_15_46_26___i271439__________SM_______CR_TP1_ID43255_CAM0_TP1_THR974_CN1587656787909301000_TCN-43255___.png,137,45,4
0423_15_49_05___i273021__________SM_______CR_TP1_ID43632_CAM0_TP1_THR786_CN1587656948390120000_TCN-43632___.png,127,16,5
0423_15_52_39___i275152__________SM_______CR_TP1_ID44016_CAM0_TP1_THR999_CN1587657160168373000_TCN-44016___.png,109,225,6
0423_15_56_42___i277598_SB________________CR_TP1_ID44895_CAM0_TP1_THR884_CN1587657405386578000_TCN-44895___.png,241,17,6
0423_15_59_25___i279197__________SM_______CR_TP1_ID45294_CAM0_TP1_THR750_CN1587657566136504000_TCN-45294_MN.png,24,47,6
0423_16_03_55___i281888_SB________________CR_TP1_ID46508_CAM0_TP1_THR855_CN1587657838620307000_TCN-46508___.png,236,6,5
0423_16_05_16___i282710___________________CR_TP1_ID46868_CAM0_TP1_THR684_CN-46868_TCN-46868___.png,127,61,5
0423_16_07_42___i284067__________SM_______CR_TP1_ID47710_CAM0_TP1_THR999_CN1587658064540409000_TCN-47710___.png,48,105,0
0423_16_07_45___i284088__________SM_______CR_TP1_ID47736_CAM0_TP1_THR972_CN1587658064540409000_TCN-47736___.png,188,99,0
0423_16_08_47___i284711_SG________________CR_TP1_ID47950_CAM0_TP1_THR721_CN1587658131026392000_TCN-47950___.png,79,28,6
0423_16_22_16___i292684_SG________________CR_TP1_ID50457_CAM0_TP1_THR981_CN1587658939836189000_TCN-50457___.png,183,183,5
0423_16_23_57___i293671___________________CR_TP1_ID51048_CAM0_TP1_THR691_CN-51048_TCN-51048___.png,142,43,6
0423_16_28_50___i296604_SB________________CR_TP1_ID52521_CAM0_TP1_THR826_CN1587659334354142000_TCN-52521___.png,222,241,6
0423_16_33_35___i299449_OT________________CR_TP1_ID53697_CAM0_TP1_THR950_CN1587659618503117000_TCN-53697___.png,81,40,3
0423_16_39_21___i302792_IN________________CR_TP1_ID54756_CAM0_TP1_THR771_CN1587659965294799000_TCN-54756___.png,84,130,2
0423_16_50_33___i309516_SG_______SM_______CR_TP1_ID56778_CAM0_TP1_THR996_CN1587660637522512000_TCN-56778___.png,146,34,6
0423_16_57_11___i313259_SG________________CR_TP1_ID58965_CAM0_TP1_THR736_CN1587661035190278000_TCN-58965___.png,115,162,5
0423_17_00_54___i315484_______PC_SM_______CR_TP1_ID59853_CAM0_TP1_THR945_CN1587661253643164000_TCN-59853___.png,155,13,0
0423_17_02_10___i316181_OT________________CR_TP1_ID60102_CAM0_TP1_THR910_CN1587661329512710000_TCN-60102___.png,162,234,3
0423_17_05_40___i318245__________SM_______CR_TP1_ID60854_CAM0_TP1_THR999_CN1587661543499791000_TCN-60854___.png,39,64,0
0423_17_12_20___i220819__________SM_______CR_TP1_ID163449_CAM0_TP1_THR750_CN1587661937466737000_TCN-163449_MN.png,25,177,3
0423_17_12_30___i220853__________SM_______CR_TP1_ID163479_CAM0_TP1_THR750_CN1587661955467260000_TCN-163479_MN.png,35,183,3
0423_17_43_27___i338920_SG________________CR_TP1_ID70711_CAM0_TP1_THR950_CN1587663811593904000_TCN-70711___.png,66,219,6
0423_17_55_50___i346256__________SM_______CR_TP1_ID71765_CAM0_TP1_THR996_CN1587664553512807000_TCN-71765___.png,136,182,6
0423_17_58_26___i347753__________SM_______CR_TP1_ID72047_CAM0_TP1_THR990_CN1587664708283294000_TCN-72047___.png,227,196,6
0423_17_58_33___i347790__________SM_______CR_TP1_ID72129_CAM0_TP1_THR909_CN1587664716889180000_TCN-72129___.png,15,24,6
0423_18_22_44___i361923_IB________________CR_TP1_ID74081_CAM0_TP1_THR865_CN1587666169011506000_TCN-74081___.png,242,216,4
0423_18_25_10___i363247_SB________________CR_TP1_ID74504_CAM0_TP1_THR841_CN1587666314854079000_TCN-74504___.png,81,148,2
0423_18_25_59___i363585__________SM_______CR_TP1_ID74814_CAM0_TP1_THR989_CN1587666360821894000_TCN-74814___.png,5,242,7
0423_18_27_49___i364578_SB________________CR_TP1_ID75176_CAM0_TP1_THR829_CN1587666473957488000_TCN-75176___.png,27,241,6
0423_18_48_56___i377231__________SM_______CR_TP1_ID76621_CAM0_TP1_THR797_CN1587667739126415000_TCN-76621___.png,136,31,6
0423_18_48_57___i377239_SG____PC_SM_______CR_TP1_ID76630_CAM0_TP1_THR996_CN1587667742153713000_TCN-76630___.png,147,220,6
0423_18_49_28___i377530_SB________________CR_TP1_ID76729_CAM0_TP1_THR883_CN1587667772714340000_TCN-76729___.png,47,235,6
0423_18_59_46___i383674_SG________________CR_TP1_ID78024_CAM0_TP1_THR889_CN1587668391367575000_TCN-78024___.png,146,6,3
0423_18_59_48___i383686__________SM_______CR_TP1_ID78048_CAM0_TP1_THR908_CN1587668388554097000_TCN-78048___.png,96,45,6
0423_19_05_48___i387306__________SM_______CR_TP1_ID78420_CAM0_TP1_THR939_CN1587668751789029000_TCN-78420___.png,86,20,3
0423_19_15_01___i392786__________SM__________TP1_ID79211_CAM0_TP1_THR792_CN1587669303853391000_TCN-79211___.png,91,233,3
0423_19_22_04___i396961__________SM_______CR_TP1_ID79780_CAM0_TP1_THR996_CN1587669722842633000_TCN-79780___.png,173,62,0
0423_21_11_04___i462389___________________CR_TP1_ID83274_CAM0_TP1_THR683_CN-83274_TCN-83274___.png,124,78,3
0424_07_46_44___i843859__________SM_______CR_TP1_ID83838_CAM0_TP1_THR997_CN1587714407528480000_TCN-83838___.png,164,149,3
0424_07_48_22___i384987__________SM_______CR_TP1_ID251917_CAM0_TP1_THR869_CN1587714498462691000_TCN-251917___.png,73,227,3
0424_07_48_30___i385044__________SM_______CR_TP1_ID251975_CAM0_TP1_THR759_CN1587714511618268000_TCN-251975___.png,31,162,3
0424_07_59_59___i851827__________SM_______CR_TP1_ID83987_CAM0_TP1_THR998_CN1587715201078476000_TCN-83987___.png,81,129,6
0424_08_01_25___i852685_IB________________CR_TP1_ID84014_CAM0_TP1_THR951_CN1587715288284039000_TCN-84014___.png,52,197,4
0424_08_04_13___i854367__________SM_______CR_TP1_ID84152_CAM0_TP1_THR995_CN1587715454625600000_TCN-84152___.png,203,51,2
0424_08_05_14___i854762__________SM_______CR_TP1_ID84549_CAM0_TP1_THR750_CN1587715518485410000_TCN-84549_MN.png,19,163,4
0424_08_05_28___i854844__________SM_______CR_TP1_ID84638_CAM0_TP1_THR906_CN1587715531367386000_TCN-84638___.png,204,55,6
0424_08_06_50___i855674_IB________________CR_TP1_ID84747_CAM0_TP1_THR914_CN1587715613950035000_TCN-84747___.png,122,17,3
0424_08_06_56___i855713__________SM_______CR_TP1_ID84786_CAM0_TP1_THR932_CN1587715613950035000_TCN-84786___.png,80,35,3
0424_08_42_27___i876302__________SM_______CR_TP1_ID87015_CAM0_TP1_THR995_CN1587717749904964000_TCN-87015___.png,104,122,6
0424_09_07_14___i889411_SB___________________TP1_ID90985_CAM0_TP1_THR701_CN1587719240001435000_TCN-90985___.png,103,234,3
0424_09_07_15___i889416_IB_______SM__________TP1_ID90996_CAM0_TP1_THR999_CN1587719241142993000_TCN-90996___.png,112,119,3
0424_09_07_20___i889438__________SM_______CR_TP1_ID91058_CAM0_TP1_THR750_CN1587719243518574000_TCN-91058_MN.png,116,57,3
0424_09_10_13___i890477__________SM_______CR_TP1_ID92276_CAM0_TP1_THR828_CN1587719417810354000_TCN-92276___.png,97,12,4
0424_09_14_53___i892389__________SM_______CR_TP1_ID93814_CAM0_TP1_THR997_CN1587719698641517000_TCN-93814___.png,89,84,6
0424_09_16_59___i893172_SB_______SM_______CR_TP1_ID94493_CAM0_TP1_THR712_CN1587719825361516000_TCN-94493___.png,34,217,0
0424_09_45_17___i908272_SB________________CR_TP1_ID97527_CAM0_TP1_THR868_CN1587721520772935000_TCN-97527___.png,120,233,5
0424_09_53_41___i912057__________SM_______CR_TP1_ID99161_CAM0_TP1_THR720_CN1587722024062717000_TCN-99161___.png,189,160,5
0424_10_11_41___i918796___________________CR_TP1_ID104426_CAM0_TP1_THR666_CN-104426_TCN-104426___.png,129,81,5
0424_10_19_23___i921814__________SM_______CR_TP1_ID106488_CAM0_TP1_THR739_CN1587723563468779000_TCN-106488___.png,13,237,5
0424_10_21_02___i922362__________SM_______CR_TP1_ID107054_CAM0_TP1_THR865_CN1587723664657842000_TCN-107054___.png,65,135,4
0424_10_21_08___i922393_OT_______SM_______CR_TP1_ID107082_CAM0_TP1_THR750_CN1587723672693732000_TCN-107082_MN.png,45,142,4
0424_10_30_33___i927483__________SM_______CR_TP1_ID107995_CAM0_TP1_THR750_CN1587724238244813000_TCN-107995_MN.png,107,170,7
0424_10_32_32___i928589_SB________________CR_TP1_ID108089_CAM0_TP1_THR734_CN1587724356032365000_TCN-108089___.png,80,121,5
0424_10_34_52___i929836_OT________________CR_TP1_ID108309_CAM0_TP1_THR833_CN1587724497231580000_TCN-108309___.png,75,170,7
0424_10_39_14___i932044_OT________________CR_TP1_ID108832_CAM0_TP1_THR866_CN1587724759944497000_TCN-108832___.png,0,217,5
0424_10_41_48___i2384956__________SM_______CR_TP1_ID503097_CAM0_TP1_THR920_CN1587724905064316000_TCN-503097___.png,144,159,6
0424_10_46_19___i2388550___________________CR_TP1_ID504210_CAM0_TP1_THR503_CN-504210_TCN-504210___.png,35,214,6
0424_10_46_21___i936138__________SM_______CR_TP1_ID109086_CAM0_TP1_THR750_CN1587725184810052000_TCN-109086_MN.png,81,142,5
0424_10_48_54___i937458_OT________________CR_TP1_ID109499_CAM0_TP1_THR750_CN1587725333811386000_TCN-109499_MN.png,250,77,7
0424_10_58_52___i2397271_SB________________CR_TP1_ID511020_CAM0_TP1_THR855_CN1587725935567115000_TCN-511020___.png,68,251,6
0424_11_12_23___i2407856_______PC_SM_______CR_TP1_ID518105_CAM0_TP1_THR988_CN1587726745054368000_TCN-518105___.png,207,225,6
0424_11_12_33___i2407937__________SM_______CR_TP1_ID518267_CAM0_TP1_THR939_CN1587726752173864000_TCN-518267___.png,97,231,6
0424_11_13_20___i2408484__________SM_______CR_TP1_ID518691_CAM0_TP1_THR984_CN1587726799221910000_TCN-518691___.png,137,173,6
0424_11_15_59___i2410620___________________CR_TP1_ID519912_CAM0_TP1_THR599_CN-519912_TCN-519912___.png,200,224,7
0424_11_16_18___i2410825__________SM_______CR_TP1_ID520129_CAM0_TP1_THR750_CN1587726978402304000_TCN-520129_MN.png,205,209,6
0424_11_39_49___i2430194__________SM_______CR_TP1_ID533587_CAM0_TP1_THR695_CN1587728389895732000_TCN-533587___.png,83,205,6
0424_11_44_53___i967327__________SM_______CR_TP1_ID113776_CAM0_TP1_THR750_CN1587728698864656000_TCN-113776_MN.png,188,241,7
0424_11_45_03___i967371__________SM_______CR_TP1_ID113820_CAM0_TP1_THR946_CN1587728708361650000_TCN-113820___.png,174,42,7
0424_11_45_52___i2435018__________SM_______CR_TP1_ID537333_CAM0_TP1_THR612_CN1587728752504410000_TCN-537333___.png,144,175,6
0424_11_59_53___i475213__________SM_______CR_TP1_ID378629_CAM0_TP1_THR750_CN1587729604954464000_TCN-378629_MN.png,250,139,7
0424_12_03_08___i2449103__________SM_______CR_TP1_ID547404_CAM0_TP1_THR984_CN1587729790769538000_TCN-547404___.png,112,173,6
0424_12_03_48___i2449572__________SM_______CR_TP1_ID547795_CAM0_TP1_THR750_CN1587729831525031000_TCN-547795_MN.png,184,72,6
0424_12_03_49___i2449579__________SM_______CR_TP1_ID547803_CAM0_TP1_THR750_CN1587729831525031000_TCN-547803_MN.png,215,219,6
0424_12_07_35___i2452566__________SM_______CR_TP1_ID549902_CAM0_TP1_THR963_CN1587730057482162000_TCN-549902___.png,245,4,6
0424_12_07_39___i2452601__________SM_______CR_TP1_ID549962_CAM0_TP1_THR750_CN1587730061978943000_TCN-549962_MN.png,76,243,6
0424_12_08_12___i2452850_OT_______SM__________TP1_ID550424_CAM0_TP1_THR783_CN1587730094025233000_TCN-550424___.png,25,230,6
0424_12_34_46___i2474764_IB________________CR_TP1_ID563706_CAM0_TP1_THR750_CN1587731689980875000_TCN-563706_MN.png,184,14,6
0424_12_49_33___i2486841__________SM_______CR_TP1_ID571215_CAM0_TP1_THR750_CN1587732572977146000_TCN-571215_MN.png,104,11,6
0424_12_49_42___i2486917_OT________________CR_TP1_ID571368_CAM0_TP1_THR749_CN1587732585285376000_TCN-571368___.png,181,234,1
0424_12_53_05___i1002754__________SM_______CR_TP1_ID119492_CAM0_TP1_THR972_CN1587732784371493000_TCN-119492___.png,244,64,6
0424_12_58_35___i2494088__________SM_______CR_TP1_ID576458_CAM0_TP1_THR750_CN1587733118185887000_TCN-576458_MN.png,0,132,4
0424_12_58_36___i2494097__________SM_______CR_TP1_ID576474_CAM0_TP1_THR750_CN1587733118185887000_TCN-576474_MN.png,72,181,2
0424_12_58_44___i2494152_SB________________CR_TP1_ID576596_CAM0_TP1_THR863_CN1587733127678523000_TCN-576596___.png,107,31,4
0424_13_00_04___i1006845__________SM_______CR_TP1_ID119855_CAM0_TP1_THR920_CN1587733208365154000_TCN-119855___.png,234,198,6
0424_13_00_05___i1006857___________________CR_TP1_ID119866_CAM0_TP1_THR662_CN-119866_TCN-119866___.png,14,199,6
0424_13_05_42___i1009826__________SM_______CR_TP1_ID120332_CAM0_TP1_THR997_CN1587733546576052000_TCN-120332___.png,21,153,4
0424_13_26_44___i2517209_IB________________CR_TP1_ID591779_CAM0_TP1_THR750_CN1587734807207372000_TCN-591779_MN.png,98,216,6
0424_13_26_47___i2517233__________SM_______CR_TP1_ID591821_CAM0_TP1_THR890_CN1587734807207372000_TCN-591821___.png,4,240,6
0424_13_27_07___i1022239__________SM_______CR_TP1_ID121338_CAM0_TP1_THR728_CN1587734820495122000_TCN-121338___.png,243,231,4
0424_13_27_20___i2517553__________SM_______CR_TP1_ID592158_CAM0_TP1_THR990_CN1587734842374170000_TCN-592158___.png,170,217,6
0424_13_47_29___i2533521___________________CR_TP1_ID602246_CAM0_TP1_THR577_CN-602246_TCN-602246___.png,144,235,6
0424_13_55_16___i2539814_OT________________CR_TP1_ID606272_CAM0_TP1_THR981_CN1587736518398665000_TCN-606272___.png,129,169,6
0424_13_56_38___i2540904__________SM_______CR_TP1_ID606954_CAM0_TP1_THR737_CN1587736601045481000_TCN-606954___.png,84,159,6
0424_13_56_44___i2540949_SG________________CR_TP1_ID607026_CAM0_TP1_THR789_CN1587736607635709000_TCN-607026___.png,133,1,6
0424_13_58_47___i544543__________SM_______CR_TP1_ID403152_CAM0_TP1_THR735_CN1587736739677890000_TCN-403152___.png,65,132,7
0424_14_23_38___i2562969__________SM_______CR_TP1_ID621333_CAM0_TP1_THR566_CN1587738211746479000_TCN-621333___.png,156,195,6
0424_14_23_44___i2563015___________________CR_TP1_ID621392_CAM0_TP1_THR521_CN-621392_TCN-621392___.png,66,171,1
0424_14_23_44___i2563021__________SM_______CR_TP1_ID621399_CAM0_TP1_THR750_CN1587738227828909000_TCN-621399_MN.png,245,146,1
0424_14_24_52___i2563809_SB________________CR_TP1_ID621919_CAM0_TP1_THR713_CN1587738295801542000_TCN-621919___.png,165,167,0
0424_14_25_19___i2564102__________SM_______CR_TP1_ID622150_CAM0_TP1_THR874_CN1587738317172536000_TCN-622150___.png,67,29,3
0424_14_25_53___i2564471___________________CR_TP1_ID622421_CAM0_TP1_THR541_CN-622421_TCN-622421___.png,41,180,7
0424_14_26_28___i2564914__________SM_______CR_TP1_ID622501_CAM0_TP1_THR750_CN1587738391757093000_TCN-622501_MN.png,238,46,0
0424_14_26_45___i2565076___________________CR_TP1_ID622570_CAM0_TP1_THR696_CN-622570_TCN-622570___.png,90,3,0
0424_14_26_47___i2565094__________SM_______CR_TP1_ID622589_CAM0_TP1_THR873_CN1587738408683488000_TCN-622589___.png,30,227,0
0424_14_32_06___i1055917__________SM_______CR_TP1_ID128090_CAM0_TP1_THR988_CN1587738733793409000_TCN-128090___.png,27,90,6
0424_14_38_07___i1058478_SG________________CR_TP1_ID129102_CAM0_TP1_THR989_CN1587739094104426000_TCN-129102___.png,53,5,5
0424_15_20_50___i2609515___________________CR_TP1_ID623712_CAM0_TP1_THR671_CN-623705_TCN-623712___.png,163,0,6
0424_15_47_44___i1096288_OT_______SM_______CR_TP1_ID134533_CAM0_TP1_THR899_CN1587743253634945000_TCN-134533___.png,218,224,6
0424_16_04_31___i1105041__________SM_______CR_TP1_ID135787_CAM0_TP1_THR709_CN1587744276890735000_TCN-135787___.png,44,139,4
0424_16_16_59___i1110903__________SM_______CR_TP1_ID137660_CAM0_TP1_THR946_CN1587745018981225000_TCN-137660___.png,2,229,6
0424_16_28_13___i1116974___________________CR_TP1_ID138865_CAM0_TP1_THR683_CN-138865_TCN-138865___.png,211,230,6
0424_16_36_31___i2671420__________SM_______CR_TP1_ID668268_CAM0_TP1_THR661_CN1587746194651517000_TCN-668268___.png,5,51,6
0424_16_37_40___i2672246___________________CR_TP1_ID669070_CAM0_TP1_THR690_CN-669070_TCN-669070___.png,14,236,6
0424_16_51_36___i1129558__________SM_______CR_TP1_ID141604_CAM0_TP1_THR750_CN1587747102664122000_TCN-141604_MN.png,91,180,1
0424_16_58_11___i2689114__________SM_______CR_TP1_ID682445_CAM0_TP1_THR750_CN1587747493634176000_TCN-682445_MN.png,32,13,6
0424_17_22_03___i1145640_SB________________CR_TP1_ID144438_CAM0_TP1_THR760_CN1587748928467078000_TCN-144438___.png,20,189,6
0424_17_22_18___i1145775__________SM_______CR_TP1_ID144503_CAM0_TP1_THR999_CN1587748939759124000_TCN-144503___.png,225,42,6
0424_17_27_19___i1148531_SB________________CR_TP1_ID144973_CAM0_TP1_THR899_CN1587749243798067000_TCN-144973___.png,112,193,5
0424_18_27_12___i1182508_IB________________CR_TP1_ID148901_CAM0_TP1_THR913_CN1587752840357836000_TCN-148901___.png,141,232,3
0424_18_28_39___i1183106_SG________________CR_TP1_ID149302_CAM0_TP1_THR989_CN1587752926121819000_TCN-149302___.png,78,30,0
0424_18_42_01___i1191009_SB________________CR_TP1_ID149577_CAM0_TP1_THR742_CN1587753727390108000_TCN-149577___.png,78,168,4
0424_18_58_46___i1200318_IB________________CR_TP1_ID150267_CAM0_TP1_THR969_CN1587754731450843000_TCN-150267___.png,93,140,6
0424_18_58_54___i1200357__________SM_______CR_TP1_ID150324_CAM0_TP1_THR794_CN1587754739049235000_TCN-150324___.png,240,9,6
0424_19_08_38___i662047__________SM_______CR_TP1_ID490343_CAM0_TP1_THR979_CN1587755312418005000_TCN-490343___.png,38,133,3
0424_19_41_10___i1225460__________SM_______CR_TP1_ID150557_CAM0_TP1_THR832_CN1587757275199844000_TCN-150557___.png,104,210,3
0424_19_56_19___i1234367_IB________________CR_TP1_ID150764_CAM0_TP1_THR920_CN1587758185658430000_TCN-150764___.png,190,176,3
0424_20_08_25___i1241467_SB________________CR_TP1_ID151013_CAM0_TP1_THR747_CN1587758910497732000_TCN-151013___.png,57,57,3
0424_21_01_42___i1273078__________SM__________TP1_ID151474_CAM0_TP1_THR995_CN1587762090794593000_TCN-151472___.png,29,167,6
0425770__0717__10_24_33_P1____END.png,111,169,6
0425_06_42_57___i1621724__________SM_______CR_TP1_ID152116_CAM0_TP1_THR999_CN1587796982138545000_TCN-152116___.png,211,22,6
0425_08_23_35___i1682027_OT_______SM_______CR_TP1_ID152349_CAM0_TP1_THR875_CN1587803016130804000_TCN-152349___.png,129,47,3
0425_09_46_48___i1159947_SB_______SM_______CR_TP1_ID559690_CAM0_TP1_THR756_CN1587808032262249000_TCN-559690___.png,4,178,7
0426496__0721__21_20_31_PC_______.png,221,96,6
0427_14_13_34___i2830045__________SM_______CR_TP1_ID916552_CAM0_TP1_THR744_CN1587996748219819000_TCN-916552___.png,255,109,7
0428_09_24_21___i426936_SB________________CR_TP1_ID34214_CAM0_TP1_THR925_CN1588065863311878000_TCN-34214___.png,153,213,6
0428_09_24_48___i427218__________SM_______CR_TP1_ID34518_CAM0_TP1_THR980_CN1588065889458009000_TCN-34518___.png,196,219,6
0428_09_27_32___i429016__________SM_______CR_TP1_ID34978_CAM0_TP1_THR993_CN1588066053238020000_TCN-34978___.png,36,251,4
0428_10_02_09___i452618_IN_______SM__________TP1_ID35893_CAM0_TP1_THR896_CN1588068131803732000_TCN-35893___.png,188,178,6
0428_10_27_50___i470088_SB________________CR_TP1_ID37151_CAM0_TP1_THR940_CN1588069672726455000_TCN-37151___.png,61,154,6
0428_10_34_18___i474393_SB________________CR_TP1_ID38554_CAM0_TP1_THR899_CN1588070060698797000_TCN-38554___.png,49,146,6
0428_10_50_48___i485567_SG________________CR_TP1_ID40597_CAM0_TP1_THR892_CN1588071050393809000_TCN-40597___.png,105,166,6
0428_11_10_19___i498910__________SM_______CR_TP1_ID41014_CAM0_TP1_THR943_CN1588072220997281000_TCN-41014___.png,122,179,6
0428_11_25_44___i509240_OT________________CR_TP1_ID44111_CAM0_TP1_THR884_CN1588073143304604000_TCN-44111___.png,180,26,6
0428_11_26_11___i509521_SB________________CR_TP1_ID44429_CAM0_TP1_THR975_CN1588073173316387000_TCN-44429___.png,209,4,6
0428_11_27_30___i510259_IN________________CR_TP1_ID45661_CAM0_TP1_THR976_CN1588073253025475000_TCN-45661___.png,183,201,6
0428_11_28_17___i510700_IB________________CR_TP1_ID46362_CAM0_TP1_THR931_CN1588073299824221000_TCN-46362___.png,201,240,6
0428_11_28_18___i510711__________SM__________TP1_ID46385_CAM0_TP1_THR952_CN1588073299824221000_TCN-46385___.png,233,224,6
0428_11_28_25___i510772_IB________________CR_TP1_ID46593_CAM0_TP1_THR882_CN1588073308686981000_TCN-46593___.png,199,226,6
0428_11_29_04___i511114__________SM_______CR_TP1_ID47526_CAM0_TP1_THR967_CN1588073346617194000_TCN-47526___.png,160,254,6
0428_11_36_13___i515482__________SM__________TP1_ID54016_CAM0_TP1_THR911_CN1588073774997334000_TCN-54016___.png,187,164,6
0428_11_40_56___i518300_IB________________CR_TP1_ID57452_CAM0_TP1_THR941_CN1588074058816806000_TCN-57452___.png,255,230,6
0428_12_06_54___i534546_SB________________CR_TP1_ID70527_CAM0_TP1_THR897_CN1588075616950528000_TCN-70527___.png,59,163,4
0428_12_13_45___i539044__________SM_______CR_TP1_ID73036_CAM0_TP1_THR983_CN1588076028229183000_TCN-73036___.png,113,58,1
0428_12_31_12___i550149_SG________________CR_TP1_ID81321_CAM0_TP1_THR948_CN1588077074961900000_TCN-81321___.png,136,194,6
0428_12_31_12___i550150_SG________________CR_TP1_ID81322_CAM0_TP1_THR891_CN1588077074964173000_TCN-81322___.png,133,179,6
0428_12_36_19___i553195_OT_______SM_______CR_TP1_ID85461_CAM0_TP1_THR912_CN1588077383180011000_TCN-85461___.png,118,167,6
0428_12_36_22___i553219__________SM_______CR_TP1_ID85511_CAM0_TP1_THR994_CN1588077386232206000_TCN-85511___.png,142,9,6
0428_12_37_37___i553921__________SM_______CR_TP1_ID86649_CAM0_TP1_THR985_CN1588077460111560000_TCN-86649___.png,140,190,6
0428_12_42_33___i557008__________SM_______CR_TP1_ID90163_CAM0_TP1_THR998_CN1588077755311768000_TCN-90163___.png,207,207,6
0428_12_42_38___i557052_IN________________CR_TP1_ID90281_CAM0_TP1_THR922_CN1588077762211508000_TCN-90281___.png,235,178,6
0428_12_54_38___i564824_OT________________CR_TP1_ID98729_CAM0_TP1_THR892_CN1588078472206980000_TCN-98729___.png,150,59,6
0428_12_54_51___i564940_OT_______SM_______CR_TP1_ID98910_CAM0_TP1_THR916_CN1588078493234180000_TCN-98910___.png,177,222,6
0428_13_11_08___i575817_OT________________CR_TP1_ID107921_CAM0_TP1_THR901_CN1588079470833885000_TCN-107921___.png,109,252,6
0428_13_13_28___i577394_SG________________CR_TP1_ID109658_CAM0_TP1_THR919_CN1588079610917294000_TCN-109658___.png,144,177,6
0428_13_16_48___i579504_SG________________CR_TP1_ID111944_CAM0_TP1_THR882_CN1588079811476182000_TCN-111944___.png,68,173,7
0428_13_17_28___i579934_SG________________CR_TP1_ID112313_CAM0_TP1_THR895_CN1588079852097211000_TCN-112313___.png,200,207,6
0428_13_37_40___i593089_SG________________CR_TP1_ID121755_CAM0_TP1_THR894_CN1588081063518211000_TCN-121755___.png,199,30,6
0428_19_08_28___i3424507__________SM_______CR_TP1_ID1072672_CAM0_TP1_THR963_CN1588100940311914000_TCN-1072672___.png,250,98,3
0428_19_10_36___i3424641__________SM_______CR_TP1_ID1072798_CAM0_TP1_THR677_CN1588100940311914000_TCN-1072798___.png,53,154,3
0429_10_51_12___i84459_IN_______SM_______CR_TP1_ID80017_CAM0_TP1_THR934_CN1588157474640008000_TCN-80017___.png,109,179,6
0429_10_56_34___i87935_OT________________CR_TP1_ID84830_CAM0_TP1_THR982_CN1588157795042634000_TCN-84830___.png,143,178,7
0429_10_58_32___i89228__________SM_______CR_TP1_ID86395_CAM0_TP1_THR995_CN1588157912328500000_TCN-86393___.png,110,177,6
0429_11_14_18___i99091__________SM_______CR_TP1_ID100121_CAM0_TP1_THR979_CN1588158860005816000_TCN-100121___.png,213,211,6
0429_11_33_31___i111701_SB________________CR_TP1_ID108966_CAM0_TP1_THR893_CN1588160013458694000_TCN-108966___.png,62,53,0
0429_11_33_33___i111724_OT________________CR_TP1_ID109003_CAM0_TP1_THR924_CN1588160014806658000_TCN-109003___.png,169,197,0
0429_11_42_09___i117345_SG________________CR_TP1_ID112114_CAM0_TP1_THR894_CN1588160532065131000_TCN-112114___.png,159,206,6
0429_11_42_12___i117375_OT_______SM_______CR_TP1_ID112147_CAM0_TP1_THR911_CN1588160534911026000_TCN-112147___.png,174,228,6
0429_11_43_32___i118257_IN____PC_SM_______CR_TP1_ID112389_CAM0_TP1_THR935_CN1588160615057525000_TCN-112389___.png,217,7,6
0429_11_44_58___i119178_OT________________CR_TP1_ID112959_CAM0_TP1_THR961_CN1588160699665003000_TCN-112959___.png,210,248,6
0429_11_47_31___i120816_SB________________CR_TP1_ID114125_CAM0_TP1_THR884_CN1588160853812879000_TCN-114125___.png,154,251,6
0429_11_48_11___i121251_SB_______SM_______CR_TP1_ID114318_CAM0_TP1_THR889_CN1588160893767400000_TCN-114318___.png,245,43,6
0429_12_01_30___i130071__________SM_______CR_TP1_ID117815_CAM0_TP1_THR909_CN1588161693036567000_TCN-117815___.png,185,224,4
0429_12_04_38___i132115_IB________________CR_TP1_ID118804_CAM0_TP1_THR928_CN1588161880682208000_TCN-118804___.png,237,231,6
0429_12_38_38___i154291_SG________________CR_TP1_ID134376_CAM0_TP1_THR904_CN1588163920580861000_TCN-134376___.png,69,234,7
0429_12_51_04___i162160_IN________________CR_TP1_ID143971_CAM0_TP1_THR907_CN1588164666508397000_TCN-143971___.png,193,167,6
0429_12_55_41___i165208__________SM_______CR_TP1_ID146995_CAM0_TP1_THR982_CN1588164943867296000_TCN-146995___.png,209,48,1
0429_12_56_32___i165781__________SM_______CR_TP1_ID147547_CAM0_TP1_THR988_CN1588164995283628000_TCN-147547___.png,154,185,6
0429_12_56_36___i165810__________SM_______CR_TP1_ID147609_CAM0_TP1_THR975_CN1588164998362048000_TCN-147609___.png,180,237,6
0429_13_17_35___i180081__________SM_______CR_TP1_ID160744_CAM0_TP1_THR946_CN1588166247656304000_TCN-160744___.png,116,198,6
0429_13_18_36___i180717__________SM_______CR_TP1_ID161697_CAM0_TP1_THR970_CN1588166316972260000_TCN-161697___.png,172,230,1
0429_13_18_42___i180776__________SM_______CR_TP1_ID161753_CAM0_TP1_THR976_CN1588166324736182000_TCN-161753___.png,160,221,6
0429_13_40_20___i3661900__________SM__________TP1_ID1171225_CAM0_TP1_THR992_CN1588167630441284000_TCN-1171225___.png,26,141,7
0429_13_41_11___i3661947_OT________________CR_TP1_ID1171362_CAM0_TP1_THR750_CN1588167700311592000_TCN-1171362_MN.png,54,197,5
0429_13_47_59___i200218_IN_______SM_______CR_TP1_ID179114_CAM0_TP1_THR907_CN1588168081829587000_TCN-179114___.png,116,148,6
0429_14_27_33___i226251__________SM_______CR_TP1_ID194209_CAM0_TP1_THR971_CN1588170452812459000_TCN-194209___.png,162,212,7
0429_14_38_32___i233461__________SM_______CR_TP1_ID200522_CAM0_TP1_THR968_CN1588171115082303000_TCN-200522___.png,162,22,6
0429_14_40_59___i235104_SG________________CR_TP1_ID201992_CAM0_TP1_THR978_CN1588171262580788000_TCN-201992___.png,158,195,6
0429_14_41_57___i235706_SB________________CR_TP1_ID202816_CAM0_TP1_THR895_CN1588171319833933000_TCN-202816___.png,110,170,6
0429_14_48_28___i240046_IB________________CR_TP1_ID206645_CAM0_TP1_THR888_CN1588171711534624000_TCN-206645___.png,210,243,0
0429_14_48_29___i240057_SG________________CR_TP1_ID206656_CAM0_TP1_THR957_CN1588171712801172000_TCN-206656___.png,99,165,0
0429_14_48_51___i240294__________SM_______CR_TP1_ID206919_CAM0_TP1_THR983_CN1588171734146341000_TCN-206919___.png,235,239,6
0429_19_29_57___i3763004___________________CR_TP1_ID1201438_CAM0_TP1_THR668_CN-1201438_TCN-1201438___.png,246,112,3
0430287__0717__10_28_23__________.png,231,251,6
0430417__0717__07_22_00_PC_______.png,39,218,3
0430_07_43_37___i4096037__________SM_______CR_TP1_ID1233041_CAM0_TP1_THR750_CN1588232637606901000_TCN-1233041_MN.png,40,201,3
0430_07_45_40___i4096147_OT________________CR_TP1_ID1233158_CAM0_TP1_THR791_CN1588232781009678000_TCN-1233158___.png,5,136,3
0430_08_03_33___i4103896__________SM_______CR_TP1_ID1233791_CAM0_TP1_THR750_CN1588233859832811000_TCN-1233791_MN.png,66,194,7
0430_08_40_03___i4105984__________SM_______CR_TP1_ID1236483_CAM0_TP1_THR750_CN1588236043201562000_TCN-1236483_MN.png,55,197,7
0430_08_51_15___i4106573__________SM_______CR_TP1_ID1237464_CAM0_TP1_THR750_CN1588236685625687000_TCN-1237464_MN.png,50,180,7
0430_09_23_24___i1003317_SB________________CR_TP1_ID347081_CAM0_TP1_THR996_CN1588238606628973000_TCN-347081___.png,255,27,0
0430_09_28_33___i1006839_OT________________CR_TP1_ID348131_CAM0_TP1_THR984_CN1588238916327841000_TCN-348131___.png,190,32,0
0430_09_38_41___i1013720_SB________________CR_TP1_ID349568_CAM0_TP1_THR969_CN1588239524428321000_TCN-349568___.png,148,201,6
0430_09_39_46___i1014434_IB________________CR_TP1_ID349874_CAM0_TP1_THR949_CN1588239589622186000_TCN-349874___.png,163,6,6
0430_09_39_48___i1014455__________SM_______CR_TP1_ID349895_CAM0_TP1_THR994_CN1588239590650141000_TCN-349895___.png,170,221,6
0430_09_45_59___i1018553__________SM_______CR_TP1_ID350943_CAM0_TP1_THR983_CN1588239952208368000_TCN-350942___.png,149,166,6
0430_09_51_39___i1022263_SB________________CR_TP1_ID353338_CAM0_TP1_THR893_CN1588240301963029000_TCN-353338___.png,217,19,6
0430_10_10_32___i1034757__________SM_______CR_TP1_ID363703_CAM0_TP1_THR932_CN1588241434374181000_TCN-363703___.png,165,231,7
0430_10_16_00___i1038209_SB________________CR_TP1_ID367673_CAM0_TP1_THR898_CN1588241763903119000_TCN-367673___.png,189,217,6
0430_10_20_26___i1041033_IN________________CR_TP1_ID370817_CAM0_TP1_THR970_CN1588242029606759000_TCN-370817___.png,134,223,0
0430_10_21_07___i1041460_SB________________CR_TP1_ID371231_CAM0_TP1_THR921_CN1588242070365667000_TCN-371231___.png,218,56,0
0430_10_21_09___i1041478_IN_______SM_______CR_TP1_ID371259_CAM0_TP1_THR882_CN1588242072407435000_TCN-371259___.png,197,3,0
0430_10_45_01___i1056723__________SM_______CR_TP1_ID387132_CAM0_TP1_THR965_CN1588243504642900000_TCN-387132___.png,167,9,6
0430_11_06_49___i1070736_SG________________CR_TP1_ID402152_CAM0_TP1_THR892_CN1588244812794479000_TCN-402152___.png,173,11,6
0430_11_09_12___i1072180_SB________________CR_TP1_ID404032_CAM0_TP1_THR941_CN1588244955530323000_TCN-404032___.png,227,51,6
0430_11_26_09___i1083170__________SM_______CR_TP1_ID417835_CAM0_TP1_THR967_CN1588245970169079000_TCN-417835___.png,198,216,6
0430_11_34_42___i1088750_SG________________CR_TP1_ID425559_CAM0_TP1_THR892_CN1588246485272812000_TCN-425559___.png,201,185,6
0430_11_51_00___i1099306_OT________________CR_TP1_ID435596_CAM0_TP1_THR932_CN1588247463248615000_TCN-435596___.png,114,14,6
0430_12_36_07___i1127870_SG_______SM_______CR_TP1_ID458945_CAM0_TP1_THR984_CN1588250170304660000_TCN-458945___.png,170,59,6
0430_12_45_51___i1133980_SG________________CR_TP1_ID464887_CAM0_TP1_THR884_CN1588250754415490000_TCN-464887___.png,151,185,6
0430_13_01_37___i1143407__________SM_______CR_TP1_ID478366_CAM0_TP1_THR978_CN1588251700208643000_TCN-478366___.png,155,169,6
0430_13_03_23___i1144530_SB________________CR_TP1_ID479241_CAM0_TP1_THR986_CN1588251806319721000_TCN-479241___.png,207,106,7
0430_13_25_12___i1158104_SB________________CR_TP1_ID493295_CAM0_TP1_THR931_CN1588253115629556000_TCN-493295___.png,143,20,6
0430_14_40_11___i1206494_IB________________CR_TP1_ID524338_CAM0_TP1_THR987_CN1588257614195526000_TCN-524338___.png,47,31,4
0430_14_40_11___i1206496__________SM_______CR_TP1_ID524340_CAM0_TP1_THR992_CN1588257614195526000_TCN-524340___.png,20,21,4
0430_14_40_12___i1206504__________SM_______CR_TP1_ID524348_CAM0_TP1_THR962_CN1588257614195526000_TCN-524348___.png,120,30,4
0430_14_56_39___i1217294_SB________________CR_TP1_ID530459_CAM0_TP1_THR891_CN1588258602439643000_TCN-530459___.png,77,116,7
0430_14_57_04___i1217548_OT________________CR_TP1_ID530674_CAM0_TP1_THR945_CN1588258623399625000_TCN-530674___.png,152,15,7
0430_14_59_29___i1219122_SB________________CR_TP1_ID531519_CAM0_TP1_THR897_CN1588258772775596000_TCN-531519___.png,186,229,7
0430_15_32_55___i1240795_SB________________CR_TP1_ID542849_CAM0_TP1_THR914_CN1588260779228379000_TCN-542849___.png,150,246,6
0430_15_33_25___i1241059__________SM_______CR_TP1_ID543204_CAM0_TP1_THR968_CN1588260807692045000_TCN-543204___.png,34,244,6
0430_17_54_51___i1336668__________SM_______CR_TP1_ID604628_CAM0_TP1_THR880_CN1588269294192850000_TCN-604628___.png,125,161,6
0431633__0716__14_52_40__________.png,95,41,6
0438877__0716__14_58_45__________.png,152,79,6
0443899__0716__15_03_00_______END.png,141,214,6
0452779__0716__15_10_28_P1____END.png,136,77,6
0469635__0714__17_55_39_______END.png,72,101,6
0471051__0716__15_25_59__________.png,101,71,6
0474056__0717__11_05_04_______END.png,131,33,6
0482086__0717__08_48_06_PC_______.png,45,202,4
0501_08_16_56___i1926676_IB________________CR_TP1_ID923138_CAM0_TP1_THR946_CN1588321019207584000_TCN-923138___.png,186,248,6
0501_08_18_59___i1928002__________SM_______CR_TP1_ID924636_CAM0_TP1_THR950_CN1588321142244391000_TCN-924636___.png,4,18,6
0501_08_26_14___i1932733_OT________________CR_TP1_ID926711_CAM0_TP1_THR941_CN1588321577353766000_TCN-926711___.png,177,210,6
0501_08_30_26___i1935500_SG________________CR_TP1_ID927665_CAM0_TP1_THR928_CN1588321829598083000_TCN-927665___.png,144,188,6
0501_08_51_11___i1949378__________SM_______CR_TP1_ID930331_CAM0_TP1_THR990_CN1588323074540885000_TCN-930331___.png,224,9,6
0501_08_51_12___i1949383_OT________________CR_TP1_ID930336_CAM0_TP1_THR963_CN1588323074540885000_TCN-930336___.png,44,227,6
0501_08_52_02___i1949888_SB_______SM_______CR_TP1_ID931104_CAM0_TP1_THR914_CN1588323125785767000_TCN-931104___.png,99,172,7
0501_08_52_10___i1949964_SB________________CR_TP1_ID931235_CAM0_TP1_THR991_CN1588323133998714000_TCN-931235___.png,192,81,2
0501_09_25_02___i1971911_SB________________CR_TP1_ID936959_CAM0_TP1_THR973_CN1588325106029481000_TCN-936959___.png,235,220,6
0501_10_37_01___i2020103_OT________________CR_TP1_ID953335_CAM0_TP1_THR884_CN1588329423785823000_TCN-953335___.png,232,202,6
0501_11_24_19___i2051698_SG________________CR_TP1_ID971087_CAM0_TP1_THR885_CN1588332262334392000_TCN-971087___.png,182,176,6
0501_11_24_19___i2051699_SB________________CR_TP1_ID971088_CAM0_TP1_THR922_CN1588332262347649000_TCN-971088___.png,176,196,6
0501_11_29_58___i2055505_IB_______SM_______CR_TP1_ID972598_CAM0_TP1_THR966_CN1588332601565935000_TCN-972598___.png,228,239,6
0501_16_43_49___i295_SB_______SM_______CR_TP1_ID165_CAM0_TP1_THR934_CN1588351431002893000_TCN-165___.png,230,188,6
0501_16_47_35___i324_SG_______SM_______CR_TP1_ID165_CAM0_TP1_THR966_CN1588351656922109000_TCN-165___.png,113,169,6
0501_16_50_35___i2131__________SM_______CR_TP1_ID632_CAM0_TP1_THR933_CN1588351836371444000_TCN-632___.png,162,89,3
0501_16_53_09___i3664_OT_______SM_______CR_TP1_ID947_CAM0_TP1_THR935_CN1588351988967994000_TCN-947___.png,146,10,6
0501_16_53_11___i3684_SB________________CR_TP1_ID958_CAM0_TP1_THR993_CN1588351992880001000_TCN-958___.png,199,228,6
0501_16_58_58___i7163__________SM_______CR_TP1_ID1505_CAM0_TP1_THR998_CN1588352339483933000_TCN-1505___.png,81,164,6
0501_17_03_18___i9755_SB_______SM_______CR_TP1_ID2610_CAM0_TP1_THR948_CN1588352599785998000_TCN-2610___.png,186,86,6
0501_17_24_12___i22304__________SM_______CR_TP1_ID6544_CAM0_TP1_THR886_CN1588353853547865000_TCN-6544___.png,106,166,6
0501_17_26_16___i23544_SB________________CR_TP1_ID7246_CAM0_TP1_THR994_CN1588353978321905000_TCN-7246___.png,158,118,6
0501_18_26_10___i59492__________SM_______CR_TP1_ID15287_CAM0_TP1_THR998_CN1588357571136615000_TCN-15287___.png,152,175,6
0501_18_30_54___i62336__________SM__________TP1_ID16339_CAM0_TP1_THR982_CN1588357856148474000_TCN-16339___.png,94,78,6
0501_18_30_55___i62339__________SM__________TP1_ID16346_CAM0_TP1_THR890_CN1588357854986364000_TCN-16346___.png,119,223,6
0501_18_50_58___i74377_IN____PC_SM_______CR_TP1_ID20613_CAM0_TP1_THR983_CN1588359060222276000_TCN-20613___.png,41,242,6
0501_18_50_59___i74386_SB_______SM_______CR_TP1_ID20622_CAM0_TP1_THR905_CN1588359061111718000_TCN-20622___.png,62,224,6
0501_18_53_32___i75919_SB_______SM_______CR_TP1_ID21427_CAM0_TP1_THR925_CN1588359214397384000_TCN-21427___.png,122,66,6
0501_19_25_54___i95340_IB________________CR_TP1_ID29766_CAM0_TP1_THR990_CN1588361156337214000_TCN-29766___.png,195,102,3
0501_19_25_56___i95366__________SM_______CR_TP1_ID29812_CAM0_TP1_THR995_CN1588361156337214000_TCN-29812___.png,152,27,3
0501_19_25_58___i95382_OT________________CR_TP1_ID29838_CAM0_TP1_THR900_CN1588361156905166000_TCN-29838___.png,253,250,3
0501_19_26_06___i95465__________SM_______CR_TP1_ID29876_CAM0_TP1_THR986_CN1588361168329429000_TCN-29876___.png,220,55,3
0501_19_37_53___i102538__________SM_______CR_TP1_ID30999_CAM0_TP1_THR986_CN1588361873906877000_TCN-30999___.png,206,42,3
0501_19_38_00___i102600__________SM_______CR_TP1_ID31041_CAM0_TP1_THR992_CN1588361881214516000_TCN-31041___.png,181,174,6
0501_19_44_52___i106730__________SM__________TP1_ID31394_CAM0_TP1_THR941_CN1588362293917987000_TCN-31394___.png,170,50,6
0501_20_15_08___i124893_______PC_SM__________TP1_ID34106_CAM0_TP1_THR976_CN1588364107266679000_TCN-34106___.png,141,55,3
0501_20_18_14___i126751__________SM_______CR_TP1_ID34296_CAM0_TP1_THR990_CN1588364296569666000_TCN-34296___.png,110,41,6
0501_22_45_12___i214955_SB________________CR_TP1_ID37316_CAM0_TP1_THR882_CN1588373114186902000_TCN-37316___.png,236,233,3
0502_05_16_47___i449969__________SM_______CR_TP1_ID38201_CAM0_TP1_THR996_CN1588396605872671000_TCN-38201___.png,188,189,6
0502_07_50_52___i416057__________SM_______CR_TP1_ID274230_CAM0_TP1_THR750_CN1588405856788538000_TCN-274230_MN.png,107,249,3
0502_07_51_05___i416154__________SM_______CR_TP1_ID274289_CAM0_TP1_THR743_CN1588405869862516000_TCN-274289___.png,48,157,3
0502_07_54_52___i420114__________SM_______CR_TP1_ID275422_CAM0_TP1_THR750_CN1588406084397294000_TCN-275422_MN.png,132,193,3
0502_08_02_35___i428601__________SM_______CR_TP1_ID276757_CAM0_TP1_THR734_CN1588406549437119000_TCN-276757___.png,16,138,3
0502_09_02_31___i585444__________SM_______CR_TP1_ID40214_CAM0_TP1_THR987_CN1588410152121217000_TCN-40214___.png,126,186,6
0502_09_13_05___i591789_______PC_SM_______CR_TP1_ID40587_CAM0_TP1_THR997_CN1588410785209359000_TCN-40587___.png,138,127,3
0502_09_15_12___i593057_SB_______SM_______CR_TP1_ID40651_CAM0_TP1_THR892_CN1588410914153449000_TCN-40651___.png,77,204,6
0502_09_19_31___i595651__________SM_______CR_TP1_ID40828_CAM0_TP1_THR999_CN1588411169018755000_TCN-40828___.png,174,69,6
0502_09_44_55___i14103_SB________________CR_TP1_ID1045_CAM0_TP1_THR950_CN1588412697464140000_TCN-1045___.png,63,22,6
0502_09_44_56___i14115__________SM__________TP1_ID1067_CAM0_TP1_THR993_CN1588412697552655000_TCN-1067___.png,158,51,6
0502_09_44_58___i14131__________SM__________TP1_ID1085_CAM0_TP1_THR991_CN1588412697552655000_TCN-1085___.png,251,99,6
0502_09_58_40___i22353__________SM_______CR_TP1_ID3781_CAM0_TP1_THR942_CN1588413520634390000_TCN-3781___.png,146,64,6
0502_09_59_08___i556068__________SM_______CR_TP1_ID303804_CAM0_TP1_THR750_CN1588413552880743000_TCN-303804_MN.png,133,183,7
0502_09_59_21___i556152__________SM_______CR_TP1_ID303888_CAM0_TP1_THR750_CN1588413552880743000_TCN-303888_MN.png,96,180,7
0502_10_23_21___i37163__________SM_______CR_TP1_ID6693_CAM0_TP1_THR994_CN1588415002418115000_TCN-6693___.png,66,20,4
0502_10_32_20___i5107_SG________________CR_TP1_ID1169_CAM0_TP1_THR952_CN1588415541870535000_TCN-1169___.png,114,131,5
0502_10_43_59___i12104__________SM_______CR_TP1_ID4107_CAM0_TP1_THR988_CN1588416240705222000_TCN-4107___.png,48,146,6
0502_11_03_02___i23540__________SM_______CR_TP1_ID6220_CAM0_TP1_THR987_CN1588417383128853000_TCN-6220___.png,191,3,6
0502_11_11_37___i28687__________SM_______CR_TP1_ID6843_CAM0_TP1_THR974_CN1588417898793794000_TCN-6843___.png,245,199,6
0502_11_24_44___i36559__________SM_______CR_TP1_ID7279_CAM0_TP1_THR998_CN1588418684246902000_TCN-7279___.png,147,247,6
0502_11_26_37___i37685__________SM_______CR_TP1_ID7406_CAM0_TP1_THR933_CN1588418797427650000_TCN-7406___.png,115,241,6
0502_11_28_43___i38954_SB________________CR_TP1_ID7731_CAM0_TP1_THR884_CN1588418925681089000_TCN-7731___.png,230,211,6
0502_11_40_49___i46215__________SM_______CR_TP1_ID9541_CAM0_TP1_THR999_CN1588419650601784000_TCN-9541___.png,78,89,6
0502_11_42_34___i47261__________SM_______CR_TP1_ID9726_CAM0_TP1_THR936_CN1588419753579325000_TCN-9726___.png,198,36,4
0502_11_59_42___i664116_IB_______SM_______CR_TP1_ID348365_CAM0_TP1_THR757_CN1588420789626537000_TCN-348365___.png,53,208,3
0502_12_02_43___i59357__________SM_______CR_TP1_ID10683_CAM0_TP1_THR916_CN1588420963155600000_TCN-10683___.png,170,99,6
0502_12_04_34___i60462__________SM_______CR_TP1_ID10772_CAM0_TP1_THR999_CN1588421073200383000_TCN-10772___.png,14,46,6
0502_12_15_06___i66788__________SM_______CR_TP1_ID10821_CAM0_TP1_THR956_CN1588421707395840000_TCN-10821___.png,192,201,3
0502_12_15_28___i67003__________SM_______CR_TP1_ID10973_CAM0_TP1_THR979_CN1588421728842839000_TCN-10973___.png,55,63,6
0502_12_18_19___i68722__________SM_______CR_TP1_ID11007_CAM0_TP1_THR990_CN1588421901476064000_TCN-11007___.png,4,44,3
0502_12_18_22___i68744__________SM_______CR_TP1_ID11028_CAM0_TP1_THR999_CN1588421901476064000_TCN-11028___.png,141,102,3
0502_12_21_58___i70911__________SM_______CR_TP1_ID11081_CAM0_TP1_THR992_CN1588422118259601000_TCN-11081___.png,102,211,6
0502_12_24_14___i72270__________SM_______CR_TP1_ID11131_CAM0_TP1_THR951_CN1588422256026602000_TCN-11131___.png,173,41,6
0502_12_27_55___i74483_SB________________CR_TP1_ID11691_CAM0_TP1_THR929_CN1588422477618291000_TCN-11691___.png,244,86,6
0502_12_36_37___i79702__________SM_______CR_TP1_ID14324_CAM0_TP1_THR997_CN1588422998601718000_TCN-14324___.png,189,165,3
0502_12_50_23___i87966__________SM_______CR_TP1_ID18158_CAM0_TP1_THR944_CN1588423822503908000_TCN-18158___.png,167,248,6
0502_12_57_53___i92467__________SM_______CR_TP1_ID19728_CAM0_TP1_THR965_CN1588424273460049000_TCN-19728___.png,51,232,6
0502_12_57_53___i92468__________SM_______CR_TP1_ID19731_CAM0_TP1_THR975_CN1588424275848016000_TCN-19731___.png,187,188,6
0502_13_22_16___i107096_OT________________CR_TP1_ID28279_CAM0_TP1_THR893_CN1588425737657804000_TCN-28279___.png,179,227,6
0502_13_22_56___i107498_SG________________CR_TP1_ID28701_CAM0_TP1_THR885_CN1588425778214166000_TCN-28701___.png,244,251,6
0502_13_23_14___i107676__________SM_______CR_TP1_ID28988_CAM0_TP1_THR977_CN1588425794427848000_TCN-28988___.png,35,37,6
0502_13_43_14___i119680__________SM_______CR_TP1_ID39036_CAM0_TP1_THR962_CN1588426981032585000_TCN-39036___.png,13,45,6
0502_13_59_48___i129620__________SM_______CR_TP1_ID45413_CAM0_TP1_THR994_CN1588427988471763000_TCN-45413___.png,79,125,6
0502_14_50_38___i160135_SB_______SM_______CR_TP1_ID58011_CAM0_TP1_THR886_CN1588431040497873000_TCN-58011___.png,61,183,3
0502_15_04_16___i168313__________SM_______CR_TP1_ID58928_CAM0_TP1_THR987_CN1588431856848131000_TCN-58928___.png,148,78,6
0502_15_11_05___i172410__________SM_______CR_TP1_ID61268_CAM0_TP1_THR930_CN1588432267159201000_TCN-61268___.png,141,230,5
0502_15_19_16___i177313__________SM_______CR_TP1_ID62522_CAM0_TP1_THR956_CN1588432757643391000_TCN-62522___.png,44,9,6
0502_15_44_02___i192180_IN____PC_SM_______CR_TP1_ID66915_CAM0_TP1_THR985_CN1588434244184602000_TCN-66915___.png,244,253,7
0502_15_45_00___i192758_SG________________CR_TP1_ID67383_CAM0_TP1_THR892_CN1588434301902908000_TCN-67383___.png,66,111,6
0502_15_52_02___i196985__________SM_______CR_TP1_ID68987_CAM0_TP1_THR919_CN1588434718845494000_TCN-68987___.png,160,236,6
0502_16_11_41___i208774__________SM_______CR_TP1_ID73549_CAM0_TP1_THR986_CN1588435901905865000_TCN-73549___.png,234,167,7
0502_16_21_08___i214443_SB________________CR_TP1_ID75953_CAM0_TP1_THR934_CN1588436470369361000_TCN-75953___.png,227,119,6
0502_16_40_09___i225861__________SM_______CR_TP1_ID81085_CAM0_TP1_THR965_CN1588437611252757000_TCN-81085___.png,32,208,6
0502_16_47_04___i230016__________SM_______CR_TP1_ID83053_CAM0_TP1_THR995_CN1588438025297612000_TCN-83053___.png,126,239,6
0502_17_02_59___i239561_______PC_SM_______CR_TP1_ID90679_CAM0_TP1_THR907_CN1588438976933507000_TCN-90679___.png,111,220,6
0502_17_16_30___i247672__________SM_______CR_TP1_ID98926_CAM0_TP1_THR993_CN1588439790220761000_TCN-98926___.png,206,149,6
0502_17_16_45___i247823_OT_______SM__________TP1_ID99333_CAM0_TP1_THR983_CN1588439805296378000_TCN-99333___.png,22,243,6
0502_17_17_14___i248081_IN________________CR_TP1_ID100070_CAM0_TP1_THR930_CN1588439837496181000_TCN-100070___.png,160,180,4
0502_17_49_59___i267774_SB_______SM_______CR_TP1_ID104739_CAM0_TP1_THR889_CN1588441801927028000_TCN-104739___.png,30,18,8
0502_17_57_39___i272377_SB_______SM_______CR_TP1_ID105431_CAM0_TP1_THR971_CN1588442261673263000_TCN-105431___.png,212,42,6
0502_17_59_20___i273386__________SM_______CR_TP1_ID105762_CAM0_TP1_THR989_CN1588442361854115000_TCN-105762___.png,68,0,6
0502_18_03_44___i955050__________SM_______CR_TP1_ID417124_CAM0_TP1_THR750_CN1588442630598890000_TCN-417124_MN.png,4,169,3
0502_18_04_00___i955133__________SM_______CR_TP1_ID417176_CAM0_TP1_THR750_CN1588442639053211000_TCN-417176_MN.png,40,163,3
0502_18_12_10___i281088_SB________________CR_TP1_ID109247_CAM0_TP1_THR900_CN1588443132621227000_TCN-109247___.png,75,163,6
0502_18_15_54___i10__________SM_______CR_TP1_ID140_CAM0_TP1_THR970_CN14_TCN-140___.png,80,158,7
0502_18_15_54___i2___________________CR_TP1_ID104_CAM0_TP1_THR683_CN-104_TCN-104___.png,52,202,7
0502_18_15_54___i3_IB________________CR_TP1_ID109_CAM0_TP1_THR892_CN14_TCN-109___.png,21,181,7
0502_18_15_54___i6__________SM_______CR_TP1_ID120_CAM0_TP1_THR884_CN14_TCN-120___.png,15,35,7
0502_18_15_54___i8__________SM_______CR_TP1_ID126_CAM0_TP1_THR992_CN14_TCN-126___.png,45,240,7
0502_18_15_55___i20_IN____PC_SM__________TP1_ID196_CAM0_TP1_THR951_CN17_TCN-196___.png,170,28,7
0502_18_15_55___i21__________SM__________TP1_ID202_CAM0_TP1_THR962_CN17_TCN-202___.png,189,83,7
0502_18_16_01___i111__________SM__________TP1_ID641_CAM0_TP1_THR982_CN14_TCN-641___.png,243,60,7
0502_18_16_01___i114__________SM_______CR_TP1_ID652_CAM0_TP1_THR987_CN14_TCN-652___.png,1,93,7
0502_18_16_02___i119__________SM_______CR_TP1_ID672_CAM0_TP1_THR988_CN14_TCN-672___.png,28,6,7
0502_18_16_02___i123__________SM_______CR_TP1_ID685_CAM0_TP1_THR992_CN14_TCN-685___.png,210,7,7
0502_18_16_02___i126__________SM__________TP1_ID695_CAM0_TP1_THR979_CN14_TCN-695___.png,182,48,7
0502_18_16_03___i131__________SM__________TP1_ID712_CAM0_TP1_THR888_CN14_TCN-712___.png,109,199,7
0502_18_26_47___i289853__________SM_______CR_TP1_ID110826_CAM0_TP1_THR998_CN1588444007711278000_TCN-110826___.png,209,122,0
0502_18_29_44___i291629__________SM_______CR_TP1_ID111361_CAM0_TP1_THR987_CN1588444186450256000_TCN-111361___.png,85,141,6
0502_18_29_57___i291756_IN________________CR_TP1_ID111500_CAM0_TP1_THR998_CN1588444199370067000_TCN-111500___.png,234,75,3
0502_18_31_33___i292719__________SM_______CR_TP1_ID111745_CAM0_TP1_THR999_CN1588444294995303000_TCN-111745___.png,249,45,6
0502_18_47_18___i302173__________SM_______CR_TP1_ID112830_CAM0_TP1_THR989_CN1588445233798209000_TCN-112830___.png,139,76,6
0502_18_48_17___i302764__________SM_______CR_TP1_ID113478_CAM0_TP1_THR916_CN1588445298317307000_TCN-113478___.png,129,229,6
0502_19_19_17___i1034309__________SM_______CR_TP1_ID423085_CAM0_TP1_THR963_CN1588447139416873000_TCN-423085___.png,247,130,3
0502_19_32_53___i329523__________SM_______CR_TP1_ID117560_CAM0_TP1_THR962_CN1588447973387064000_TCN-117560___.png,152,60,6
0502_19_55_38___i343179__________SM__________TP1_ID118998_CAM0_TP1_THR996_CN1588449340337004000_TCN-118998___.png,144,115,4
0502_19_55_39___i343191_OT_______SM__________TP1_ID119043_CAM0_TP1_THR995_CN1588449340860189000_TCN-119043___.png,90,235,4
0502_19_55_40___i343198__________SM_______CR_TP1_ID119057_CAM0_TP1_THR975_CN1588449341959577000_TCN-119057___.png,20,130,3
0502_19_55_43___i343218_IB________________CR_TP1_ID119076_CAM0_TP1_THR956_CN1588449346954821000_TCN-119076___.png,72,48,3
0502_19_55_45___i343233__________SM_______CR_TP1_ID119091_CAM0_TP1_THR996_CN1588449346954821000_TCN-119091___.png,46,200,4
0502_20_12_17___i1090647__________SM_______CR_TP1_ID426593_CAM0_TP1_THR906_CN1588450327289617000_TCN-426593___.png,247,142,3
0502_20_23_48___i360090__________SM_______CR_TP1_ID120743_CAM0_TP1_THR994_CN1588451030204790000_TCN-120743___.png,61,5,6
0502_20_38_32___i368929__________SM_______CR_TP1_ID121470_CAM0_TP1_THR992_CN1588451913046707000_TCN-121470___.png,149,8,3
0502_21_50_17___i411995_IB________________CR_TP1_ID122095_CAM0_TP1_THR881_CN1588456219969375000_TCN-122095___.png,38,143,3
0503_08_32_26___i1636557__________SM_______CR_TP1_ID533066_CAM0_TP1_THR739_CN1588494733555313000_TCN-533066___.png,250,154,3
0503_09_09_50___i819828__________SM_______CR_TP1_ID123732_CAM0_TP1_THR954_CN1588496989791236000_TCN-123732___.png,26,166,0
0503_09_11_11___i820646_______PC_SM_______CR_TP1_ID123762_CAM0_TP1_THR969_CN1588497073175504000_TCN-123762___.png,86,231,6
0503_09_11_22___i820751__________SM_______CR_TP1_ID123845_CAM0_TP1_THR983_CN1588497078919154000_TCN-123845___.png,7,241,6
0503_09_13_19___i821920__________SM_______CR_TP1_ID123936_CAM0_TP1_THR970_CN1588497200424387000_TCN-123936___.png,119,223,4
0503_10_04_02___i852363__________SM__________TP1_ID124759_CAM0_TP1_THR996_CN1588500245100699000_TCN-124759___.png,246,6,0
0503_10_15_55___i859493_IB________________CR_TP1_ID124855_CAM0_TP1_THR984_CN1588500957674730000_TCN-124855___.png,101,229,0
0503_10_54_21___i882558_SG________________CR_TP1_ID126126_CAM0_TP1_THR961_CN1588503263403081000_TCN-126126___.png,93,183,3
0503_10_56_09___i883641__________SM_______CR_TP1_ID126374_CAM0_TP1_THR999_CN1588503369497786000_TCN-126374___.png,247,113,6
0503_12_23_10___i935867_IN_______SM_______CR_TP1_ID127500_CAM0_TP1_THR970_CN1588508593342129000_TCN-127500___.png,202,155,6
0503_12_53_48___i954243__________SM_______CR_TP1_ID128044_CAM0_TP1_THR999_CN1588510430566378000_TCN-128044___.png,112,9,6
0503_13_12_38___i965550__________SM_______CR_TP1_ID129011_CAM0_TP1_THR997_CN1588511559850812000_TCN-129011___.png,20,65,6
0503_13_12_51___i965671__________SM_______CR_TP1_ID129155_CAM0_TP1_THR956_CN1588511568153232000_TCN-129155___.png,106,38,6
0503_13_45_34___i985320__________SM_______CR_TP1_ID130619_CAM0_TP1_THR981_CN1588513535883799000_TCN-130619___.png,139,75,6
0503_14_26_53___i4148700__________SM_______CR_TP1_ID1429465_CAM0_TP1_THR929_CN1588516015053630000_TCN-1429465___.png,227,109,0
0503_14_26_55___i4148718__________SM_______CR_TP1_ID1429483_CAM0_TP1_THR880_CN1588516015053630000_TCN-1429483___.png,226,34,0
0503_14_31_38___i1012960_SB________________CR_TP1_ID132326_CAM0_TP1_THR955_CN1588516300097509000_TCN-132326___.png,148,159,6
0503_15_54_12___i1062514__________SM_______CR_TP1_ID136939_CAM0_TP1_THR995_CN1588521253821556000_TCN-136939___.png,44,31,3
0503_18_30_25___i1156272__________SM_______CR_TP1_ID161135_CAM0_TP1_THR993_CN1588530624889617000_TCN-161135___.png,173,100,6
0503_19_39_42___i1197850_IB___________________TP1_ID172681_CAM0_TP1_THR951_CN1588534784798361000_TCN-172681___.png,219,81,6
0503_19_52_17___i2077__________SM__________TP1_ID518_CAM0_TP1_THR948_CN1588535536897510000_TCN-518___.png,69,203,6
0503_19_52_21___i2120__________SM_______CR_TP1_ID611_CAM0_TP1_THR990_CN1588535542565567000_TCN-611___.png,143,135,3
0503_21_31_02___i61349_IN___________________TP1_ID3228_CAM0_TP1_THR889_CN1588541464590851000_TCN-3228___.png,52,251,3
0503_23_24_18___i129330_______PC_SM_______CR_TP1_ID4764_CAM0_TP1_THR898_CN1588548259582315000_TCN-4764___.png,96,163,3
0504_07_33_44___i423063_______PC_SM_______CR_TP1_ID13567_CAM0_TP1_THR977_CN1588577624133482000_TCN-13567___.png,192,18,3
0504_07_53_11___i434738__________SM_______CR_TP1_ID13672_CAM0_TP1_THR948_CN1588578791086731000_TCN-13672___.png,110,219,0
0504_09_42_14___i4937388_IN________________CR_TP1_ID1513432_CAM0_TP1_THR895_CN1588585338554997000_TCN-1513432___.png,136,179,6
0504_09_44_04___i4938475_OT________________CR_TP1_ID1514101_CAM0_TP1_THR892_CN1588585446560550000_TCN-1514101___.png,180,194,6
0504_09_54_00___i4943883__________SM_______CR_TP1_ID1521070_CAM0_TP1_THR995_CN1588586043964116000_TCN-1521070___.png,152,48,6
0504_10_16_16___i4958093__________SM_______CR_TP1_ID1529688_CAM0_TP1_THR943_CN1588587379324951000_TCN-1529688___.png,122,190,0
0504_10_30_12___i81998_IB________________CR_TP1_ID9584_CAM0_TP1_THR881_CN1588588214020439000_TCN-9584___.png,102,170,4
0504_11_43_42___i2857540_SB________________CR_TP1_ID826716_CAM0_TP1_THR760_CN1588592640183159000_TCN-826716___.png,244,126,7
0504_13_44_41___i2905261_OT___________________TP1_ID847855_CAM0_TP1_THR758_CN1588599863036108000_TCN-847855___.png,29,133,7
0504_13_56_19___i2907454__________SM_______CR_TP1_ID849313_CAM0_TP1_THR676_CN1588600571417727000_TCN-849313___.png,244,165,4
0504_15_01_29___i2918311__________SM_______CR_TP1_ID859392_CAM0_TP1_THR750_CN1588604468891451000_TCN-859392_MN.png,116,207,4
0504_16_18_48___i2929583___________________CR_TP1_ID875040_CAM0_TP1_THR678_CN-875040_TCN-875040___.png,4,117,7
0504_16_28_51___i2930893__________SM_______CR_TP1_ID876993_CAM0_TP1_THR896_CN1588609745519102000_TCN-876993___.png,20,168,7
0504_16_32_36___i2931394_SG________________CR_TP1_ID877566_CAM0_TP1_THR854_CN1588609977208476000_TCN-877566___.png,242,99,7
0504_16_53_00___i2934249__________SM_______CR_TP1_ID882883_CAM0_TP1_THR851_CN1588611179290294000_TCN-882883___.png,3,129,7
0504_16_59_50___i75936__________SM_______CR_TP1_ID22357_CAM0_TP1_THR998_CN1588611590088982000_TCN-22357___.png,155,116,0
0504_17_07_06___i80291_SG________________CR_TP1_ID23620_CAM0_TP1_THR885_CN1588612027879861000_TCN-23620___.png,195,90,0
0504_17_28_52___i2956355_OT________________CR_TP1_ID888281_CAM0_TP1_THR860_CN1588613335693362000_TCN-888281___.png,27,133,3
0504_18_49_04___i3038443__________SM_______CR_TP1_ID899758_CAM0_TP1_THR750_CN1588618151589134000_TCN-899758_MN.png,61,149,7
0504_19_07_44___i152697__________SM_______CR_TP1_ID51375_CAM0_TP1_THR992_CN1588619265225361000_TCN-51375___.png,91,39,4
0504_19_07_48___i152734_SB________________CR_TP1_ID51433_CAM0_TP1_THR898_CN1588619270316626000_TCN-51433___.png,218,191,5
0504_19_07_51___i152762_SG________________CR_TP1_ID51490_CAM0_TP1_THR898_CN1588619273084850000_TCN-51490___.png,246,4,6
0504_19_55_54___i181598__________SM_______CR_TP1_ID56906_CAM0_TP1_THR997_CN1588622153653963000_TCN-56906___.png,119,125,3
0505_07_11_40___i587175__________SM_______CR_TP1_ID60878_CAM0_TP1_THR954_CN1588662700816829000_TCN-60878___.png,199,47,3
0505_07_48_32___i609303__________SM_______CR_TP1_ID61069_CAM0_TP1_THR998_CN1588664912733673000_TCN-61069___.png,97,113,0
0505_07_51_32___i611101__________SM_______CR_TP1_ID61100_CAM0_TP1_THR991_CN1588665093387587000_TCN-61100___.png,50,67,0
0505_08_57_24___i27132__________SM_______CR_TP1_ID449_CAM0_TP1_THR987_CN1588669043411853000_TCN-449___.png,194,126,0
0505_09_13_46___i3565212__________SM_______CR_TP1_ID964732_CAM0_TP1_THR750_CN1588670042443335000_TCN-964732_MN.png,112,224,7
0505_09_19_33___i5904159_IB________________CR_TP1_ID1901723_CAM0_TP1_THR896_CN1588670377065621000_TCN-1901723___.png,219,39,0
0505_09_19_36___i5904185_SG________________CR_TP1_ID1901750_CAM0_TP1_THR910_CN1588670379949960000_TCN-1901750___.png,202,195,0
0505_09_19_36___i5904188_SG________________CR_TP1_ID1901753_CAM0_TP1_THR901_CN1588670380368322000_TCN-1901753___.png,194,184,0
0505_09_20_11___i5904534_OT_______SM_______CR_TP1_ID1902198_CAM0_TP1_THR882_CN1588670415435718000_TCN-1902198___.png,247,250,0
0505_10_03_54___i5933835_IB_______SM_______CR_TP1_ID1916629_CAM0_TP1_THR965_CN1588673038516307000_TCN-1916629___.png,196,226,7
0505_10_07_18___i3573710__________SM_______CR_TP1_ID972433_CAM0_TP1_THR777_CN1588673246152951000_TCN-972433___.png,12,135,4
0505_10_32_33___i5952133_IB_______SM_______CR_TP1_ID1929938_CAM0_TP1_THR959_CN1588674756974151000_TCN-1929938___.png,169,243,6
0505_10_37_18___i5955190_IB________________CR_TP1_ID1931143_CAM0_TP1_THR899_CN1588675041916241000_TCN-1931143___.png,75,8,7
0505_11_09_58___i5974792_IB_______SM_______CR_TP1_ID1947275_CAM0_TP1_THR916_CN1588677001821836000_TCN-1947275___.png,213,1,6
0505_11_28_41___i5986615_OT________________CR_TP1_ID1952657_CAM0_TP1_THR899_CN1588678124832524000_TCN-1952657___.png,198,200,6
0505_11_29_34___i5987148_OT________________CR_TP1_ID1952919_CAM0_TP1_THR976_CN1588678175737296000_TCN-1952919___.png,30,233,6
0505_11_45_06___i3588766__________SM_______CR_TP1_ID985453_CAM0_TP1_THR939_CN1588679111505006000_TCN-985453___.png,23,183,4
0505_11_48_30___i3589123__________SM_______CR_TP1_ID986390_CAM0_TP1_THR750_CN1588679327734001000_TCN-986390_MN.png,138,202,4
0505_12_13_42___i90562__________SM_______CR_TP1_ID4733_CAM0_TP1_THR981_CN1588680823237141000_TCN-4733___.png,112,59,3
0505_12_25_31___i6021559__________SM_______CR_TP1_ID1977655_CAM0_TP1_THR982_CN1588681530782554000_TCN-1977655___.png,202,194,6
0505_12_31_55___i3622575__________SM_______CR_TP1_ID988931_CAM0_TP1_THR785_CN1588681936501938000_TCN-988931___.png,32,122,7
0505_12_33_22___i6025978_SG________________CR_TP1_ID1982263_CAM0_TP1_THR894_CN1588682006461392000_TCN-1982263___.png,118,212,6
0505_12_41_01___i3627080__________SM_______CR_TP1_ID990061_CAM0_TP1_THR989_CN1588682469989211000_TCN-990061___.png,10,131,1
0505_12_45_20___i6033049_OT_______SM_______CR_TP1_ID1989211_CAM0_TP1_THR988_CN1588682721569026000_TCN-1989211___.png,160,190,7
0505_12_59_54___i6041990_IB________________CR_TP1_ID1998665_CAM0_TP1_THR913_CN1588683598969054000_TCN-1998665___.png,235,231,6
0505_13_03_16___i6044177__________SM_______CR_TP1_ID1999471_CAM0_TP1_THR959_CN1588683800607454000_TCN-1999471___.png,156,11,7
0505_13_09_07___i3649971__________SM__________TP1_ID991291_CAM0_TP1_THR750_CN1588684121289927000_TCN-991291_MN.png,9,187,7
0505_13_34_56___i3652588_IB________________CR_TP1_ID998116_CAM0_TP1_THR850_CN1588685721233147000_TCN-998116___.png,25,128,7
0505_13_39_25___i6066876_SB________________CR_TP1_ID2016650_CAM0_TP1_THR896_CN1588685970275879000_TCN-2016650___.png,136,24,7
0505_13_42_35___i3653372__________SM__________TP1_ID999418_CAM0_TP1_THR939_CN1588686174061043000_TCN-999418___.png,22,132,7
0505_13_50_59___i3654227__________SM_______CR_TP1_ID1000773_CAM0_TP1_THR750_CN1588686683471567000_TCN-1000773_MN.png,35,163,7
0505_13_55_25___i151609__________SM_______CR_TP1_ID15943_CAM0_TP1_THR964_CN1588686926350117000_TCN-15943___.png,44,224,5
0505_14_11_18___i3656514__________SM_______CR_TP1_ID1003704_CAM0_TP1_THR961_CN1588687893412691000_TCN-1003704___.png,241,123,7
0505_14_29_29___i172054_OT________________CR_TP1_ID27693_CAM0_TP1_THR908_CN1588688970665241000_TCN-27693___.png,102,161,5
0505_14_48_22___i6109092_IN________________CR_TP1_ID2047227_CAM0_TP1_THR977_CN1588690106617778000_TCN-2047227___.png,138,212,6
0505_14_52_35___i185921_IN________________CR_TP1_ID34044_CAM0_TP1_THR932_CN1588690357437361000_TCN-34044___.png,25,118,4
0505_15_09_24___i3663720_SB________________CR_TP1_ID1011780_CAM0_TP1_THR755_CN1588691389311424000_TCN-1011780___.png,16,136,7
0505_15_15_52___i199898_IN_______SM_______CR_TP1_ID44541_CAM0_TP1_THR890_CN1588691754727504000_TCN-44541___.png,191,37,5
0505_15_25_46___i3665628__________SM_______CR_TP1_ID1013757_CAM0_TP1_THR893_CN1588692318771294000_TCN-1013757___.png,41,180,7
0505_15_37_30___i3666799__________SM_______CR_TP1_ID1016056_CAM0_TP1_THR950_CN1588692996848490000_TCN-1016056___.png,16,126,7
0505_15_42_26___i215839__________SM_______CR_TP1_ID53812_CAM0_TP1_THR906_CN1588693348685011000_TCN-53812___.png,121,100,0
0505_15_42_29___i215865__________SM__________TP1_ID53859_CAM0_TP1_THR988_CN1588693350933538000_TCN-53859___.png,22,137,0
0505_16_42_47___i3674527_OT________________CR_TP1_ID1024909_CAM0_TP1_THR951_CN1588696965647562000_TCN-1024909___.png,42,146,7
0505_18_03_54___i3728371__________SM_______CR_TP1_ID1029570_CAM0_TP1_THR710_CN1588701738197922000_TCN-1029570___.png,77,139,3
0505_19_24_36___i349175__________SM__________TP1_ID81160_CAM0_TP1_THR960_CN1588706675667914000_TCN-81160___.png,235,0,0
0506_09_27_48___i6867993_IN________________CR_TP1_ID2193728_CAM0_TP1_THR985_CN1588757272709915000_TCN-2193728___.png,217,193,0
0506_09_39_39___i4329982__________SM_______CR_TP1_ID1103467_CAM0_TP1_THR922_CN1588757933980961000_TCN-1103467___.png,241,111,7
0506_10_59_56___i13450__________SM_______CR_TP1_ID529_CAM0_TP1_THR968_CN1588762797732486000_TCN-529___.png,104,12,8
0506_11_31_13___i4393791__________SM_______CR_TP1_ID1109017_CAM0_TP1_THR971_CN1588764626712362000_TCN-1109017___.png,243,122,7
0506_12_31_03___i4410069__________SM_______CR_TP1_ID1113324_CAM0_TP1_THR987_CN1588768248774857000_TCN-1113324___.png,253,141,3
0506_14_13_09___i22296_______PC_SM_______CR_TP1_ID1389_CAM0_TP1_THR990_CN1588774390719686000_TCN-1389___.png,8,12,3
0506_15_08_37___i15632_______PC__________CR_TP1_ID2935_CAM0_TP1_THR947_CN1588777718846187000_TCN-2935___.png,201,61,3
0506_15_08_39___i15648__________SM_______CR_TP1_ID2973_CAM0_TP1_THR980_CN1588777720622845000_TCN-2973___.png,210,44,3
0506_15_08_40___i15662__________SM__________TP1_ID3000_CAM0_TP1_THR992_CN1588777720441322000_TCN-3000___.png,184,90,8
0506_15_11_09___i4450381__________SM_______CR_TP1_ID1124949_CAM0_TP1_THR750_CN1588777837921980000_TCN-1124949_MN.png,255,108,7
0507_12_26_16___i7896711__________SM_______CR_TP1_ID2425388_CAM0_TP1_THR991_CN1588854382636208000_TCN-2425388___.png,65,156,1
0508_08_58_51___i6106896__________SM_______CR_TP1_ID1237405_CAM0_TP1_THR773_CN1588928262189588000_TCN-1237405___.png,43,135,7
0508_10_53_02___i6131169__________SM_______CR_TP1_ID1246836_CAM0_TP1_THR761_CN1588935168458027000_TCN-1246836___.png,66,142,4
0508_11_03_16___i6132363__________SM_______CR_TP1_ID1247611_CAM0_TP1_THR750_CN1588935824776043000_TCN-1247611_MN.png,66,156,7
0508_11_15_08___i8799260_SB________________CR_TP1_ID2566227_CAM0_TP1_THR911_CN1588936514111587000_TCN-2566227___.png,120,20,1
0508_12_48_32___i6164353__________SM_______CR_TP1_ID1256931_CAM0_TP1_THR959_CN1588942105562912000_TCN-1256931___.png,34,177,4
0508_13_00_37___i8858850__________SM_______CR_TP1_ID2604114_CAM0_TP1_THR992_CN1588942842003246000_TCN-2604114___.png,134,235,1
0511_07_57_55___i9488604__________SM_______CR_TP1_ID1400262_CAM0_TP1_THR799_CN1589183844767918000_TCN-1400262___.png,51,151,4
0511_08_03_19___i9492819__________SM_______CR_TP1_ID1400405_CAM0_TP1_THR750_CN1589184199321693000_TCN-1400405_MN.png,107,214,0
0511_12_17_27___i11605493_IB________________CR_TP1_ID3596832_CAM0_TP1_THR881_CN1589199454263586000_TCN-3596832___.png,79,30,0
0512_10_46_27___i10512042__________SM_______CR_TP1_ID1462395_CAM0_TP1_THR789_CN1589280390800083000_TCN-1462395___.png,30,163,2
0512_10_47_41___i10512237__________SM_______CR_TP1_ID1462429_CAM0_TP1_THR750_CN1589280491240735000_TCN-1462429_MN.png,66,187,2
0512_10_48_11___i10512271_OT_______SM_______CR_TP1_ID1462461_CAM0_TP1_THR750_CN1589280491240735000_TCN-1462461_MN.png,55,208,2
0512_14_44_43___i12616827__________SM_______CR_TP1_ID4663841_CAM0_TP1_THR962_CN1589294694046259000_TCN-4663841___.png,122,173,2
0512_16_59_14___i12673588__________SM_______CR_TP1_ID4749521_CAM0_TP1_THR912_CN1589302766860549000_TCN-4749521___.png,100,12,8
0512_17_43_34___i12690148__________SM_______CR_TP1_ID4777776_CAM0_TP1_THR932_CN1589305423384105000_TCN-4777776___.png,121,177,2
0512_17_47_34___i12690807__________SM_______CR_TP1_ID4779417_CAM0_TP1_THR947_CN1589305661431915000_TCN-4779417___.png,91,163,7
0512_21_46_50___i10960180__________SM_______CR_TP1_ID1485391_CAM0_TP1_THR750_CN1589319976811160000_TCN-1485391_MN.png,66,170,3
0513_07_47_20___i11275843__________SM_______CR_TP1_ID1518050_CAM0_TP1_THR980_CN1589356072764486000_TCN-1518050___.png,55,159,3
0513_18_25_23___i11629363__________SM_______CR_TP1_ID1544539_CAM0_TP1_THR994_CN1589394275072186000_TCN-1544539___.png,22,138,0
0514_09_50_29___i12112499__________SM_______CR_TP1_ID1580136_CAM0_TP1_THR750_CN1589449842003382000_TCN-1580136_MN.png,55,132,3
0514_18_52_10___i37569_SB________________CR_TP1_ID379_CAM0_TP1_THR899_CN1589482331987910000_TCN-379___.png,71,107,7
0514_18_52_12___i37592_IN_______SM_______CR_TP1_ID1000003290_CAM0_TP1_THR650_CN1589482334310445000_TCN-1000003290_MN.png,112,197,7
0514_19_42_25___i67735_SB________________CR_TP1_ID1360_CAM0_TP1_THR807_CN1589485347859320000_TCN-1360___.png,102,144,5
0514_21_03_30___i116391_IN_______SM_______CR_TP1_ID1000012823_CAM0_TP1_THR650_CN1589490212087164000_TCN-1000012823_MN.png,122,105,7
0514_21_03_53___i116620_SG________________CR_TP1_ID5367_CAM0_TP1_THR776_CN1589490234925754000_TCN-5367___.png,50,152,7
0515_11_32_18___i12976252__________SM_______CR_TP1_ID1651703_CAM0_TP1_THR758_CN1589542374712496000_TCN-1651703___.png,6,95,7
0516_04_49_18___i13455883__________SM_______CR_TP1_ID1696687_CAM0_TP1_THR951_CN1589604486688796000_TCN-1696687___.png,18,171,3
0518_07_57_16___i446267__________SM_______CR_TP1_ID119694_CAM0_TP1_THR996_CN1589788633285106000_TCN-119694___.png,46,144,3
0518_08_17_59___i469830__________SM_______CR_TP1_ID121776_CAM0_TP1_THR975_CN1589789876161971000_TCN-121776___.png,88,191,7
0518_16_34_05___i916630__________SM_______CR_TP1_ID239854_CAM0_TP1_THR672_CN1589819638883224000_TCN-239854___.png,69,164,3
0519_09_13_51___i616769__________SM_______CR_TP1_ID285200_CAM0_TP1_THR750_CN1589879636300650000_TCN-285200_MN.png,65,201,3
0519_10_53_47___i698910__________SM_______CR_TP1_ID307084_CAM0_TP1_THR822_CN1589885624776372000_TCN-307084___.png,93,197,3
0519_11_54_10___i4359532__________SM_______CR_TP1_ID3941346_CAM0_TP1_THR989_CN1589889258437102000_TCN-3941346___.png,120,175,7
0519_12_48_41___i4391360_IB________________CR_TP1_ID3956441_CAM0_TP1_THR975_CN1589892527780139000_TCN-3956441___.png,98,170,7
0519_14_50_26___i892308_IB________________CR_TP1_ID341975_CAM0_TP1_THR750_CN1589899836013049000_TCN-341975_MN.png,15,190,7
0519_15_09_50___i908077__________SM_______CR_TP1_ID343353_CAM0_TP1_THR754_CN1589900971662390000_TCN-343353___.png,104,178,3
0520_11_44_20___i5247239_SB________________CR_TP1_ID4648177_CAM0_TP1_THR881_CN1589975066030169000_TCN-4648177___.png,59,142,3
0520_21_25_02___i5603114_IB____PC_SM_______CR_TP1_ID5027921_CAM0_TP1_THR972_CN1590009913491864000_TCN-5027921___.png,118,167,0
0521_14_57_04___i3167181__________SM_______CR_TP1_ID578531_CAM0_TP1_THR887_CN1590073033126878000_TCN-578531___.png,241,130,3
0521_20_48_10___i3511366__________SM_______CR_TP1_ID589112_CAM0_TP1_THR794_CN1590093932047162000_TCN-589112___.png,41,132,3
0521_20_48_30___i3511415__________SM_______CR_TP1_ID589158_CAM0_TP1_THR750_CN1590093932047162000_TCN-589158_MN.png,0,149,3
0525_15_16_42___i8556551__________SM_______CR_TP1_ID844435_CAM0_TP1_THR993_CN1590419815850368000_TCN-844435___.png,96,133,3
0525_16_22_08___i8629693_IB________________CR_TP1_ID845004_CAM0_TP1_THR779_CN1590423744451376000_TCN-845004___.png,49,166,3
0525_18_32_47___i8755300__________SM_______CR_TP1_ID848706_CAM0_TP1_THR861_CN1590431538331774000_TCN-848706___.png,38,177,3
0527_15_48_13___i553899__________SM_______CR_TP1_ID14912_CAM0_TP1_THR870_CN1590594495649887000_TCN-14912___.png,134,216,1
0527_16_01_38___i565519__________SM_______CR_TP1_ID1000024639_CAM0_TP1_THR650_CN1590595300273492000_TCN-1000024639_MN.png,129,181,1
0527_16_30_40___i591241__________SM_______CR_TP1_ID1000025642_CAM0_TP1_THR650_CN1590597042971097000_TCN-1000025642_MN.png,50,8,4
0527_18_27_39___i5880___________________CR_TP1_ID614_CAM0_TP1_THR671_CN-614_TCN-614___.png,30,128,3
0527_18_35_39___i10680__________SM_______CR_TP1_ID943_CAM0_TP1_THR945_CN1590604538280018000_TCN-943___.png,78,148,6
0527_19_07_03___i29526___________________CR_TP1_ID2498_CAM0_TP1_THR674_CN-2498_TCN-2498___.png,247,119,3
0527_19_22_02___i38510___________________CR_TP1_ID3584_CAM0_TP1_THR674_CN-3584_TCN-3584___.png,76,133,4
0527_20_11_08___i67982_OT_______SM_______CR_TP1_ID1000011643_CAM0_TP1_THR650_CN1590610270394929000_TCN-1000011643_MN.png,37,129,3
0527_20_11_10___i67997__________SM_______CR_TP1_ID24410_CAM0_TP1_THR979_CN1590610271306489000_TCN-24410___.png,7,124,3
0527_23_12_00___i176523__________SM_______CR_TP1_ID78796_CAM0_TP1_THR984_CN1590621119420346000_TCN-78796___.png,245,128,4
0527_23_12_02___i176543__________SM_______CR_TP1_ID78821_CAM0_TP1_THR985_CN1590621124312130000_TCN-78821___.png,23,135,3
0528_09_13_14___i7521__________SM_______CR_TP1_ID4073_CAM0_TP1_THR825_CN1590657194324477000_TCN-4073___.png,75,180,0
0528_09_15_44___i9024__________SM_______CR_TP1_ID1000005226_CAM0_TP1_THR650_CN1590657338928611000_TCN-1000005226_MN.png,58,138,2
0529_08_25_33___i13147434__________SM_______CR_TP1_ID1024647_CAM0_TP1_THR968_CN1590740731528703000_TCN-1024647___.png,49,154,3
0529_13_15_40___i13375497__________SM_______CR_TP1_ID1036343_CAM0_TP1_THR683_CN1590758151789925000_TCN-1036343___.png,242,103,7
0529_14_04_53___i13399111_OT________________CR_TP1_ID1039401_CAM0_TP1_THR855_CN1590761115448287000_TCN-1039401___.png,60,155,3
0529_15_11_11___i13461856__________SM_______CR_TP1_ID1040629_CAM0_TP1_THR844_CN1590765095060516000_TCN-1040629___.png,7,118,3
0543737__0717__10_30_50__________.png,227,128,6
0547162__0717__10_36_33__________.png,192,193,6
0548044__0717__10_38_01_PC_______.png,169,184,6
0548183__0717__10_38_15_PC_______.png,69,205,6
0548239__0717__10_38_20__________.png,107,162,6
0548502__0717__10_38_47_PC_______.png,184,104,6
0548514__0717__10_38_48_P1____END.png,179,106,6
0549766__0717__10_40_53__________.png,3,133,6
0558030__0717__10_54_39_PC_______.png,238,122,6
0558033__0717__10_54_40_PC_______.png,213,129,6
0559173__0717__10_56_34__________.png,0,129,6
0563002__0717__11_02_56_PC_______.png,238,149,6
0563096__0717__11_03_06_______END.png,235,128,6
0566736__0717__11_09_10_______END.png,198,126,6
0570449__0717__11_15_21_PC_______.png,73,211,6
0573539__0717__11_20_30_PC_______.png,160,95,6
0582155__0717__11_34_51_______END.png,141,164,6
0582172__0717__11_34_53__________.png,114,159,6
0582199__0717__11_34_56_PC_______.png,138,171,6
0594714__0718__12_39_56_______END.png,133,76,6
0598311__0717__12_50_05__________.png,142,172,6
0601_16_29_55___i17203151__________SM_______CR_TP1_ID1254617_CAM0_TP1_THR785_CN1591028989103795000_TCN-1254617___.png,103,145,3
0601_16_36_26___i17204166_SB________________CR_TP1_ID1255037_CAM0_TP1_THR810_CN1591029416975634000_TCN-1255037___.png,40,162,3
0601_16_48_27___i17210409_IB_______SM_______CR_TP1_ID1255849_CAM0_TP1_THR750_CN1591030137520654000_TCN-1255849_MN.png,49,167,3
0602_15_54_31___i18132458__________SM_______CR_TP1_ID1449091_CAM0_TP1_THR773_CN1591113301237495000_TCN-1449091___.png,18,179,3
0605720__0716__17_18_58__________.png,20,229,6
0609_07_07_56___i25600135__________SM_______CR_TP1_ID2154248_CAM0_TP1_THR982_CN1591686415609463000_TCN-2154248___.png,247,111,0
0613115__0717__13_02_30_PC_______.png,163,227,6
0622473__0723__08_39_19__________.png,148,154,6
0624564__0723__08_41_04_______END.png,163,173,6
0625163__0717__13_12_35_______END.png,55,198,6
0626132__0717__13_13_23__________.png,62,208,6
0633859__0723__08_48_49__________.png,211,218,6
0634564__0717__13_20_43__________.png,26,160,6
0634573__0723__08_49_25_______END.png,164,201,6
0681780__0723__09_28_45_______END.png,20,27,6
0720643__0723__10_01_09__________.png,163,176,6
0747830__0723__10_23_49__________.png,174,160,6
0754092__0723__10_29_02_______END.png,145,196,6
0772405__0717__15_16_22_______END.png,1,181,6
0773053__0717__15_16_54_______END.png,143,84,6
0773202__0715__16_51_09__________.png,136,79,6
0773711__0717__15_17_28__________.png,111,72,6
0774042__0717__15_17_44_______END.png,141,84,6
0774299__0717__15_17_57__________.png,146,87,6
0774619__0717__15_18_13_PC____END.png,142,82,6
0774665__0723__10_46_11_______END.png,139,79,6
0775354__0715__16_52_55_______END.png,164,86,6
0778507__0717__15_21_28_______END.png,158,88,6
0781160__0717__15_23_41_P1____END.png,144,224,6
0782692__0723__10_52_52_P1____END.png,165,82,6
0790004__0723__10_58_58_______END.png,119,74,6
0790986__0717__15_31_55_P1____END.png,26,92,6
0791695__0717__15_32_32_P1____END.png,151,238,6
0794182__0717__15_34_38_P1____END.png,146,191,6
0794529__0717__15_34_56_PC_______.png,190,218,6
0794565__0723__11_02_46__________.png,187,87,6
0795606__0717__15_35_52_______END.png,172,85,6
0795756__0717__15_36_00_P1____END.png,129,74,6
0795895__0717__15_36_06__________.png,106,70,6
0796169__0717__15_36_20_______END.png,112,71,6
0800027__0723__11_07_19_______END.png,148,80,6
0803__19_30_49__i0000580__gcn1596472247282656__1596472247282656__person_____L2____.png,141,180,6
0803__19_30_49__i0000581__gcn1596472247282656__1596472247282656__person___________.png,163,187,6
0804486__0717__15_43_18_______END.png,173,92,6
0805458__0717__15_44_09_______END.png,228,11,6
0806120__0717__15_44_40_PC_______.png,116,70,6
0807723__0717__15_46_01_P1____END.png,118,159,6
0810__08_55_57__i1039776__gcn0000001__0000001__wrong___________.png,120,77,6
0810__08_56_23__i1040078__gcn0000001__0000001__wrong___________.png,120,76,6
0810__08_56_26__i1040099__gcn0000001__0000001__wrong__P2_______.png,115,73,6
0810__08_56_56__i1040765__gcn0000001__0000001__wrong___________.png,125,77,6
0810__08_57_02__i1040819__gcn0000001__0000001__wrong___________.png,121,73,6
0810__08_57_08__i1040876__gcn1597039026001180__1597039026730738__person___________.png,129,80,6
0810__08_59_05__i1042130__gcn0000001__0000001__wrong___________.png,129,78,6
0810__08_59_27__i1042351__gcn1597039164218816__1597039165592144__person___________.png,127,79,6
0810__09_00_17__i1042814__gcn0000001__0000001__wrong___________.png,123,74,6
0810__09_01_11__i1043392__gcn0000001__0000001__wrong___________.png,147,82,6
0810__09_01_56__i1044047__gcn0000001__0000001__wrong___________.png,149,85,6
0810__09_03_39__i1045748__gcn0000001__0000001__wrong__P2_______.png,136,77,6
0810__09_03_51__i1045904__gcn0000001__0000001__wrong___________.png,138,78,6
0810__09_03_52__i1045910__gcn0000001__0000001__wrong___________.png,142,80,6
0810__09_04_01__i1046007__gcn0000001__0000001__wrong___________.png,128,73,6
0810__09_04_10__i1046079__gcn0000001__0000001__wrong___________.png,149,81,6
0810__09_04_44__i1046389__gcn0000001__0000001__wrong__P2_L1____.png,126,73,6
0810__09_05_08__i1046587__gcn0000001__0000001__wrong__P2_______.png,133,77,6
0810__09_05_10__i1046603__gcn0000001__0000001__wrong___________.png,134,78,6
0810__09_05_24__i1046704__gcn0000001__0000001__wrong___________.png,134,78,6
0810__09_07_10__i1048427__gcn0000001__0000001__wrong_____L1____.png,146,82,6
0810__09_07_22__i1048544__gcn0000001__0000001__wrong___________.png,148,85,6
0810__09_18_45__i1062176__gcn0000001__0000001__wrong___________.png,141,85,6
0810__09_26_26__i1068409__gcn0000001__0000001__wrong___________.png,146,81,6
0810__10_07_31__i1113498__gcn0000001__0000001__wrong___________.png,17,112,6
0810__10_09_57__i1115787__gcn0000001__0000001__wrong___________.png,106,98,6
0810__10_10_03__i1115826__gcn0000001__0000001__wrong___________.png,86,99,6
0811__21_29_33__i0046445__gcn0000001__0000001__wrong___________.png,46,105,6
0813__18_58_43__i1025793__gcn1597334309753289__1597334321811742__multy__P2_L1____.png,143,166,6
0813__22_51_33__i1165517__gcn1597348292090252__1597348292090252__multy_____L2____.png,223,234,6
0813__22_51_34__i1165523__gcn1597348281613087__1597348292524652__person_____L2____.png,115,21,6
0813__22_51_35__i1165538__gcn1597348293933673__1597348293933673__person_____L2____.png,119,46,6
0813__22_51_35__i1165539__gcn1597348293933673__1597348294077000__person_____L2____.png,90,80,6
0813__22_51_36__i1165541__gcn1597348293933673__1597348294281934__person_____L2____.png,121,20,6
0813__22_51_36__i1165542__gcn1597348293933673__1597348294337076__person___________.png,208,234,6
0813__22_51_36__i1165548__gcn1597348293933673__1597348294648548__person_____L2____.png,53,168,6
0818__21_43_37__i0111786__gcn1597776068825968__1597776215119081__person_____L1____.png,173,116,6
0818__22_52_44__i0153264__gcn1597776010225113__1597780362373992__person_____L1____.png,176,108,6
0818__22_57_15__i0155977__gcn1597780357111825__1597780632728405__person_____L2____.png,211,113,6
0819__07_48_04__i0474512__gcn1597812482121086__1597812482121086__multy_____L1____.png,234,128,0
0819__07_48_22__i0474698__gcn1597768009837868__1597812501021733__person__P2_L2____.png,175,0,6
0819__07_48_23__i0474701__gcn1597812501066871__1597812501066871__multy_____L2____.png,198,190,0
0819__07_53_49__i0477967__gcn1597812827195612__1597812827195612__multy___________.png,19,125,6
0819__07_54_08__i0478151__gcn1597812846192253__1597812846192253__multy_____L2____.png,34,142,6
0819__08_04_41__i0484483__gcn1597813479304432__1597813479304432__multy_____L2____.png,20,207,6
0819__08_04_43__i0484510__gcn1597813481970158__1597813481970158__multy_____L2____.png,24,218,6
0819__08_04_45__i0484521__gcn1597813482971218__1597813482971218__multy_____L2____.png,41,187,6
0819__08_05_30__i0484975__gcn1597813528001741__1597813528501965__person_____L2____.png,196,101,6
0819__08_05_30__i0484976__gcn1597813526959623__1597813527977139__person_____L2____.png,194,102,6
0819__08_06_57__i0485846__gcn1597813615587965__1597813615587965__multy_____L2____.png,212,114,6
0819__08_07_01__i0485884__gcn1597813617343911__1597813617343911__multy___________.png,61,152,3
0819__08_07_16__i0486031__gcn1597813631913084__1597813631913084__multy__P2_L2____.png,52,1,3
0819__08_07_17__i0486042__gcn1597809950500626__1597813635216243__person___________.png,112,232,3
0819__08_07_17__i0486043__gcn1597809950500626__1597813635288357__person_____L1____.png,164,236,3
0819__08_07_49__i0486368__gcn1597813667580744__1597813667580744__multy_____L2____.png,224,209,6
0819__08_07_50__i0486379__gcn1597813667580744__1597813667580744__multy__P2_______.png,15,255,6
0819__08_07_54__i0486410__gcn1597809950500626__1597813672122588__person__P1_L2____.png,170,237,6
0819__08_13_15__i2078086__gcn0128699__0128708__person_____L2____.png,147,90,6
0819__08_13_45__i2078684__gcn0128599__0129247__person___________.png,150,85,6
0819__08_14_06__i2079104__gcn0128655__0130127__person___________.png,156,84,6
0819__08_14_48__i2079949__gcn0128655__0132558__person_____L2____.png,162,88,6
0819__08_14_49__i2079958__gcn0132611__0132611__multy_____L2____.png,147,94,6
0819__08_14_53__i2080038__gcn0132752__0132752__person_____L2____.png,160,89,6
0820549__0717__15_56_47_______END.png,175,152,6
0826__10_05_57__i0630419__gcn1598425094603462__1598425555559940__person___________.png,120,71,6
0826__10_06_05__i0630535__gcn1598425563767804__1598425563767804__person_____L2____.png,126,73,6
0826__10_06_49__i0631337__gcn1598422188376599__1598425607118199__person___________.png,122,77,6
0826__10_06_55__i0631396__gcn1598425612743909__1598425614009768__person_____L1____.png,136,81,6
0826__10_07_12__i0631669__gcn1598425631524918__1598425631524918__multy_____L2____.png,132,77,6
0826__10_08_04__i0632477__gcn1598425682277968__1598425682277968__multy_____L2____.png,121,79,6
0826__10_10_55__i0634740__gcn1598425853855279__1598425853855279__multy_____L2____.png,134,86,6
0826__10_19_26__i0643479__gcn1598426363075245__1598426364438683__person___________.png,117,91,6
0826__10_19_30__i0643569__gcn1598426363075245__1598426369800312__person___________.png,108,85,6
0826__10_19_31__i0643595__gcn1598426363075245__1598426370931161__person___________.png,115,82,6
0826__10_19_42__i0643711__gcn1598426379356336__1598426379356336__multy_____L2____.png,114,77,6
0826__10_19_48__i0643814__gcn1598426350589745__1598426385268955__person___________.png,113,75,6
0829__10_00_09__i2175002__gcn1598684395735379__1598684395735379__multy___________.png,157,100,6
0840991__0723__11_41_28__________.png,235,211,6
0841645__0717__16_14_50_______END.png,167,130,6
0860911__0717__16_31_29_______END.png,45,203,6
0877206__0723__12_11_39_______END.png,11,22,6
0899832__0723__12_30_31__________.png,44,226,6
0903152__0717__17_06_58_PC_______.png,143,133,6
0922__19_05_03__i0001053__gcn0000210__0000210__person__P2_______.png,41,65,6
0922__19_07_38__i0002607__gcn0000919__0000919__person_____L2____.png,244,93,6
0922__19_08_28__i0003107__gcn0001201__0001215__person_____L1____.png,158,91,6
0922__19_08_34__i0003164__gcn0001201__0001278__person__P2_L1____.png,238,121,6
0922__19_10_09__i0004114__gcn0001544__0001573__person__P1_L2____.png,221,111,6
0922__19_19_11__i0009542__gcn0001742__0001742__person_____L2____.png,191,100,6
0922__19_19_12__i0009543__gcn0001742__0001743__person___________.png,187,103,6
0922__19_20_23__i0010259__gcn0001769__0001774__person__P2_L1____.png,69,145,6
0922__19_24_28__i0012706__gcn0002037__0002047__person___________.png,1,122,6
0922__19_24_28__i0012707__gcn0002037__0002048__person_____L1____.png,5,122,6
0922__19_24_40__i0012829__gcn0002037__0002147__person_____L1____.png,107,252,6
0922__19_32_53__i0017757__gcn0002211__0002288__person___________.png,193,99,6
0922__19_32_53__i0017760__gcn0002211__0002288__person___________.png,185,99,6
0922__19_40_47__i0022496__gcn0002512__0002516__person___________.png,207,108,6
0922__19_56_36__i0031985__gcn0002654__0002677__person__P1_L2____.png,81,40,6
0922__20_03_33__i0036163__gcn0003381__0003388__person__P2_______.png,148,176,6
0922__20_08_19__i0039020__gcn0003661__0003769__person__P2_L2____.png,210,200,6
0922__20_08_19__i0039025__gcn0003786__0003786__person_____L2____.png,224,183,6
0922__20_08_38__i0039213__gcn0003849__0003849__person_____L2____.png,254,173,6
0922__20_15_07__i0043101__gcn0003998__0004000__person_____L1____.png,161,89,6
0922__20_18_50__i0045334__gcn0004197__0004197__person_____L2____.png,116,168,6
0922__20_18_51__i0045339__gcn0004181__0004181__person__P1_L1____.png,184,42,3
0922__20_18_53__i0045364__gcn0004181__0004181__person_____L2____.png,242,218,3
0922__20_18_56__i0045387__gcn0004227__0004258__person__P1_L1____.png,224,203,6
0922__20_18_59__i0045423__gcn0004213__0004235__person__P2_______.png,43,150,3
0922__20_19_18__i0045617__gcn0004734__0004750__person_____L2____.png,173,93,6
0922__21_18_17__i0081004__gcn0005325__0005325__person_____L2____.png,154,107,6
0922__21_26_03__i0085665__gcn0006713__0006713__person_____L2____.png,53,147,6
0922__21_54_18__i0102618__gcn0006791__0006792__person_____L2____.png,62,245,6
0922__21_54_27__i0102711__gcn0006791__0006843__person___________.png,173,102,6
0922__22_04_31__i0108752__gcn0007164__0007223__person___________.png,249,121,6
0922__22_11_28__i0112918__gcn0007373__0007376__person___________.png,158,95,6
0922__22_12_07__i0113311__gcn0007417__0007434__person_____L1____.png,197,118,6
0922__22_12_08__i0113323__gcn0007417__0007435__person_____L2____.png,226,112,6
0922__22_58_24__i0141092__gcn0007571__0007579__person_____L2____.png,14,125,6
0922__22_59_37__i0141818__gcn0007893__0007914__person___________.png,208,105,6
0922__22_59_42__i0141871__gcn0007946__0007976__person___________.png,250,117,6
0922__23_15_39__i0151435__gcn0008173__0008216__person__P1_L2____.png,204,105,6
0922__23_15_39__i0151441__gcn0008234__0008236__person_____L1____.png,186,98,6
0923__06_59_50__i0429990__gcn0008331__0008334__person_____L2____.png,234,118,6
0923__06_59_58__i0430069__gcn0008468__0008468__person_____L2____.png,42,74,0
0923__07_00_01__i0430098__gcn0008420__0008485__person___________.png,23,147,6
0923__07_01_18__i0430870__gcn0008551__0008551__person_____L1____.png,15,185,0
0923__07_02_20__i0431487__gcn0008659__0008808__person__P2_______.png,247,108,3
0923__07_03_01__i0431902__gcn0009068__0009068__person_____L1____.png,173,226,3
0923__07_08_17__i0435062__gcn0010443__0010525__person_____L2____.png,214,71,6
0923__07_08_24__i0435137__gcn0010451__0010514__person_____L2____.png,133,78,0
0923__07_12_34__i0437631__gcn0010712__0010715__person___________.png,163,96,3
0923__07_16_46__i0440148__gcn0010945__0010945__person__P2_______.png,81,7,6
0923__07_20_04__i0442127__gcn0011240__0011277__multy__P2_L2____.png,167,176,6
0923__07_20_06__i0442152__gcn0011339__0011360__person_____L2____.png,161,198,6
0923__07_20_07__i0442159__gcn0011233__0011378__person__P1_L2____.png,193,68,6
0923__07_22_38__i0443675__gcn0011663__0011663__person_____L2____.png,194,105,6
0923__07_25_18__i0445271__gcn0012093__0012175__person___________.png,215,120,6
0923__07_29_21__i0447700__gcn0012765__0012817__multy__P2_L2____.png,177,95,6
0923__07_29_26__i0447747__gcn0012727__0012941__person__P2_L1____.png,238,111,6
0923__07_29_27__i0447762__gcn0012896__0012965__person__P2_______.png,243,113,6
0923__07_29_32__i0447801__gcn0012945__0013155__person_____L2____.png,186,171,6
0923__07_29_36__i0447826__gcn0013217__0013323__person___________.png,233,117,7
0923__07_29_39__i0447841__gcn0013253__0013253__person__P2_______.png,130,163,3
0923__07_29_39__i0447844__gcn0012945__0013476__person_____L2____.png,86,107,6
0923__07_29_41__i0447851__gcn0013523__0013556__person_____L2____.png,26,209,6
0923__07_29_41__i0447852__gcn0013365__0013569__multy_____L2____.png,13,119,6
0923__07_36_07__i0451763__gcn0014483__0014637__person_____L2____.png,122,1,6
0923__07_39_32__i0453815__gcn0015237__0015301__person_____L2____.png,130,83,3
0923__07_39_33__i0453819__gcn0015261__0015315__person_____L2____.png,45,127,6
0923__07_39_35__i0453847__gcn0015436__0015436__person_____L2____.png,100,165,3
0923__07_42_58__i0455868__gcn0016341__0016408__person_____L2____.png,177,97,6
0923__07_51_40__i0461095__gcn0017455__0017455__person__P2_L2____.png,16,167,6
0923__07_55_31__i0463399__gcn0020126__0020126__person__P2_L1____.png,200,73,6
0923__07_57_56__i0464856__gcn0022108__0022110__person__P2_______.png,95,16,0
0923__07_58_26__i0465152__gcn0017512__0019395__person__P2_______.png,200,186,6
0923__07_59_33__i0465824__gcn0022583__0022583__person__P1_L2____.png,52,24,6
0923__08_10_00__i0472096__gcn0023442__0023493__multy__P2_L2____.png,48,128,6
0923__08_10_05__i0472145__gcn0023508__0023820__person__P2_L2____.png,209,207,6
0923__08_14_52__i0475018__gcn0024333__0024392__person___________.png,207,117,6
0923__08_19_06__i0477560__gcn0024574__0024574__person__P2_______.png,107,226,4
0923__08_20_20__i0478298__gcn0024881__0024985__person__P2_______.png,60,168,3
0923__08_23_32__i0480215__gcn0025549__0025549__person_____L2____.png,170,99,6
0923__08_23_37__i0480264__gcn0025578__0025622__multy__P1_L2____.png,253,132,6
0923__08_23_42__i0480317__gcn0025694__0025722__person___________.png,39,217,6
0923__08_30_18__i0636447__gcn0001507__0001556__person___________.png,142,76,7
0923__08_30_20__i0636471__gcn0001571__0001571__multy_____L2____.png,129,78,7
0923__08_30_20__i0636474__gcn0001571__0001571__multy_____L1____.png,133,85,7
0923__08_30_24__i0636551__gcn0001507__0001606__person___________.png,146,76,7
0923__08_30_24__i0636559__gcn0001507__0001631__person_____L1____.png,146,80,7
0923__08_30_25__i0636574__gcn0001507__0001631__person___________.png,139,77,7
0923__08_30_38__i0636840__gcn0001507__0001866__person___________.png,176,79,7
0923__08_31_07__i0637416__gcn0001976__0002157__person___________.png,142,78,7
0923__08_31_59__i0638458__gcn0003096__0003096__person_____L2____.png,76,173,7
0923__08_32_27__i0639011__gcn0003520__0003520__person___________.png,144,76,7
0923__08_33_01__i0639699__gcn0003984__0004055__person___________.png,141,72,7
0923__08_34_15__i0641179__gcn0004803__0004803__person_____L2____.png,115,74,7
0923__08_34_16__i0641205__gcn0004820__0004820__person_____L2____.png,118,72,7
0923__08_34_17__i0641211__gcn0004820__0004832__person___________.png,119,72,7
0923__08_34_18__i0641236__gcn0004820__0004845__person___________.png,125,73,7
0923__08_35_23__i0642538__gcn0005595__0005601__person__P2_L2____.png,126,87,7
0923__08_35_23__i0642542__gcn0005595__0005601__person_____L2____.png,131,76,7
0923__08_35_23__i0642543__gcn0005595__0005601__person___________.png,130,78,7
0923__08_35_25__i0642576__gcn0005595__0005621__person_____L2____.png,142,75,7
0923__08_35_25__i0642577__gcn0005595__0005621__person___________.png,139,81,7
0923__08_36_45__i0644171__gcn0005716__0005830__person_____L1____.png,63,168,7
0923__08_37_44__i0645349__gcn0006425__0006428__person___________.png,116,74,6
0923__08_38_28__i0489177__gcn0027076__0027076__person__P1_L1____.png,6,82,6
0923__08_38_29__i0489188__gcn0027128__0027129__person_____L2____.png,144,24,6
0923__08_39_13__i0489622__gcn0027130__0027149__person__P2_______.png,131,243,0
0923__08_39_54__i0490036__gcn0027386__0027415__person_____L1____.png,175,96,1
0923__08_40_09__i0490182__gcn0027496__0027550__person__P2_L1____.png,70,118,1
0923__08_40_34__i0490437__gcn0027716__0027716__person__P2_______.png,114,153,7
0923__08_43_05__i0651783__gcn0007648__0007676__person_____L1____.png,148,81,1
0923__08_43_08__i0651839__gcn0007648__0007676__person___________.png,138,81,1
0923__08_43_09__i0651856__gcn0007648__0007721__person___________.png,148,80,1
0923__08_43_09__i0651863__gcn0007648__0007731__person_____L1____.png,143,80,1
0923__08_43_10__i0651880__gcn0007648__0007731__person__P2_L1____.png,146,74,1
0923__08_43_30__i0652284__gcn0007861__0007861__person_____L2____.png,130,73,6
0923__08_47_14__i0494434__gcn0028868__0028868__multy_____L2____.png,121,31,6
0923__08_49_26__i0495753__gcn0029364__0029364__person__P1_L2____.png,55,139,6
0923__08_49_31__i0495805__gcn0029426__0029454__person__P2_______.png,23,137,6
0923__08_49_35__i0495845__gcn0029568__0029568__multy_____L2____.png,241,117,6
0923__08_49_37__i0495869__gcn0029576__0029576__person_____L2____.png,248,126,6
0923__08_51_20__i0496898__gcn0031255__0031271__person___________.png,149,99,6
0923__08_51_55__i0662371__gcn0008419__0008419__person_____L2____.png,150,115,7
0923__08_52_41__i0663288__gcn0008890__0008979__person___________.png,142,79,6
0923__08_52_42__i0663319__gcn0008890__0008997__person___________.png,139,78,6
0923__08_52_42__i0663320__gcn0008890__0008998__person___________.png,139,78,6
0923__08_53_30__i0664282__gcn0009539__0009707__person___________.png,127,72,6
0923__08_54_30__i0665470__gcn0010356__0010590__person___________.png,143,83,7
0923__08_54_31__i0665480__gcn0010356__0010655__person_____L2____.png,145,88,6
0923__08_54_48__i0498973__gcn0031463__0031463__person___________.png,246,230,6
0923__08_57_10__i0668666__gcn0013270__0013271__person__P2_______.png,78,159,6
0923__08_57_14__i0668744__gcn0013270__0013271__person__P2_______.png,229,112,6
0923__08_57_51__i0669489__gcn0013953__0013955__person___________.png,129,73,7
0923__08_58_14__i0669940__gcn0014349__0014467__person_____L2____.png,151,75,7
0923__08_59_16__i0671192__gcn0015135__0015200__person___________.png,137,76,7
0923__08_59_16__i0671194__gcn0015135__0015202__person_____L2____.png,138,77,7
0923__08_59_25__i0671379__gcn0015330__0015364__person__P2_L1____.png,117,71,7
0923__08_59_25__i0671380__gcn0015330__0015365__person___________.png,114,71,7
0923__08_59_25__i0671381__gcn0015175__0015366__person__P2_L2____.png,124,73,7
0923__08_59_28__i0671425__gcn0015413__0015415__person___________.png,130,79,7
0923__08_59_28__i0671426__gcn0015413__0015417__person___________.png,130,78,7
0923__08_59_28__i0671428__gcn0015413__0015421__person___________.png,129,77,7
0923__09_00_03__i0672138__gcn0015890__0015910__person___________.png,106,71,7
0923__09_00_04__i0672143__gcn0015890__0015915__person___________.png,110,73,7
0923__09_00_17__i0502267__gcn0032691__0032692__person__P2_L2____.png,25,151,6
0923__09_10_06__i0684194__gcn0024132__0024316__person_____L1____.png,151,75,6
0923__09_10_07__i0684199__gcn0024132__0024321__person___________.png,150,79,7
0923__09_10_16__i0684380__gcn0024471__0024471__person_____L2____.png,116,72,6
0923__09_12_28__i0687021__gcn0026082__0026082__person_____L2____.png,141,71,6
0923__09_12_46__i0687389__gcn0026100__0026426__person___________.png,151,82,7
0923__09_12_47__i0687399__gcn0026100__0026436__person___________.png,146,81,7
0923__09_15_48__i0691025__gcn0029730__0029730__person_____L2____.png,110,71,7
0923__09_16_50__i0692274__gcn0030813__0030813__person_____L2____.png,106,70,6
0923__09_16_54__i0692345__gcn0030824__0030942__person___________.png,130,75,7
0923__09_16_55__i0692359__gcn0030824__0030967__person___________.png,135,79,7
0923__09_16_55__i0692360__gcn0030824__0030968__person___________.png,135,80,7
0923__09_16_55__i0692365__gcn0030824__0030973__person___________.png,135,80,7
0923__09_17_29__i0512593__gcn0035530__0035530__person__P1_L1____.png,66,5,7
0923__09_17_46__i0693373__gcn0032006__0032008__person___________.png,127,74,7
0923__09_17_46__i0693375__gcn0032006__0032011__person___________.png,128,75,7
0923__09_17_47__i0693395__gcn0032006__0032022__person__P2_L1____.png,130,77,7
0923__09_17_47__i0693399__gcn0032006__0032023__person___________.png,128,73,7
0923__09_17_47__i0693401__gcn0032006__0032028__person_____L1____.png,123,70,7
0923__09_17_48__i0693416__gcn0032006__0032036__person___________.png,131,77,7
0923__09_18_11__i0693886__gcn0032465__0032465__person_____L2____.png,141,74,7
0923__09_18_11__i0693888__gcn0032465__0032465__person_____L2____.png,152,79,7
0923__09_18_12__i0693904__gcn0032465__0032487__person__P2_L2____.png,129,73,7
0923__09_18_12__i0693906__gcn0032465__0032491__person___________.png,127,77,7
0923__09_18_22__i0694097__gcn0032696__0032699__person___________.png,130,74,7
0923__09_19_03__i0694924__gcn0033335__0033357__person___________.png,129,79,7
0923__09_19_03__i0694928__gcn0033335__0033361__person___________.png,130,79,7
0923__09_19_46__i0695791__gcn0034213__0034221__person___________.png,135,76,7
0923__09_21_14__i0697534__gcn0035816__0035828__person___________.png,144,80,7
0923__09_21_14__i0697536__gcn0035816__0035830__person___________.png,143,79,7
0923__09_21_15__i0697569__gcn0035835__0035835__person_____L2____.png,136,78,7
0923__09_21_24__i0697745__gcn0036026__0036039__person___________.png,137,71,7
0923__09_21_34__i0697936__gcn0036265__0036281__person___________.png,137,77,7
0923__09_21_39__i0698050__gcn0036372__0036372__person_____L2____.png,139,81,7
0923__09_21_44__i0698135__gcn0036372__0036466__person_____L1____.png,134,72,7
0923__09_22_06__i0698585__gcn0036744__0036816__person___________.png,115,73,6
0923__09_22_14__i0698744__gcn0036911__0036955__person___________.png,126,77,7
0923__09_23_20__i0700065__gcn0038245__0038389__person___________.png,121,71,6
0923__09_23_45__i0700555__gcn0038783__0038805__person___________.png,136,72,7
0923__09_24_39__i0701645__gcn0039797__0039801__person__P2_L2____.png,161,87,6
0923__09_24_53__i0701917__gcn0040032__0040033__person___________.png,135,77,2
0923__09_25_41__i0702881__gcn0040971__0041186__person___________.png,146,84,7
0923__09_25_50__i0703055__gcn0041463__0041467__person___________.png,136,78,7
0923__09_26_34__i0703939__gcn0042386__0042386__person_____L2____.png,141,76,7
0923__09_26_38__i0704017__gcn0042402__0042450__person___________.png,126,80,7
0923__09_26_39__i0704047__gcn0042402__0042480__person___________.png,125,74,7
0923__09_26_42__i0704092__gcn0042514__0042525__person___________.png,142,78,7
0923__09_27_04__i0704541__gcn0043005__0043005__person_____L2____.png,128,80,7
0923__09_27_05__i0704556__gcn0043005__0043005__person_____L2____.png,129,78,7
0923__09_27_05__i0704559__gcn0043005__0043005__person_____L2____.png,127,80,7
0923__09_27_06__i0704586__gcn0043005__0043036__person___________.png,133,74,6
0923__09_27_14__i0704737__gcn0043102__0043237__person_____L2____.png,134,76,7
0923__09_27_18__i0704821__gcn0043102__0043349__person_____L2____.png,130,78,7
0923__09_27_19__i0704844__gcn0043198__0043355__person___________.png,143,72,7
0923__09_27_33__i0705120__gcn0043102__0043661__person___________.png,136,88,6
0923__09_28_23__i0706130__gcn0044413__0044571__person___________.png,139,74,7
0923__09_28_24__i0706133__gcn0044413__0044574__person___________.png,142,75,7
0923__09_28_24__i0706134__gcn0044413__0044575__person___________.png,141,75,7
0923__09_28_28__i0706220__gcn0044674__0044694__person___________.png,117,72,7
0923__09_28_28__i0706225__gcn0044674__0044699__person___________.png,117,73,7
0923__09_28_52__i0706704__gcn0045075__0045175__person___________.png,118,73,7
0923__09_28_52__i0706707__gcn0045075__0045178__person___________.png,118,73,7
0923__09_30_07__i0708211__gcn0045611__0045623__person_____L1____.png,135,77,7
0923__09_30_15__i0708355__gcn0045630__0045642__person_____L2____.png,141,77,7
0923__09_30_29__i0520390__gcn0037074__0037085__person__P2_______.png,8,237,2
0923__09_30_51__i0709072__gcn0045950__0045996__person___________.png,125,75,7
0923__09_31_31__i0709882__gcn0046608__0046608__person_____L2____.png,139,78,7
0923__09_32_21__i0710888__gcn0046942__0046985__person___________.png,125,84,7
0923__09_32_30__i0711065__gcn0047012__0047017__person___________.png,127,77,7
0923__09_32_30__i0711068__gcn0047012__0047020__person___________.png,129,76,7
0923__09_32_30__i0711071__gcn0047012__0047023__person___________.png,127,78,7
0923__09_33_22__i0712100__gcn0047763__0047778__person___________.png,122,77,7
0923__09_34_21__i0713279__gcn0048377__0048381__person___________.png,133,75,6
0923__09_34_21__i0713280__gcn0048377__0048382__person___________.png,133,75,6
0923__09_34_42__i0713710__gcn0048763__0048767__person___________.png,120,72,7
0923__09_34_42__i0713711__gcn0048763__0048769__person___________.png,117,71,7
0923__09_35_36__i0714789__gcn0049473__0049481__person___________.png,133,82,7
0923__09_37_07__i0716602__gcn0050335__0050338__person___________.png,113,70,7
0923__09_37_07__i0716603__gcn0050335__0050339__person___________.png,112,70,7
0923__09_44_26__i0725390__gcn0051319__0051321__person___________.png,121,77,7
0923__09_47_25__i0728965__gcn0051638__0051638__person___________.png,118,70,7
0923__09_47_40__i0729250__gcn0051703__0051703__person_____L2____.png,141,72,6
0923__09_47_40__i0729252__gcn0051703__0051705__person___________.png,130,71,6
0923__09_47_46__i0729378__gcn0051710__0051753__person_____L1____.png,133,72,7
0923__09_47_58__i0729614__gcn0052036__0052043__person__P2_L2____.png,146,77,6
0923__09_48_06__i0729772__gcn0052072__0052079__person___________.png,132,72,6
0923__09_48_22__i0531121__gcn0038182__0038182__person_____L1____.png,171,96,6
0923__10_03_07__i0747789__gcn0055225__0055243__person___________.png,120,71,6
0923__10_06_54__i0752329__gcn0055384__0055384__person_____L2____.png,125,72,6
0923__10_09_57__i0755990__gcn0055623__0055623__person___________.png,139,80,4
0923__10_09_57__i0755993__gcn0055623__0055645__person___________.png,139,82,4
0923__10_09_57__i0755997__gcn0055623__0055649__person___________.png,148,78,4
0923__10_10_02__i0756100__gcn0055623__0055719__person_____L1____.png,146,83,4
0923__10_10_09__i0756239__gcn0055623__0055753__person_____L2____.png,150,85,4
0923__10_10_15__i0756352__gcn0055858__0055885__person__P1_L1____.png,144,87,4
0923__10_10_15__i0756354__gcn0055858__0055887__person_____L1____.png,145,80,6
0923__10_10_16__i0756363__gcn0055858__0055891__person___________.png,133,84,6
0923__10_10_19__i0756426__gcn0055898__0055903__person_____L1____.png,136,80,4
0923__10_10_19__i0756439__gcn0055898__0055906__person__P2_L2____.png,135,80,4
0923__10_10_20__i0756445__gcn0055898__0055912__person___________.png,135,79,4
0923__10_10_23__i0756519__gcn0055920__0055920__person___________.png,143,79,4
0923__10_10_27__i0756587__gcn0055994__0055996__person___________.png,135,76,4
0923__10_11_10__i0757451__gcn0056017__0056025__person___________.png,132,78,4
0923__10_11_10__i0757452__gcn0056017__0056026__person___________.png,132,79,4
0923__10_12_30__i0545599__gcn0039779__0039779__person_____L2____.png,134,46,3
0923__10_12_43__i0545734__gcn0039899__0039899__person_____L2____.png,167,93,6
0923__10_14_43__i0761713__gcn0057216__0057216__person_____L2____.png,117,72,6
0923__10_15_03__i0762090__gcn0057603__0057705__person___________.png,129,74,1
0923__10_15_06__i0762145__gcn0057603__0057836__person_____L1____.png,131,75,1
0923__10_15_23__i0762512__gcn0058102__0058102__person___________.png,140,81,6
0923__10_18_04__i0548948__gcn0040141__0040141__person___________.png,148,84,6
0923__10_18_05__i0548954__gcn0040136__0040148__person___________.png,173,96,6
0923__10_21_27__i0769783__gcn0058173__0058179__person___________.png,120,70,7
0923__10_21_27__i0769787__gcn0058173__0058183__person___________.png,123,71,7
0923__10_21_29__i0769829__gcn0058173__0058224__person___________.png,123,70,7
0923__10_22_02__i0770486__gcn0058414__0058420__person___________.png,124,75,7
0923__10_22_05__i0551354__gcn0040976__0040976__person_____L2____.png,168,27,1
0923__10_22_10__i0770646__gcn0058436__0058442__person___________.png,114,72,7
0923__10_22_59__i0771629__gcn0058577__0058579__person___________.png,122,74,7
0923__10_23_17__i0552070__gcn0041291__0041291__person_____L2____.png,168,93,6
0923__10_23_41__i0772475__gcn0058593__0058593__person___________.png,126,73,7
0923__10_26_06__i0775342__gcn0061290__0061290__person_____L2____.png,129,75,7
0923__10_27_41__i0554718__gcn0041979__0042135__person___________.png,61,118,6
0923__10_27_55__i0777548__gcn0064954__0064976__person___________.png,125,78,6
0923__10_27_55__i0777550__gcn0064954__0064980__person___________.png,125,78,6
0923__10_27_57__i0777583__gcn0064954__0065017__person___________.png,123,78,7
0923__10_29_26__i0779358__gcn0066152__0066162__person___________.png,130,75,7
0923__10_29_27__i0779374__gcn0066152__0066193__person___________.png,130,75,7
0923__10_30_06__i0780159__gcn0066721__0066761__person___________.png,131,73,7
0923__10_30_08__i0780190__gcn0066721__0066811__person___________.png,130,73,7
0923__10_30_43__i0780911__gcn0067174__0067308__person_____L2____.png,178,91,6
0923__10_30_45__i0780934__gcn0067174__0067351__person_____L2____.png,217,114,6
0923__10_30_45__i0780938__gcn0067174__0067355__person_____L2____.png,187,88,6
0923__10_31_32__i0781884__gcn0068670__0068787__person___________.png,125,71,7
0923__10_40_14__i0792327__gcn0080968__0080971__person__P2_______.png,202,183,6
0923__10_41_42__i0794074__gcn0082897__0082899__person___________.png,122,70,7
0923__10_42_18__i0563491__gcn0043859__0043859__person_____L1____.png,243,108,3
0923__10_42_27__i0563572__gcn0044040__0044040__multy__P2_L2____.png,41,182,6
0923__10_46_52__i0566223__gcn0044161__0044162__person_____L2____.png,167,130,6
0923__10_52_52__i0569828__gcn0044490__0044494__person__P2_______.png,28,44,6
0923__10_53_36__i0808335__gcn0090270__0090282__person___________.png,120,70,7
0923__11_00_04__i0816087__gcn0095239__0095350__person___________.png,119,76,7
0923__11_00_55__i0816962__gcn0096340__0096614__person___________.png,117,75,7
0923__11_02_33__i0819088__gcn0097484__0097510__person__P1_L2____.png,140,80,6
0923__11_04_47__i0821753__gcn0098107__0098161__person___________.png,164,80,6
0923__11_06_04__i0823053__gcn0101067__0101067__person_____L2____.png,10,88,6
0923__11_06_51__i0824258__gcn0101553__0101555__person___________.png,196,179,6
0923__11_11_21__i0829568__gcn0107144__0107144__person_____L2____.png,119,72,6
0923__11_12_33__i0830973__gcn0108799__0108799__person_____L2____.png,138,77,6
0923__11_14_08__i0832436__gcn0110833__0111464__person___________.png,141,75,6
0923__11_14_11__i0832477__gcn0110833__0111525__person__P2_L2____.png,134,76,6
0923__11_14_30__i0832968__gcn0111777__0111783__person___________.png,131,73,6
0923__11_28_35__i0848435__gcn0129547__0129547__person_____L2____.png,106,70,6
0923__11_32_45__i0851505__gcn0132493__0132493__person___________.png,150,79,7
0923__11_32_59__i0851702__gcn0132708__0132708__person_____L2____.png,139,71,7
0923__11_32_59__i0851705__gcn0132708__0132712__person___________.png,139,71,7
0923__11_35_38__i0853633__gcn0137664__0137681__person___________.png,139,75,7
0923__11_36_44__i0854488__gcn0138961__0138961__person_____L2____.png,147,78,6
0923__11_39_05__i0597558__gcn0045263__0045263__person__P2_______.png,136,236,6
0923__11_39_06__i0597565__gcn0045265__0045410__person_____L1____.png,173,219,6
0923__11_40_20__i0857183__gcn0141762__0141769__person___________.png,181,77,6
0923__11_40_25__i0857246__gcn0141762__0141860__person___________.png,213,82,6
0923__11_41_03__i0858042__gcn0142407__0142408__person___________.png,179,88,6
0923__11_46_25__i0864372__gcn0144448__0144632__person___________.png,145,75,6
0923__11_47_30__i0865682__gcn0145375__0145462__person___________.png,158,78,7
0923__11_47_30__i0865697__gcn0145375__0145477__person___________.png,167,78,7
0923__11_48_46__i0867269__gcn0146345__0146345__person_____L2____.png,131,71,7
0923__11_48_47__i0867276__gcn0146345__0146352__person___________.png,132,72,7
0923__11_49_01__i0867498__gcn0146604__0146605__person___________.png,175,94,6
0923__11_49_02__i0867504__gcn0146604__0146610__person___________.png,180,95,6
0923__11_49_33__i0603843__gcn0045674__0045674__person___________.png,13,125,6
0923__11_49_53__i0868369__gcn0147631__0147651__person_____L1____.png,153,85,7
0923__11_49_53__i0868370__gcn0147631__0147652__person___________.png,151,85,6
0923__11_50_16__i0868794__gcn0147954__0147954__person_____L2____.png,151,75,6
0923__11_55_58__i0607693__gcn0047514__0047520__person_____L2____.png,149,239,6
0923__11_56_16__i0607872__gcn0047917__0047946__person_____L2____.png,168,104,7
0923__11_56_23__i0607937__gcn0048013__0048025__person___________.png,248,117,4
0923__11_58_41__i0609327__gcn0048534__0048534__person__P2_______.png,7,208,6
0923__11_58_42__i0609331__gcn0048534__0048534__person__P1_L1____.png,210,201,6
0923__11_58_46__i0609372__gcn0048597__0048597__multy_____L2____.png,17,132,6
0923__11_59_13__i0609644__gcn0048651__0048651__person__P2_______.png,140,159,6
0923__12_01_01__i0881976__gcn0149521__0149615__person___________.png,150,84,6
0923__12_01_01__i0881979__gcn0149521__0149618__person___________.png,150,84,6
0923__12_01_01__i0881980__gcn0149521__0149619__person___________.png,150,84,6
0923__12_01_44__i0611152__gcn0049045__0049045__person___________.png,219,189,6
0923__12_02_31__i0611624__gcn0049627__0049640__person_____L1____.png,108,33,7
0923__12_02_43__i0611747__gcn0050023__0050026__person___________.png,98,161,7
0923__12_03_05__i0611963__gcn0050309__0050309__person_____L2____.png,73,250,7
0923__12_03_17__i0612078__gcn0050326__0050495__person__P2_L2____.png,27,134,3
0923__12_03_53__i0612444__gcn0050967__0050977__person___________.png,4,248,7
0923__12_05_04__i0613151__gcn0051818__0051966__person___________.png,156,160,7
0923__12_05_36__i0887507__gcn0149738__0149739__person___________.png,118,71,6
0923__12_06_44__i0614155__gcn0053122__0053122__person___________.png,38,131,7
0923__12_06_49__i0614203__gcn0053122__0053146__person__P1_L2____.png,25,172,6
0923__12_07_32__i0614631__gcn0053663__0053714__person___________.png,15,5,7
0923__12_08_27__i0890926__gcn0149840__0149842__person___________.png,139,74,6
0923__12_15_55__i0899868__gcn0150316__0150316__person_____L2____.png,137,77,6
0923__12_15_55__i0899872__gcn0150316__0150317__person___________.png,137,77,6
0923__12_16_32__i0900621__gcn0150380__0150385__person___________.png,135,83,6
0923__12_18_26__i0621171__gcn0060454__0060454__person_____L2____.png,149,208,7
0923__12_20_30__i0622411__gcn0061782__0061928__person_____L1____.png,26,164,3
0923__12_21_01__i0622724__gcn0062208__0062208__person__P2_L1____.png,217,158,6
0923__12_21_23__i0622948__gcn0062687__0062690__person__P2_L1____.png,87,1,6
0923__12_22_28__i0623595__gcn0063562__0063615__person__P1_L1____.png,61,128,6
0923__12_23_21__i0624124__gcn0056399__0064146__person___________.png,166,7,7
0923__12_26_23__i0625944__gcn0066288__0066288__person___________.png,106,213,7
0923__12_38_27__i0633183__gcn0066799__0066799__person__P1_L2____.png,136,174,6
0923__12_39_01__i0633522__gcn0066939__0066984__person__P2_L2____.png,151,187,6
0923__12_39_04__i0633554__gcn0066939__0066984__person__P2_______.png,78,215,6
0923__12_43_09__i0636004__gcn0067267__0067270__person___________.png,158,94,6
0923__13_02_06__i0647374__gcn0068138__0068138__person_____L2____.png,227,138,6
0923__13_02_07__i0647389__gcn0068135__0068135__person__P2_______.png,66,140,6
0923__13_05_18__i0959103__gcn0150892__0150918__person___________.png,117,72,6
0923__13_07_06__i0650382__gcn0068954__0068954__person__P1_L1____.png,223,124,6
0923__13_07_20__i0961499__gcn0151603__0151643__person___________.png,125,76,6
0923__13_07_22__i0961534__gcn0151603__0151666__person___________.png,121,70,6
0923__13_08_26__i0962879__gcn0152070__0152070__person_____L2____.png,157,88,7
0923__13_09_00__i0651507__gcn0069278__0069278__person__P1_L1____.png,66,229,6
0923__13_09_00__i0651507__gcn0069329__0069329__person_____L2____.png,29,175,6
0923__13_09_01__i0651518__gcn0069389__0069389__person_____L2____.png,116,157,6
0923__13_09_03__i0651531__gcn0069448__0069448__multy_____L2____.png,113,147,6
0923__13_09_05__i0651553__gcn0069315__0069331__person__P2_______.png,41,138,6
0923__13_09_07__i0651572__gcn0069278__0069548__person__P1_L2____.png,238,120,6
0923__13_09_09__i0651611__gcn0069633__0069688__multy_____L2____.png,205,111,6
0923__13_09_49__i0964148__gcn0153489__0153528__person___________.png,158,78,6
0923__13_09_52__i0964186__gcn0153489__0153604__person___________.png,158,76,6
0923__13_09_53__i0964196__gcn0153489__0153624__person___________.png,159,77,6
0923__13_09_54__i0964210__gcn0153489__0153652__person___________.png,159,78,6
0923__13_09_55__i0964222__gcn0153489__0153676__person___________.png,157,77,6
0923__13_09_58__i0964261__gcn0153489__0153745__person___________.png,157,78,6
0923__13_09_59__i0964267__gcn0153489__0153751__person___________.png,159,78,6
0923__13_10_06__i0652181__gcn0069964__0069964__person__P2_______.png,157,97,6
0923__13_12_24__i0966513__gcn0156096__0156218__person___________.png,136,75,6
0923__13_12_25__i0966520__gcn0156096__0156232__person___________.png,139,76,6
0923__13_12_33__i0966617__gcn0156096__0156426__person___________.png,137,74,6
0923__13_13_36__i0967506__gcn0157617__0157708__person_____L1____.png,146,77,6
0923__13_13_37__i0967530__gcn0157720__0157728__person___________.png,150,78,6
0923__13_13_45__i0967650__gcn0157786__0157791__person_____L2____.png,134,78,6
0923__13_13_45__i0967660__gcn0157786__0157890__person_____L2____.png,138,76,6
0923__13_14_49__i0968868__gcn0158710__0158735__person___________.png,174,80,7
0923__13_15_21__i0969583__gcn0158959__0159002__person_____L2____.png,171,89,7
0923__13_15_21__i0969584__gcn0158959__0159003__person___________.png,172,89,7
0923__13_16_14__i0970849__gcn0159474__0159474__person_____L2____.png,202,89,6
0923__13_17_08__i0972201__gcn0159921__0159923__person_____L2____.png,131,77,6
0923__13_18_46__i0974354__gcn0160833__0160839__person_____L2____.png,184,85,7
0923__13_19_40__i0657917__gcn0070318__0070318__person__P2_______.png,174,177,6
0923__13_20_37__i0976840__gcn0161839__0161839__person_____L2____.png,167,75,6
0923__13_21_04__i0977280__gcn0162328__0162328__person_____L2____.png,192,91,7
0923__13_21_54__i0978509__gcn0163521__0163521__person_____L2____.png,186,197,6
0923__13_22_34__i0979288__gcn0163974__0163994__person_____L1____.png,188,94,7
0923__13_23_39__i0980739__gcn0164568__0164568__person_____L2____.png,159,79,7
0923__13_23_45__i0980817__gcn0164568__0164646__person___________.png,153,81,7
0923__13_23_45__i0980825__gcn0164568__0164654__person___________.png,155,81,7
0923__13_23_59__i0981186__gcn0164726__0164729__person_____L2____.png,142,75,7
0923__13_25_45__i0983610__gcn0165608__0165608__person_____L2____.png,124,73,6
0923__13_26_26__i0984480__gcn0165797__0165800__person___________.png,163,79,7
0923__13_26_36__i0984658__gcn0165898__0165899__person___________.png,159,80,6
0923__13_27_53__i0662850__gcn0070482__0070637__person_____L1____.png,110,238,6
0923__13_29_00__i0987553__gcn0166978__0166978__person_____L2____.png,156,77,6
0923__13_29_31__i0988144__gcn0167030__0167030__person__P2_______.png,211,109,6
0923__13_31_52__i0665239__gcn0070895__0070900__person__P2_______.png,110,153,3
0923__13_32_57__i0665890__gcn0070972__0070974__person__P2_______.png,36,131,6
0923__13_35_50__i0995739__gcn0168584__0168584__person_____L2____.png,150,73,7
0923__13_35_50__i0995742__gcn0168584__0168590__person___________.png,147,73,7
0923__13_35_58__i0995851__gcn0168627__0168688__person___________.png,149,82,6
0923__13_37_29__i0997619__gcn0169696__0169696__person_____L2____.png,119,70,6
0923__13_37_33__i0668651__gcn0071561__0071563__person__P2_______.png,7,246,6
0923__13_39_32__i1000187__gcn0170709__0170709__person_____L2____.png,156,79,6
0923__13_40_02__i1000642__gcn0171116__0171122__person_____L1____.png,135,72,7
0923__13_41_00__i1001745__gcn0171802__0171802__person_____L2____.png,143,79,6
0923__13_41_10__i1001861__gcn0171999__0172017__person___________.png,129,75,6
0923__13_41_36__i1002100__gcn0172482__0172884__person___________.png,173,95,6
0923__13_41_57__i1002300__gcn0173601__0173601__person_____L2____.png,178,94,6
0923__13_42_03__i1002369__gcn0173685__0173703__person___________.png,142,81,6
0923__13_42_06__i1002408__gcn0173730__0173756__person___________.png,166,77,6
0923__13_42_06__i1002412__gcn0173730__0173760__person___________.png,164,76,6
0923__13_42_17__i1002573__gcn0173914__0173947__person___________.png,156,84,6
0923__13_42_18__i1002578__gcn0173874__0173965__person___________.png,168,89,6
0923__13_42_18__i1002580__gcn0173874__0173973__person___________.png,169,89,6
0923__13_42_22__i1002619__gcn0173914__0174124__person___________.png,152,82,6
0923__13_42_23__i1002623__gcn0173914__0174138__person___________.png,153,82,6
0923__13_43_06__i1003092__gcn0175454__0175478__person_____L1____.png,150,78,7
0923__13_43_09__i1003130__gcn0175536__0175536__person_____L2____.png,154,82,6
0923__13_43_20__i1003252__gcn0175729__0175741__person___________.png,147,81,6
0923__13_43_27__i1003327__gcn0175933__0175953__person___________.png,144,80,6
0923__13_43_28__i1003331__gcn0175933__0175973__person___________.png,144,80,6
0923__13_43_33__i1003377__gcn0175971__0176131__person___________.png,151,79,6
0923__13_43_33__i1003378__gcn0175971__0176135__person___________.png,150,79,6
0923__13_43_59__i1003628__gcn0176896__0176949__person___________.png,152,76,6
0923__13_44_19__i1003854__gcn0177350__0177350__person_____L2____.png,165,83,6
0923__13_44_24__i1003899__gcn0177419__0177507__person___________.png,146,77,6
0923__13_44_26__i1003917__gcn0177472__0177590__person___________.png,230,102,6
0923__13_44_29__i1003942__gcn0177678__0177680__person___________.png,143,79,6
0923__13_44_32__i1003963__gcn0177735__0177742__person___________.png,145,76,6
0923__13_44_47__i1004102__gcn0177472__0178215__person___________.png,227,102,6
0923__13_44_49__i1004124__gcn0178286__0178286__multy_____L2____.png,195,88,6
0923__13_44_51__i1004138__gcn0178337__0178341__person___________.png,146,82,6
0923__13_44_54__i1004168__gcn0178434__0178434__person_____L2____.png,211,97,6
0923__13_44_54__i1004171__gcn0178434__0178446__person___________.png,211,97,6
0923__13_46_08__i1004999__gcn0180121__0180121__person_____L2____.png,150,77,6
0923__13_46_29__i1005212__gcn0180637__0180677__person___________.png,157,72,6
0923__13_47_28__i1005983__gcn0181643__0181645__person___________.png,202,89,6
0923__13_47_28__i1005997__gcn0181643__0181667__person___________.png,203,90,6
0923__13_47_29__i1006001__gcn0181643__0181670__person___________.png,204,90,6
0923__13_47_36__i1006082__gcn0181698__0181742__person___________.png,156,77,7
0923__13_47_36__i1006084__gcn0181748__0181765__person_____L2____.png,150,88,6
0923__13_47_36__i1006086__gcn0181748__0181767__person___________.png,151,89,6
0923__13_48_07__i0674994__gcn0072325__0072325__person___________.png,188,98,6
0923__13_48_18__i1006853__gcn0182150__0182240__person___________.png,172,88,6
0923__13_48_20__i1006877__gcn0182150__0182271__person___________.png,167,90,6
0923__13_48_20__i1006881__gcn0182150__0182275__person___________.png,167,90,6
0923__13_48_22__i1006912__gcn0182150__0182301__person___________.png,165,88,6
0923__13_48_52__i1007433__gcn0182646__0182650__person___________.png,135,72,6
0923__13_49_18__i1007818__gcn0183002__0183011__person___________.png,147,87,6
0923__13_49_47__i1008216__gcn0183533__0183533__person_____L2____.png,155,76,6
0923__13_50_44__i1009017__gcn0184412__0184412__person_____L2____.png,143,76,6
0923__13_50_45__i1009030__gcn0184296__0184423__person___________.png,163,77,6
0923__13_50_46__i1009037__gcn0184296__0184432__person___________.png,158,79,6
0923__13_50_46__i1009042__gcn0184296__0184437__person___________.png,159,79,6
0923__13_51_01__i0676736__gcn0072856__0072856__person_____L2____.png,157,26,6
0923__13_51_15__i1009551__gcn0184628__0184740__person___________.png,141,80,6
0923__13_51_15__i1009555__gcn0184628__0184747__person___________.png,141,81,6
0923__13_52_28__i0677607__gcn0073108__0073108__person_____L2____.png,217,219,3
0923__13_52_30__i0677619__gcn0073105__0073117__person__P2_L2____.png,245,119,6
0923__13_52_58__i1011528__gcn0185783__0185835__person___________.png,157,72,7
0923__13_53_00__i0677918__gcn0073356__0073356__person__P2_L2____.png,209,114,3
0923__13_53_56__i1012948__gcn0186176__0186196__person___________.png,137,74,6
0923__13_54_13__i0678649__gcn0073868__0073868__person_____L2____.png,183,95,6
0923__13_54_33__i1013518__gcn0186678__0186681__person___________.png,154,79,6
0923__13_54_52__i1013751__gcn0187049__0187049__person___________.png,147,72,6
0923__13_54_53__i1013755__gcn0187049__0187049__person___________.png,147,72,6
0923__13_54_53__i1013757__gcn0187049__0187070__person___________.png,148,72,6
0923__13_54_53__i1013759__gcn0187049__0187073__person___________.png,147,72,6
0923__13_55_11__i0679237__gcn0074465__0074516__person__P1_L2____.png,225,100,7
0923__13_57_06__i1015979__gcn0188606__0188606__person_____L2____.png,139,75,7
0923__13_57_06__i1015981__gcn0188606__0188610__person___________.png,139,74,7
0923__13_57_06__i1015982__gcn0188606__0188612__person___________.png,139,74,7
0923__13_57_44__i1016493__gcn0189143__0189147__person___________.png,151,77,6
0923__13_57_49__i1016572__gcn0189216__0189218__person_____L2____.png,124,74,6
0923__13_58_38__i1017770__gcn0189521__0189521__person_____L2____.png,158,77,6
0923__14_00_32__i1018128__gcn0189643__0189694__person___________.png,130,72,6
0923__14_00_34__i1018145__gcn0189643__0189728__person___________.png,120,71,6
0923__14_01_26__i1019347__gcn0190017__0190017__person_____L2____.png,142,78,6
0923__14_01_38__i0683105__gcn0075545__0075545__person_____L2____.png,164,102,6
0923__14_01_46__i1019886__gcn0190074__0190108__person___________.png,147,79,6
0923__14_04_10__i1022506__gcn0190590__0190590__person_____L2____.png,134,72,7
0923__14_04_17__i1022606__gcn0190591__0190628__person___________.png,134,72,6
0923__14_04_20__i1022641__gcn0190653__0190660__person___________.png,132,72,6
0923__14_04_57__i1023417__gcn0190945__0190948__person_____L1____.png,128,76,7
0923__14_05_37__i1024218__gcn0191052__0191058__person_____L2____.png,121,70,7
0923__14_05_53__i1024548__gcn0191158__0191158__person_____L2____.png,121,70,6
0923__14_06_35__i0686071__gcn0076466__0076466__person___________.png,161,97,6
0923__14_06_39__i0686117__gcn0076535__0076543__person___________.png,216,109,6
0923__14_06_40__i0686125__gcn0076395__0076546__person_____L2____.png,216,111,6
0923__14_07_37__i0686693__gcn0076801__0076822__person__P2_L2____.png,32,233,7
0923__14_09_06__i1028377__gcn0191762__0191765__person___________.png,119,70,6
0923__14_09_10__i1028443__gcn0191781__0191796__person___________.png,120,71,6
0923__14_09_38__i1028922__gcn0192039__0192074__person___________.png,125,72,6
0923__14_09_42__i1029046__gcn0192083__0192087__person__P1_L2____.png,160,75,6
0923__14_10_37__i1030235__gcn0192275__0192276__person___________.png,134,75,6
0923__14_10_39__i1030286__gcn0192278__0192280__person___________.png,141,73,6
0923__14_10_49__i1030484__gcn0192287__0192287__person_____L2____.png,139,79,6
0923__14_10_50__i1030498__gcn0192288__0192289__person___________.png,150,81,6
0923__14_10_50__i1030500__gcn0192288__0192291__person___________.png,150,78,6
0923__14_11_04__i0688761__gcn0078074__0078080__person_____L2____.png,190,249,6
0923__14_11_45__i1031596__gcn0192393__0192393__person_____L2____.png,142,75,7
0923__14_12_01__i1031887__gcn0192441__0192449__person___________.png,134,75,7
0923__14_12_02__i1031896__gcn0192441__0192456__person___________.png,134,75,6
0923__14_12_20__i1032286__gcn0192509__0192526__person___________.png,145,77,6
0923__14_12_21__i1032290__gcn0192509__0192536__person___________.png,146,77,6
0923__14_13_45__i1033793__gcn0193453__0193453__person_____L2____.png,127,71,6
0923__14_14_09__i0690609__gcn0079062__0079062__person_____L2____.png,243,18,6
0923__14_14_49__i1035195__gcn0193589__0193627__person___________.png,139,72,6
0923__14_14_51__i1035218__gcn0193589__0193650__person___________.png,137,73,6
0923__14_14_51__i1035225__gcn0193589__0193657__person___________.png,137,73,6
0923__14_15_14__i1035683__gcn0193795__0193824__person___________.png,133,76,6
0923__14_15_14__i1035707__gcn0193826__0193826__person_____L2____.png,136,89,6
0923__14_15_54__i0691661__gcn0079426__0079428__person__P1_L2____.png,135,88,4
0923__14_16_00__i0691722__gcn0079556__0079556__multy_____L2____.png,149,186,4
0923__14_16_03__i0691758__gcn0079628__0079631__person___________.png,122,156,4
0923__14_16_08__i0691803__gcn0079426__0079428__person_____L2____.png,183,184,4
0923__14_16_10__i0691825__gcn0079802__0079802__person_____L2____.png,102,150,4
0923__14_16_13__i0691841__gcn0079821__0079821__multy_____L2____.png,118,160,4
0923__14_16_14__i0691854__gcn0079426__0079933__person_____L2____.png,170,190,4
0923__14_16_15__i0691859__gcn0079963__0079963__person_____L2____.png,135,190,4
0923__14_16_26__i0691951__gcn0079920__0079920__person_____L2____.png,209,109,7
0923__14_17_06__i1037976__gcn0194425__0194434__person___________.png,143,72,6
0923__14_17_07__i1037986__gcn0194425__0194449__person___________.png,142,72,6
0923__14_17_08__i1037990__gcn0194425__0194458__person___________.png,142,72,6
0923__14_17_12__i1038028__gcn0194425__0194533__person___________.png,143,73,6
0923__14_17_27__i1038183__gcn0194425__0194778__person___________.png,145,74,6
0923__14_17_30__i1038208__gcn0194425__0194824__person___________.png,143,74,6
0923__14_17_31__i1038217__gcn0194616__0194843__person___________.png,135,77,6
0923__14_17_53__i1038460__gcn0195144__0195174__person___________.png,129,75,7
0923__14_18_00__i1038604__gcn0195221__0195221__person___________.png,135,78,6
0923__14_18_08__i1038799__gcn0195239__0195278__person___________.png,128,81,6
0923__14_19_39__i1040245__gcn0196397__0196397__person_____L2____.png,122,70,6
0923__14_21_33__i1041898__gcn0197903__0197903__person_____L2____.png,203,81,6
0923__14_21_41__i1041995__gcn0198025__0198025__multy_____L2____.png,141,74,6
0923__14_21_44__i1042038__gcn0198049__0198051__person_____L2____.png,147,74,6
0923__14_21_47__i1042088__gcn0198088__0198088__person_____L2____.png,117,70,6
0923__14_23_20__i1043773__gcn0198986__0198986__person_____L2____.png,117,70,6
0923__14_24_05__i1044658__gcn0199242__0199242__person__P1_L1____.png,253,113,6
0923__14_24_49__i1045270__gcn0199824__0199862__person___________.png,134,81,6
0923__14_24_51__i1045291__gcn0199824__0199873__person___________.png,134,81,6
0923__14_24_53__i1045322__gcn0199824__0199903__person___________.png,134,81,6
0923__14_24_54__i1045325__gcn0199824__0199906__person___________.png,134,81,6
0923__14_25_11__i1045626__gcn0200021__0200063__person___________.png,137,81,6
0923__14_25_12__i1045637__gcn0200021__0200074__person___________.png,138,83,6
0923__14_25_12__i1045639__gcn0200021__0200076__person___________.png,137,83,6
0923__14_25_41__i0697532__gcn0081906__0081907__person_____L2____.png,254,126,7
0923__14_27_38__i1047005__gcn0200489__0200508__person_____L1____.png,140,74,6
0923__14_27_48__i1047146__gcn0200571__0200635__person___________.png,138,73,6
0923__14_27_56__i1047225__gcn0200734__0200753__person___________.png,136,71,6
0923__14_27_57__i1047238__gcn0200734__0200776__person___________.png,138,72,6
0923__14_27_57__i1047240__gcn0200734__0200780__person___________.png,138,72,6
0923__14_28_27__i1047678__gcn0200964__0201190__person___________.png,181,91,6
0923__14_28_27__i1047681__gcn0200964__0201193__person___________.png,167,88,6
0923__14_28_56__i0699488__gcn0082149__0082154__person__P2_______.png,38,51,3
0923__14_29_00__i0699530__gcn0082211__0082211__person_____L2____.png,211,114,6
0923__14_29_22__i0699743__gcn0082243__0082243__person_____L2____.png,192,251,3
0923__14_29_22__i0699749__gcn0082248__0082248__multy_____L2____.png,212,49,8
0923__14_29_22__i0699750__gcn0082250__0082250__person_____L2____.png,254,13,8
0923__14_29_26__i0699785__gcn0082243__0082243__person_____L2____.png,74,174,8
0923__14_29_30__i0699830__gcn0082250__0082400__person_____L1____.png,5,121,8
0923__14_29_55__i1049499__gcn0202845__0202845__person_____L2____.png,23,147,6
0923__14_30_24__i0700362__gcn0082516__0082611__person_____L1____.png,2,230,6
0923__14_30_24__i0700366__gcn0082516__0082615__person_____L1____.png,12,213,6
0923__14_30_30__i1050002__gcn0203227__0203582__person___________.png,128,81,6
0923__14_30_34__i0700465__gcn0082539__0082695__person__P1_L2____.png,67,196,6
0923__14_30_36__i1050098__gcn0203654__0203819__person___________.png,140,76,6
0923__14_30_54__i0700665__gcn0082719__0082752__person__P2_______.png,237,183,8
0923__14_31_06__i1050902__gcn0205263__0205272__person___________.png,133,84,6
0923__14_31_08__i1050925__gcn0205263__0205317__person_____L2____.png,142,84,6
0923__14_31_23__i0700953__gcn0082957__0082957__person_____L2____.png,165,86,6
0923__14_33_09__i0702019__gcn0083219__0083219__person_____L2____.png,145,3,3
0923__14_33_10__i0702029__gcn0083219__0083224__person_____L2____.png,40,234,0
0923__14_33_17__i0702095__gcn0083219__0083269__person__P2_L1____.png,214,108,3
0923__14_34_27__i0702799__gcn0083624__0083884__person___________.png,86,148,6
0923__14_35_19__i0703314__gcn0084922__0084922__person_____L2____.png,78,229,6
0923__14_35_29__i0703419__gcn0085051__0085051__person___________.png,189,97,6
0923__14_35_34__i0703465__gcn0085118__0085118__person_____L2____.png,139,88,6
0923__14_35_51__i0703637__gcn0085244__0085244__person_____L2____.png,232,236,6
0923__14_36_02__i1057129__gcn0215750__0215750__person_____L2____.png,127,83,6
0923__14_36_02__i1057130__gcn0215750__0215751__person_____L2____.png,129,85,6
0923__14_36_06__i1057205__gcn0215772__0215772__person_____L2____.png,121,70,6
0923__14_37_57__i0704897__gcn0085926__0085926__person__P2_______.png,94,189,3
0923__14_38_33__i0705256__gcn0086052__0086056__person_____L1____.png,162,89,6
0923__14_38_42__i0705343__gcn0086052__0086062__person__P2_______.png,39,218,6
0923__14_42_25__i0707580__gcn0086582__0086585__person_____L2____.png,98,176,3
0923__14_43_20__i0708128__gcn0086840__0086840__person__P1_L1____.png,180,176,3
0923__14_43_32__i0708242__gcn0086856__0087009__person_____L2____.png,161,111,3
0923__14_43_39__i0708318__gcn0086856__0087117__person___________.png,157,98,3
0923__14_44_12__i0708646__gcn0087215__0087270__person__P2_L1____.png,226,188,3
0923__14_47_31__i1070593__gcn0216931__0216931__person___________.png,138,79,7
0923__14_47_32__i1070610__gcn0216931__0216983__person___________.png,130,72,6
0923__14_48_02__i1070972__gcn0217141__0217368__person__P2_______.png,140,75,6
0923__14_49_09__i1071846__gcn0218076__0218220__person__P2_L2____.png,143,73,6
0923__14_49_18__i0711705__gcn0088081__0088081__person_____L2____.png,146,0,3
0923__14_49_18__i0711706__gcn0088085__0088085__person_____L2____.png,238,242,3
0923__14_52_10__i1076472__gcn0219000__0219000__person_____L2____.png,122,72,6
0923__14_54_33__i0714862__gcn0089331__0089341__person_____L1____.png,161,95,6
0923__14_54_34__i0714863__gcn0089336__0089351__person__P2_L1____.png,146,87,6
0923__14_54_46__i0714984__gcn0089408__0089408__person__P2_______.png,135,185,7
0923__14_56_14__i1081335__gcn0219360__0219360__person_____L2____.png,115,72,6
0923__14_57_29__i1082864__gcn0219444__0219446__person__P2_L2____.png,120,70,6
0923__15_00_17__i0718299__gcn0089989__0089989__person_____L2____.png,97,182,7
0923__15_02_48__i1089069__gcn0220165__0220378__person___________.png,160,82,6
0923__15_03_31__i1090084__gcn0220620__0220620__person_____L2____.png,111,71,6
0923__15_03_32__i1090085__gcn0220620__0220621__person_____L2____.png,110,70,6
0923__15_09_40__i0723930__gcn0090994__0090997__person__P1_L2____.png,223,116,6
0923__15_09_47__i0723997__gcn0091129__0091130__person_____L2____.png,148,89,6
0923__15_10_19__i0724323__gcn0091140__0091146__person_____L2____.png,156,92,6
0923__15_18_35__i1108159__gcn0221668__0221670__person___________.png,110,70,6
0923__15_19_33__i0729856__gcn0091993__0092061__person_____L1____.png,162,95,6
0923__15_19_35__i0729881__gcn0092083__0092084__person_____L2____.png,187,111,6
0923__15_19_42__i0729952__gcn0092083__0092090__person__P1_L1____.png,84,5,6
0923__15_24_57__i0733100__gcn0092805__0092806__person___________.png,248,133,6
0923__15_28_53__i1120530__gcn0222099__0222103__person_____L1____.png,118,70,6
0923__15_29_01__i1120673__gcn0222112__0222132__person___________.png,132,77,6
0923__15_30_43__i1122718__gcn0222455__0222455__person_____L2____.png,130,72,6
0923__15_30_45__i1122763__gcn0222456__0222456__person_____L2____.png,179,91,6
0923__15_31_21__i1123476__gcn0222633__0222644__person___________.png,158,75,6
0923__15_52_39__i0749725__gcn0094879__0094932__multy_____L2____.png,198,98,6
0923__15_52_53__i0749861__gcn0095086__0095174__person_____L2____.png,206,12,6
0923__15_55_02__i0751157__gcn0095557__0095557__multy_____L2____.png,156,101,6
0923__16_08_09__i0759025__gcn0096357__0096358__person_____L1____.png,253,126,6
0923__16_12_06__i0761399__gcn0096608__0096638__person___________.png,11,123,6
0923__16_12_47__i0761804__gcn0096707__0096713__person__P2_L2____.png,234,111,6
0923__16_16_02__i1176957__gcn0225081__0225082__person___________.png,150,77,6
0923__16_21_30__i1183635__gcn0225912__0225920__person___________.png,122,71,6
0923__16_23_54__i0768475__gcn0097566__0097572__person__P2_______.png,162,185,6
0923__16_24_03__i1186680__gcn0226171__0226171__person__P2_L2____.png,5,130,6
0923__16_27_58__i0770911__gcn0098875__0098875__person_____L2____.png,229,114,6
0923__16_28_03__i0770961__gcn0098210__0098932__person__P1_L1____.png,215,171,6
0923__16_31_14__i1195305__gcn0228135__0228141__person___________.png,141,75,6
0923__16_34_19__i1199030__gcn0228793__0228793__person_____L2____.png,120,71,7
0923__16_35_00__i1199812__gcn0228817__0228885__person_____L2____.png,122,71,7
0923__16_35_04__i1199865__gcn0228891__0228926__person___________.png,135,72,6
0923__16_35_13__i1199968__gcn0229023__0229043__person_____L2____.png,126,71,6
0923__16_37_20__i1202643__gcn0229320__0229320__person_____L2____.png,127,79,7
0923__16_38_29__i1203911__gcn0229823__0229842__person___________.png,128,85,7
0923__16_38_30__i1203921__gcn0229823__0229853__person___________.png,126,83,7
0923__16_38_47__i1204320__gcn0229924__0229953__person___________.png,132,82,7
0923__16_38_47__i1204325__gcn0229924__0229958__person___________.png,131,82,7
0923__16_38_50__i1204351__gcn0229924__0229984__person___________.png,132,82,7
0923__16_38_53__i0777468__gcn0100400__0100478__person_____L2____.png,141,252,1
0923__16_38_55__i1204397__gcn0229924__0230030__person___________.png,133,81,7
0923__16_38_58__i1204428__gcn0229924__0230061__person___________.png,135,83,7
0923__16_39_30__i1204782__gcn0230400__0230410__person___________.png,133,82,7
0923__16_39_35__i1204830__gcn0230313__0230458__person___________.png,132,81,7
0923__16_39_36__i1204839__gcn0230313__0230467__person___________.png,133,81,7
0923__16_39_42__i1204892__gcn0230313__0230520__person___________.png,133,82,7
0923__16_39_45__i1204919__gcn0230313__0230547__person___________.png,134,82,7
0923__16_39_47__i1204938__gcn0230313__0230566__person___________.png,134,82,7
0923__16_39_53__i1204996__gcn0230313__0230624__person___________.png,134,82,7
0923__16_39_54__i1205006__gcn0230595__0230634__person___________.png,133,81,7
0923__16_41_26__i0778998__gcn0100500__0100529__person__P1_L1____.png,216,183,1
0923__16_42_08__i1208034__gcn0231420__0231420__person_____L2____.png,191,82,6
0923__16_42_24__i1208212__gcn0231420__0231420__person_____L2____.png,3,193,3
0923__16_45_11__i0781250__gcn0101204__0101282__person_____L2____.png,63,216,3
0923__16_46_17__i0781904__gcn0101434__0101620__person_____L1____.png,209,115,0
0923__16_50_55__i1218948__gcn0232766__0232766__person_____L2____.png,124,70,6
0923__16_51_15__i1219201__gcn0233030__0233030__person___________.png,141,70,6
0923__16_52_36__i1220130__gcn0234060__0234145__person___________.png,144,83,6
0923__16_52_52__i1220330__gcn0234060__0234294__person___________.png,144,82,6
0923__16_52_53__i1220337__gcn0234060__0234301__person___________.png,143,82,6
0923__16_52_53__i1220340__gcn0234060__0234304__person___________.png,143,82,6
0923__16_53_21__i1220824__gcn0234381__0234381__person__P1_L2____.png,96,214,6
0923__16_53_27__i0786212__gcn0102959__0102967__person__P2_______.png,157,181,6
0923__16_54_12__i1221936__gcn0234692__0234893__person_____L2____.png,174,90,6
0923__16_54_13__i1221946__gcn0234692__0234900__person_____L2____.png,174,87,7
0923__16_55_06__i1223214__gcn0235157__0235157__person_____L2____.png,159,83,6
0923__16_55_15__i1223473__gcn0235166__0235166__person___________.png,143,71,6
0923__16_55_30__i1223775__gcn0235279__0235286__person___________.png,148,75,6
0923__17_07_21__i0794549__gcn0106487__0106487__person__P2_______.png,243,118,6
0923__17_07_41__i0794750__gcn0106552__0106725__person__P2_L1____.png,177,95,6
0923__17_09_23__i0795768__gcn0106791__0106791__person__P1_L2____.png,157,152,0
0923__17_12_14__i0797479__gcn0107279__0107433__person__P2_L2____.png,183,99,3
0923__17_13_11__i0798046__gcn0107455__0107543__person___________.png,191,107,3
0923__17_13_29__i0798226__gcn0107770__0107771__person_____L2____.png,155,41,6
0923__17_13_33__i0798266__gcn0107770__0107772__person__P2_______.png,156,176,6
0923__17_13_37__i0798311__gcn0107825__0107825__person_____L2____.png,167,162,0
0923__17_14_19__i0798729__gcn0108084__0108087__person_____L2____.png,195,238,6
0923__17_15_59__i0799731__gcn0109078__0109078__person__P1_L1____.png,233,83,0
0923__17_16_15__i0799886__gcn0109117__0109320__person___________.png,181,99,3
0923__17_16_15__i0799894__gcn0109286__0109287__person__P1_L2____.png,115,245,6
0923__17_16_37__i0800096__gcn0109527__0109534__person__P2_______.png,242,114,0
0923__17_16_44__i0800158__gcn0109586__0109586__person__P2_______.png,17,134,3
0923__17_16_47__i0800180__gcn0109559__0109562__person_____L2____.png,1,122,3
0923__17_17_22__i0800564__gcn0110326__0110326__person_____L2____.png,129,188,3
0923__17_17_24__i0800583__gcn0110313__0110314__person__P2_______.png,206,165,0
0923__17_17_35__i0800692__gcn0110453__0110538__person_____L2____.png,171,96,0
0923__17_17_39__i0800734__gcn0110566__0110566__person_____L2____.png,69,167,3
0923__17_17_48__i0800822__gcn0110566__0110628__person__P2_L1____.png,243,134,0
0923__17_18_01__i0800946__gcn0110735__0110735__multy_____L2____.png,158,98,0
0923__17_19_39__i0801925__gcn0111038__0111039__person___________.png,215,119,3
0923__17_21_38__i0803121__gcn0111581__0111581__person__P2_L1____.png,25,28,3
0923__17_25_12__i0805262__gcn0112004__0112006__person__P2_______.png,50,134,6
0923__17_26_19__i0805922__gcn0112261__0112261__multy_____L2____.png,249,196,0
0923__17_30_49__i0808629__gcn0112923__0112923__person_____L2____.png,36,72,7
0923__17_31_57__i0809311__gcn0113280__0113281__person_____L2____.png,3,137,7
0923__17_37_02__i0812363__gcn0114117__0114117__person_____L2____.png,219,115,0
0923__17_39_20__i1277022__gcn0237165__0237165__person_____L2____.png,160,80,6
0923__17_39_20__i1277023__gcn0237165__0237166__person___________.png,159,82,6
0923__17_39_34__i1277265__gcn0237210__0237240__person_____L2____.png,151,79,6
0923__17_39_36__i1277298__gcn0237210__0237292__person___________.png,173,74,6
0923__17_39_42__i1277476__gcn0237295__0237295__person_____L2____.png,114,70,6
0923__17_40_08__i1277985__gcn0237385__0237397__person_____L1____.png,117,70,6
0923__17_40_21__i1278187__gcn0237489__0237492__person___________.png,117,70,6
0923__17_41_28__i1278984__gcn0238421__0238421__person_____L2____.png,120,71,6
0923__17_42_19__i1279677__gcn0238895__0238907__person___________.png,130,78,6
0923__17_42_20__i1279681__gcn0238895__0238911__person___________.png,130,77,7
0923__17_43_48__i1281142__gcn0239651__0239651__person_____L2____.png,122,71,6
0923__17_43_48__i1281143__gcn0239651__0239652__person___________.png,120,71,6
0923__17_44_04__i1281405__gcn0239779__0239796__person_____L1____.png,129,77,7
0923__17_44_17__i1281569__gcn0239906__0239909__person___________.png,120,72,6
0923__17_44_52__i1282132__gcn0240136__0240188__person___________.png,143,79,6
0923__17_44_52__i1282138__gcn0240136__0240250__person___________.png,144,80,6
0923__17_44_56__i1282179__gcn0240136__0240298__person___________.png,145,81,6
0923__17_45_00__i1282224__gcn0240136__0240331__person___________.png,142,80,6
0923__17_45_00__i1282227__gcn0240136__0240337__person___________.png,141,80,6
0923__17_45_42__i1282661__gcn0240841__0240847__person_____L1____.png,241,220,6
0923__17_45_42__i1282662__gcn0240841__0240849__person___________.png,243,212,6
0923__17_46_14__i1282972__gcn0241381__0241407__person___________.png,136,79,6
0923__17_46_14__i1282973__gcn0241381__0241409__person___________.png,137,79,6
0923__17_46_15__i1282982__gcn0240384__0241427__person___________.png,136,78,6
0923__17_46_16__i1282989__gcn0241381__0241441__person___________.png,136,79,6
0923__17_46_19__i1283010__gcn0241381__0241481__person___________.png,139,80,6
0923__17_46_21__i1283030__gcn0241381__0241515__person___________.png,138,79,6
0923__17_47_38__i1283857__gcn0241381__0242376__person___________.png,136,85,6
0923__17_48_20__i1284307__gcn0242859__0242871__person___________.png,142,84,6
0923__17_48_26__i1284333__gcn0242904__0242904__person_____L2____.png,136,83,6
0923__17_48_27__i1284340__gcn0242904__0242915__person___________.png,136,83,6
0923__17_48_27__i1284341__gcn0242904__0242916__person___________.png,138,84,6
0923__17_48_28__i1284345__gcn0242859__0242920__person___________.png,139,83,6
0923__17_48_40__i1284481__gcn0242859__0243049__person___________.png,154,89,6
0923__17_48_41__i1284494__gcn0242859__0243062__person___________.png,151,88,6
0923__17_48_45__i1284529__gcn0242859__0243103__person___________.png,141,84,6
0923__17_48_47__i1284544__gcn0242859__0243118__person___________.png,146,85,6
0923__17_48_53__i1284611__gcn0243136__0243185__person___________.png,158,88,6
0923__17_49_14__i1284873__gcn0243308__0243387__person___________.png,154,86,6
0923__17_50_35__i1285754__gcn0244639__0244719__person___________.png,145,74,6
0923__17_50_59__i0820734__gcn0115328__0115328__person_____L2____.png,166,173,3
0923__17_51_01__i1285995__gcn0244969__0245213__person___________.png,122,70,6
0923__17_51_01__i1286001__gcn0244969__0245231__person___________.png,122,70,6
0923__17_51_02__i1286002__gcn0244969__0245234__person___________.png,122,70,6
0923__17_51_19__i1286173__gcn0245518__0245537__multy_____L2____.png,149,82,6
0923__17_51_25__i1286235__gcn0245547__0245627__person___________.png,138,76,6
0923__17_52_59__i1287313__gcn0246837__0246849__person___________.png,139,70,6
0923__17_53_01__i1287328__gcn0246837__0246887__person___________.png,140,70,6
0923__17_53_13__i1287508__gcn0247054__0247056__person___________.png,182,76,6
0923__17_53_23__i1287613__gcn0247188__0247188__multy_____L2____.png,252,83,6
0923__17_53_46__i1287871__gcn0247054__0247505__person__P2_L2____.png,175,98,5
0923__17_55_26__i0823403__gcn0115821__0115825__person_____L2____.png,206,27,6
0923__17_55_34__i0823485__gcn0115987__0115987__multy___________.png,114,229,2
0923__17_55_41__i0823552__gcn0115821__0116044__person_____L2____.png,186,97,8
0923__17_55_50__i1289455__gcn0248041__0248062__person___________.png,147,77,6
0923__17_56_15__i1289921__gcn0248177__0248239__person___________.png,169,75,7
0923__17_56_16__i1289928__gcn0248177__0248246__person___________.png,162,75,7
0923__17_56_17__i1289944__gcn0248177__0248262__person___________.png,163,76,7
0923__17_56_20__i1289963__gcn0248177__0248281__person___________.png,164,77,7
0923__17_56_20__i1289969__gcn0248177__0248287__person___________.png,166,78,7
0923__17_56_20__i1289972__gcn0248177__0248290__person___________.png,166,78,7
0923__17_56_22__i1289981__gcn0248177__0248299__person___________.png,166,77,7
0923__17_56_24__i1290013__gcn0248323__0248323__person___________.png,84,203,6
0923__17_58_54__i1293273__gcn0248505__0248513__person___________.png,165,88,7
0923__17_58_54__i1293275__gcn0248505__0248515__person___________.png,165,88,7
0923__17_59_25__i0825796__gcn0116739__0116750__person__P2_______.png,150,164,6
0923__18_03_04__i1298282__gcn0249037__0249037__person_____L2____.png,129,79,6
0923__18_03_04__i1298284__gcn0249037__0249039__person_____L1____.png,131,79,6
0923__18_08_51__i1304999__gcn0250390__0250408__person___________.png,144,77,6
0923__18_08_51__i1305005__gcn0250390__0250414__person___________.png,147,77,6
0923__18_12_07__i0833418__gcn0118451__0118454__person__P1_L1____.png,71,213,0
0923__18_12_15__i1308777__gcn0251929__0251957__person___________.png,129,83,6
0923__18_12_25__i1309053__gcn0251993__0251993__person_____L2____.png,142,74,6
0923__18_12_38__i0833728__gcn0118584__0118584__person_____L2____.png,190,100,6
0923__18_12_38__i0833729__gcn0118584__0118585__person___________.png,193,100,6
0923__18_12_49__i0833836__gcn0118596__0118630__person___________.png,63,208,7
0923__18_13_36__i1309750__gcn0252855__0252864__person___________.png,118,72,6
0923__18_14_22__i0834762__gcn0118820__0118821__person_____L2____.png,59,80,6
0923__18_14_30__i0834844__gcn0118907__0118907__person__P1_L1____.png,132,242,6
0923__18_14_37__i0834909__gcn0118917__0118917__person___________.png,24,140,3
0923__18_16_22__i0835963__gcn0119343__0119346__person_____L2____.png,60,246,0
0923__18_16_37__i0836112__gcn0119343__0119563__person_____L2____.png,167,84,0
0923__18_20_20__i0838341__gcn0120126__0120126__person_____L2____.png,202,111,6
0923__18_21_07__i0838815__gcn0120329__0120422__person_____L2____.png,195,104,6
0923__18_21_18__i0838923__gcn0120506__0120506__person_____L2____.png,200,14,6
0923__18_21_19__i0838938__gcn0120520__0120520__person_____L2____.png,132,16,0
0923__18_21_22__i0838962__gcn0120574__0120577__person_____L2____.png,44,147,0
0923__18_21_26__i0838983__gcn0120665__0120665__person_____L2____.png,216,75,0
0923__18_21_27__i0838994__gcn0120610__0120648__multy__P2_L2____.png,193,173,0
0923__18_21_31__i0839024__gcn0120873__0120873__multy_____L2____.png,42,135,0
0923__18_21_38__i0839097__gcn0120665__0121084__person___________.png,212,111,0
0923__18_21_40__i0839127__gcn0120665__0121127__person_____L2____.png,187,101,0
0923__18_21_40__i0839128__gcn0121129__0121129__person_____L2____.png,170,90,6
0923__18_21_41__i0839135__gcn0121137__0121140__person_____L1____.png,176,94,6
0923__18_23_38__i0840324__gcn0121417__0121419__person___________.png,173,97,6
0923__18_24_00__i1318910__gcn0258752__0258840__person_____L2____.png,146,80,6
0923__18_28_10__i1324090__gcn0260452__0260470__person_____L1____.png,128,86,7
0923__18_28_10__i1324092__gcn0260452__0260472__person___________.png,127,86,7
0923__18_28_10__i1324093__gcn0260452__0260473__person___________.png,127,87,7
0923__18_29_42__i1326143__gcn0260939__0260963__person___________.png,134,77,6
0923__18_29_49__i1326276__gcn0261008__0261014__person_____L1____.png,141,73,6
0923__18_29_57__i1326470__gcn0261037__0261058__person___________.png,154,71,6
0923__18_29_58__i1326478__gcn0261037__0261065__person___________.png,153,71,6
0923__18_29_58__i1326482__gcn0261037__0261069__person___________.png,152,71,6
0923__18_33_20__i0846147__gcn0122251__0122252__person_____L2____.png,32,61,6
0923__18_34_48__i1330908__gcn0263301__0263301__person_____L2____.png,121,72,6
0923__18_43_36__i1339676__gcn0265201__0265215__person___________.png,145,76,6
0923__18_45_19__i0853339__gcn0127454__0127454__person_____L2____.png,249,82,6
0923__18_45_26__i0853405__gcn0127454__0127454__person__P1_L2____.png,251,129,0
0923__18_49_11__i1346366__gcn0266878__0266886__person___________.png,133,77,3
0923__18_52_06__i1349856__gcn0267422__0267434__person___________.png,138,74,6
0923__18_58_41__i1357766__gcn0269488__0269490__person___________.png,126,79,6
0923__18_59_05__i0861596__gcn0128832__0128832__person_____L2____.png,207,108,6
0923__18_59_55__i0862103__gcn0128957__0128971__person__P1_L2____.png,237,119,6
0923__19_09_08__i0867634__gcn0129314__0129337__person__P2_______.png,38,132,6
0923__19_09_16__i1369880__gcn0272329__0272350__person___________.png,138,83,6
0923__19_09_22__i1369937__gcn0272387__0272420__person___________.png,141,83,6
0923__19_09_22__i1369939__gcn0272387__0272422__person___________.png,141,83,7
0923__19_11_15__i0868902__gcn0129648__0129680__person__P2_L1____.png,10,212,7
0923__19_11_37__i1372471__gcn0273166__0273199__person___________.png,156,76,7
0923__19_13_07__i0870024__gcn0129746__0129750__person__P2_______.png,173,35,3
0923__19_19_21__i1382366__gcn0275541__0275542__person___________.png,166,83,6
0923__19_19_22__i1382386__gcn0275541__0275556__person___________.png,164,83,6
0923__19_21_27__i1385083__gcn0276036__0276038__person___________.png,150,83,6
0923__19_22_14__i1385797__gcn0276416__0276416__person_____L2____.png,116,74,6
0923__19_22_17__i1385841__gcn0276433__0276433__person_____L2____.png,133,80,6
0923__19_24_37__i1388566__gcn0276826__0276847__person_____L2____.png,170,78,7
0923__19_25_16__i1389498__gcn0276963__0277011__person___________.png,126,73,6
0923__19_25_45__i1390114__gcn0277137__0277155__person___________.png,141,81,6
0923__19_30_10__i0880255__gcn0130108__0130114__person_____L1____.png,12,128,6
0923__19_36_29__i0884043__gcn0130761__0130761__person_____L2____.png,162,96,6
0923__19_36_32__i0884070__gcn0130761__0130765__person___________.png,148,92,6
0923__19_38_40__i0885349__gcn0131044__0131050__person___________.png,198,109,6
0923__19_45_24__i0889397__gcn0131144__0131213__person___________.png,177,104,6
0923__20_32_17__i0917526__gcn0131689__0131693__person_____L2____.png,151,105,6
0923__23_04_54__i1009107__gcn0132839__0132880__person_____L2____.png,193,104,6
0923__23_12_26__i1013633__gcn0133012__0133012__person_____L2____.png,176,102,6
0924__02_49_38__i1143968__gcn0133134__0133135__person_____L1____.png,82,0,6
0924__03_39_39__i1173985__gcn0133292__0133351__person_____L2____.png,240,205,6
0924__06_47_48__i1286894__gcn0133555__0133556__person__P2_______.png,252,126,6
0924__07_02_37__i1295780__gcn0134079__0134079__person_____L2____.png,160,98,6
0924__07_19_05__i1305670__gcn0135028__0135028__person__P1_L1____.png,85,157,6
0924__07_19_49__i1306107__gcn0135166__0135186__person_____L2____.png,143,165,6
0924__07_25_16__i1309376__gcn0135639__0135744__person__P2_L1____.png,236,227,3
0924__07_32_21__i1313623__gcn0136623__0136623__multy___________.png,40,143,3
0924__07_32_28__i1313693__gcn0136635__0136649__person__P2_______.png,67,11,3
0924__07_32_28__i1313696__gcn0136635__0136751__person_____L2____.png,205,165,3
0924__07_33_37__i1314389__gcn0136899__0136899__person_____L2____.png,236,114,3
0924__07_33_42__i1314437__gcn0136869__0136869__person__P2_______.png,242,190,3
0924__07_37_13__i1316543__gcn0137309__0137379__person_____L2____.png,68,205,0
0924__07_40_28__i1318498__gcn0138202__0138202__person_____L1____.png,223,2,0
0924__07_42_23__i1319648__gcn0138893__0138906__person__P2_______.png,75,150,6
0924__07_43_23__i1320249__gcn0138993__0138994__person_____L2____.png,25,135,3
0924__07_46_05__i1321869__gcn0139327__0139327__person_____L2____.png,138,204,6
0924__07_55_49__i1327712__gcn0139838__0139840__person__P2_______.png,89,246,6
0924__08_07_57__i1334992__gcn0142322__0142342__person___________.png,25,122,6
0924__08_11_34__i1337164__gcn0143804__0143804__person_____L1____.png,69,93,6
0924__08_11_41__i1337228__gcn0143869__0143869__person_____L2____.png,140,169,6
0924__08_19_08__i1341698__gcn0144548__0144548__person_____L2____.png,90,111,6
0924__08_20_06__i1342278__gcn0144849__0144975__person_____L2____.png,228,101,4
0924__08_20_06__i1342280__gcn0144849__0144979__person___________.png,228,97,4
0924__08_20_19__i1342415__gcn0145171__0145171__person_____L2____.png,77,172,1
0924__08_24_15__i1344775__gcn0146343__0146347__person__P1_L1____.png,158,90,6
0924__08_29_10__i1347719__gcn0148660__0148668__person_____L1____.png,178,100,4
0924__08_29_34__i1347965__gcn0148701__0148701__person_____L2____.png,114,204,6
0924__08_37_09__i1352509__gcn0149691__0149691__person_____L2____.png,133,86,3
0924__08_37_09__i1352516__gcn0149693__0149693__person__P2_L1____.png,147,83,3
0924__08_37_10__i1352522__gcn0149721__0149721__multy___________.png,157,85,6
0924__08_37_16__i1352583__gcn0149840__0149840__multy__P2_L2____.png,216,114,3
0924__08_37_26__i1352677__gcn0149693__0149783__person_____L2____.png,71,31,3
0924__08_38_30__i1353319__gcn0150331__0150364__person__P2_______.png,234,123,6
0924__08_43_18__i1356207__gcn0151302__0151309__person__P2_L2____.png,216,119,6
0924__08_43_25__i1356269__gcn0151302__0151309__person_____L2____.png,90,186,0
0924__08_50_45__i1360670__gcn0153215__0153215__person__P1_L1____.png,169,196,2
0924__08_51_15__i1360969__gcn0153390__0153411__person___________.png,63,133,6
0924__08_54_07__i1362690__gcn0154011__0154011__person_____L2____.png,156,196,6
0924__08_58_14__i1365161__gcn0155131__0155131__person__P2_______.png,32,152,0
0924__09_06_32__i1370146__gcn0156185__0156185__person_____L2____.png,68,124,6
0924__09_09_55__i1372181__gcn0156579__0156585__person_____L1____.png,87,152,7
0924__09_10_56__i1372786__gcn0156739__0156739__person_____L2____.png,55,144,6
0924__09_20_52__i1378739__gcn0159035__0159035__person_____L2____.png,55,147,6
0924__09_40_38__i1390609__gcn0160266__0160266__person__P2_______.png,99,229,6
0924__09_45_40__i1393633__gcn0160630__0160630__person__P1_L2____.png,229,28,6
0924__10_03_47__i1404501__gcn0162645__0162659__person___________.png,156,89,6
0924__10_16_55__i1412386__gcn0164219__0164239__person_____L2____.png,101,157,6
0924__10_16_59__i1412420__gcn0164219__0164239__person___________.png,21,203,6
0924__10_23_15__i1416181__gcn0164484__0164484__person___________.png,159,98,6
0924__10_40_34__i1426569__gcn0168322__0168322__person_____L2____.png,135,71,6
0924__10_41_25__i1427078__gcn0168601__0168601__person__P2_______.png,150,181,7
0924__10_47_12__i1430550__gcn0169029__0169029__person_____L2____.png,163,103,3
0924__11_01_34__i1439172__gcn0169863__0169863__person__P2_L1____.png,79,252,3
0924__11_42_35__i1463790__gcn0171948__0171948__person__P2_______.png,9,114,6
0924__11_51_47__i1469314__gcn0175071__0175072__person___________.png,13,145,6
0924__11_54_15__i1470793__gcn0175083__0175083__person__P2_______.png,125,152,6
0924__11_58_47__i1473506__gcn0176864__0176864__person__P2_______.png,96,164,6
0924__12_03_04__i1476075__gcn0179225__0179225__person__P2_______.png,74,175,6
0924__12_03_51__i1476547__gcn0179501__0179590__person___________.png,239,114,6
0924__12_04_02__i1476635__gcn0179917__0179921__person___________.png,224,115,1
0924__12_04_10__i1476706__gcn0180077__0180077__multy_____L2____.png,75,255,6
0924__12_04_11__i1476710__gcn0180057__0180078__person_____L1____.png,88,245,6
0924__12_05_46__i1477703__gcn0180938__0181026__person_____L2____.png,208,159,1
0924__12_13_34__i1482378__gcn0181140__0181140__person__P1_L1____.png,250,224,4
0924__12_43_42__i1500455__gcn0183781__0183781__person__P2_______.png,166,164,6
0924__12_43_44__i1500483__gcn0183781__0183875__person___________.png,75,213,7
0924__12_55_46__i1507707__gcn0184896__0184896__person__P2_______.png,56,145,6
0924__13_00_44__i1510686__gcn0185809__0185809__person__P2_L2____.png,183,178,6
0924__13_04_00__i1512640__gcn0186885__0186898__person__P2_______.png,151,164,6
0924__13_04_03__i1512667__gcn0186885__0187046__person___________.png,194,111,6
0924__13_05_21__i1513449__gcn0187126__0187126__person_____L2____.png,112,197,6
0924__13_05_22__i1513453__gcn0187112__0187112__person__P2_L1____.png,59,250,0
0924__13_05_23__i1513464__gcn0187146__0187157__person__P1_L1____.png,95,249,6
0924__13_05_26__i1513494__gcn0187112__0187209__person__P2_L1____.png,240,108,0
0924__13_05_27__i1513500__gcn0187146__0187157__person__P2_______.png,38,128,6
0924__13_12_43__i1517868__gcn0188380__0188380__person__P2_L1____.png,186,231,2
0924__13_33_20__i1530246__gcn0189680__0189775__person_____L2____.png,117,249,6
0924__13_34_54__i1531184__gcn0189933__0189933__person__P2_______.png,16,144,7
0924__13_41_24__i1535069__gcn0190757__0190822__person_____L1____.png,235,178,6
0924__13_42_09__i1535533__gcn0190849__0190851__person___________.png,17,112,6
0924__13_45_50__i1537744__gcn0191394__0191394__person_____L2____.png,231,211,8
0924__13_50_33__i1540569__gcn0191685__0191918__person___________.png,222,102,6
0924__13_50_33__i1540573__gcn0191922__0191922__multy___________.png,231,103,6
0924__13_53_46__i1542504__gcn0192487__0192487__person_____L2____.png,21,239,6
0924__13_57_39__i1544836__gcn0193097__0193097__person_____L2____.png,200,15,6
0924__14_00_22__i1546465__gcn0194372__0194377__person_____L2____.png,14,146,6
0924__14_03_46__i1548498__gcn0194911__0195185__person__P2_L2____.png,171,97,0
0924__14_03_48__i1548510__gcn0194884__0195214__person___________.png,178,96,7
0924__14_12_41__i1553857__gcn0195805__0195809__person__P2_L2____.png,145,83,3
0924__14_13_32__i1554368__gcn0196032__0196032__person_____L2____.png,214,107,6
0924__14_13_32__i1554369__gcn0196058__0196073__person__P2_L1____.png,16,238,3
0924__14_20_50__i1558754__gcn0196699__0196699__person_____L2____.png,48,145,6
0924__14_28_14__i1563195__gcn0197118__0197118__person_____L2____.png,139,175,6
0924__14_28_15__i1563202__gcn0197118__0197124__person_____L1____.png,23,217,6
0924__14_29_39__i1564037__gcn0197381__0197381__person_____L2____.png,208,131,6
0924__14_29_45__i1564097__gcn0197456__0197456__person_____L1____.png,233,117,6
0924__14_29_49__i1564143__gcn0197485__0197513__person___________.png,221,140,6
0924__14_30_14__i1564390__gcn0197609__0197753__person___________.png,27,181,6
0924__14_30_36__i1564607__gcn0197965__0197972__person_____L2____.png,49,238,6
0924__14_30_38__i1564628__gcn0197965__0197972__person__P1_L1____.png,32,54,6
0924__14_33_45__i1566500__gcn0198291__0198291__person_____L2____.png,160,250,6
0924__14_38_05__i1569098__gcn0198792__0198792__person_____L2____.png,15,197,6
0924__14_38_29__i1569344__gcn0198825__0198827__person_____L2____.png,138,37,7
0924__14_38_30__i1569350__gcn0198833__0198833__person_____L2____.png,100,224,0
0924__14_38_32__i1569370__gcn0198825__0198862__person__P2_L1____.png,191,194,6
0924__14_38_46__i1569514__gcn0199132__0199187__person__P2_______.png,152,95,0
0924__14_42_31__i1571756__gcn0201075__0201075__person_____L2____.png,107,156,6
0924__14_56_40__i1580256__gcn0202947__0202947__person_____L1____.png,163,96,6
0924__14_56_53__i1580379__gcn0203123__0203123__person___________.png,232,116,6
0924__14_57_43__i1580887__gcn0203362__0203365__person_____L2____.png,28,128,6
0924__14_57_50__i1580949__gcn0203362__0203486__person_____L1____.png,148,216,6
0924__15_05_15__i1585398__gcn0203805__0203815__person_____L2____.png,116,212,4
0924__15_21_45__i1595309__gcn0205151__0205151__multy_____L2____.png,233,170,6
0924__15_25_33__i1597583__gcn0205666__0205670__person__P1_L2____.png,109,205,7
0924__15_25_51__i1597758__gcn0205792__0205792__person_____L2____.png,121,250,6
0924__15_26_16__i1598019__gcn0205977__0205982__person_____L1____.png,155,196,3
0924__15_33_24__i1602300__gcn0206641__0206642__person__P2_______.png,120,3,3
0924__15_34_31__i1602967__gcn0206988__0207003__person_____L2____.png,172,52,0
0924__15_34_41__i1603064__gcn0206988__0207180__person_____L2____.png,217,120,0
0924__15_44_25__i1608905__gcn0207454__0207533__person___________.png,244,175,6
0924__15_51_10__i1612960__gcn0207987__0208012__person___________.png,74,98,6
0924__15_51_13__i1612977__gcn0207987__0208042__person___________.png,130,207,6
0924__15_58_24__i1617294__gcn0208830__0208830__person_____L2____.png,114,154,6
0924__15_58_27__i1617330__gcn0208830__0208830__person_____L2____.png,165,226,6
0924__16_06_39__i1622250__gcn0209342__0209347__person__P1_L1____.png,189,212,7
0924__16_09_30__i1623934__gcn0209736__0209849__person__P1_L1____.png,181,187,6
0924__16_09_33__i1623957__gcn0209736__0209898__person_____L2____.png,162,234,6
0924__16_10_44__i1624697__gcn0210111__0210114__person___________.png,172,107,6
0924__16_30_11__i1636365__gcn0214374__0214379__person_____L1____.png,220,114,6
0924__16_33_00__i1638064__gcn0214881__0214881__person_____L2____.png,4,206,6
0924__16_37_38__i1640844__gcn0215481__0215481__person__P2_______.png,206,180,6
0924__16_40_04__i1642304__gcn0215725__0215734__person__P1_L2____.png,87,218,3
0924__16_40_11__i1642370__gcn0215725__0215819__person___________.png,1,117,3
0924__16_42_59__i1644033__gcn0216909__0216909__person_____L2____.png,150,235,6
0924__16_43_12__i1644152__gcn0217094__0217115__person_____L2____.png,236,108,7
0924__16_43_13__i1644158__gcn0217094__0217130__person_____L2____.png,247,124,7
0924__16_44_39__i1645039__gcn0217992__0217995__person___________.png,195,179,6
0924__16_46_37__i1646216__gcn0219785__0219788__person__P2_L1____.png,37,214,0
0924__16_46_39__i1646232__gcn0219785__0219788__person_____L2____.png,168,161,0
0924__16_46_47__i1646299__gcn0219785__0219976__person_____L2____.png,184,100,0
0924__16_52_44__i1649889__gcn0221352__0221430__person_____L2____.png,246,8,6
0924__16_52_44__i1649890__gcn0221352__0221430__person_____L1____.png,80,14,6
0924__16_52_47__i1649922__gcn0221458__0221468__person_____L2____.png,189,104,6
0924__16_53_21__i1650273__gcn0221617__0221617__person__P2_______.png,38,35,0
0924__16_55_06__i1651295__gcn0222011__0222226__person_____L2____.png,88,162,6
0924__17_04_17__i1656834__gcn0223305__0223325__person___________.png,9,112,6
0924__17_04_29__i1656956__gcn0223320__0223395__person__P2_L1____.png,117,186,6
0924__17_06_05__i1657873__gcn0223920__0223920__person__P2_L2____.png,15,135,0
0924__17_08_35__i1659367__gcn0224214__0224303__person__P2_______.png,249,15,3
0924__17_08_42__i1659406__gcn0224437__0224437__person_____L2____.png,172,136,6
0924__17_08_58__i1659517__gcn0224749__0224749__person_____L1____.png,3,129,6
0924__17_10_32__i1660577__gcn0224890__0224950__person__P1_L2____.png,26,131,6
0924__17_11_21__i1661046__gcn0225143__0225146__person_____L2____.png,56,30,0
0924__17_12_09__i1661532__gcn0225685__0225685__person__P2_L1____.png,223,254,3
0924__17_12_11__i1661544__gcn0225645__0225762__person_____L2____.png,182,171,3
0924__17_12_17__i1661581__gcn0225645__0225904__person_____L2____.png,67,124,3
0924__17_12_17__i1661581__gcn0225926__0225926__person_____L2____.png,104,136,3
0924__17_12_19__i1661593__gcn0225967__0225967__person_____L2____.png,40,131,6
0924__17_12_21__i1661603__gcn0225685__0226011__person_____L2____.png,56,123,3
0924__17_12_25__i1661634__gcn0225723__0225734__person_____L2____.png,17,221,3
0924__17_13_56__i1662603__gcn0226296__0226298__person__P2_______.png,86,250,0
0924__17_15_47__i1663730__gcn0226864__0226864__person_____L2____.png,67,250,6
0924__17_17_21__i1664647__gcn0227097__0227270__person_____L2____.png,233,110,0
0924__17_18_46__i1665506__gcn0227417__0227417__person_____L2____.png,78,60,3
0924__17_18_59__i1665611__gcn0227590__0227590__multy_____L2____.png,187,106,3
0924__17_19_00__i1665622__gcn0227590__0227590__multy_____L2____.png,169,100,6
0924__17_20_25__i1666495__gcn0227910__0227915__person_____L2____.png,227,117,3
0924__17_22_51__i1667968__gcn0228750__0228750__person_____L2____.png,166,115,6
0924__17_25_26__i1669516__gcn0228882__0228884__person__P2_L1____.png,30,248,6
0924__17_34_42__i1675088__gcn0229014__0229084__person__P1_L2____.png,228,114,0
0924__17_43_09__i1680157__gcn0229135__0229135__person__P2_______.png,18,203,6
0924__18_00_39__i1690642__gcn0230456__0230456__person_____L2____.png,15,118,6
0924__18_03_30__i1692359__gcn0230821__0230821__person_____L2____.png,170,91,6
0924__18_03_31__i1692367__gcn0230838__0230838__person_____L2____.png,167,99,6
0924__18_03_36__i1692400__gcn0230819__0230913__person___________.png,179,98,3
0924__18_03_45__i1692470__gcn0230857__0231014__person__P2_______.png,74,152,6
0924__18_05_41__i1693665__gcn0231212__0231212__person__P2_______.png,36,83,7
0924__18_07_43__i1694831__gcn0231548__0232554__person_____L2____.png,43,140,7
0924__18_13_58__i1698614__gcn0234438__0234438__person_____L2____.png,1,4,6
0924__18_13_59__i1698622__gcn0234218__0234252__person___________.png,212,115,3
0924__18_14_39__i1699052__gcn0234926__0234939__person_____L1____.png,213,111,0
0924__18_15_15__i1699404__gcn0235315__0235315__person__P2_______.png,116,2,0
0924__18_15_38__i1699640__gcn0235487__0235518__person_____L2____.png,220,99,6
0924__18_33_00__i1710046__gcn0237693__0237693__person__P1_L1____.png,200,208,6
0924__18_33_05__i1710098__gcn0237784__0237861__person__P2_L2____.png,124,1,6
0924__18_42_44__i1715893__gcn0238000__0238014__person___________.png,30,216,3
0924__18_53_55__i1722597__gcn0238455__0238576__person___________.png,234,118,3
0924__18_54_44__i1723096__gcn0238834__0238844__person__P2_L2____.png,217,0,6
0924__18_54_49__i1723151__gcn0238852__0238939__person__P2_______.png,180,176,6
0924__18_55_28__i1723541__gcn0239004__0239077__person___________.png,218,119,6
0924__18_55_29__i1723547__gcn0239162__0239162__person_____L2____.png,235,131,8
0924__18_58_45__i1725506__gcn0239646__0239646__multy_____L2____.png,223,116,6
0924__18_59_55__i1726208__gcn0239829__0239846__person_____L2____.png,252,153,8
0924__18_59_58__i1726234__gcn0239829__0239848__person__P2_______.png,136,161,8
0924__19_01_21__i1727063__gcn0239907__0239907__person_____L2____.png,238,227,6
0924__19_01_22__i1727073__gcn0239898__0239898__person__P2_______.png,144,240,3
0924__19_01_30__i1727162__gcn0239907__0240050__person_____L1____.png,197,108,6
0924__19_01_45__i1727307__gcn0240173__0240173__person___________.png,159,91,6
0924__19_01_48__i1727337__gcn0240173__0240246__person_____L2____.png,197,111,6
0924__19_01_49__i1727356__gcn0240242__0240254__person__P2_L2____.png,195,107,6
0924__19_02_08__i1727537__gcn0240505__0240507__person___________.png,21,5,6
0924__19_02_08__i1727542__gcn0240505__0240529__person__P1_L2____.png,43,0,6
0924__19_02_20__i1727648__gcn0240539__0240658__person__P2_______.png,36,231,3
0924__19_04_16__i1728822__gcn0240785__0240787__multy_____L2____.png,166,101,3
0924__19_04_18__i1728840__gcn0240803__0240812__person___________.png,193,105,3
0924__19_08_15__i1731201__gcn0241159__0241235__person_____L1____.png,80,170,6
0924__19_09_22__i1731873__gcn0241409__0241474__person___________.png,241,125,6
0924__19_09_25__i1731902__gcn0241481__0241481__person__P2_______.png,26,240,3
0924__19_19_02__i1737679__gcn0241668__0241695__person__P2_L1____.png,194,180,6
0924__19_24_09__i1740747__gcn0241905__0241906__person___________.png,178,104,6
0924__19_55_10__i1759366__gcn0242927__0242929__person__P1_L1____.png,25,224,6
0924__20_07_08__i1766503__gcn0243465__0243467__person___________.png,87,160,6
0924__20_08_00__i1766933__gcn0243465__0244088__person__P2_______.png,135,255,6
0924__20_26_29__i1778162__gcn0244231__0244323__person_____L2____.png,192,104,0
0924__21_00_15__i1798401__gcn0244894__0244937__person___________.png,100,162,6
0924__22_08_01__i1839086__gcn0245453__0245467__person_____L2____.png,65,11,3
0924__22_08_15__i1839229__gcn0245504__0245504__person_____L2____.png,241,116,3
0924__22_17_46__i1844931__gcn0245523__0245527__person___________.png,92,35,6
0924__22_17_54__i1845001__gcn0245523__0245562__person___________.png,17,131,6
0924__22_18_05__i1845105__gcn0245777__0245787__person___________.png,148,106,6
0924__22_18_19__i1845243__gcn0245777__0245915__person___________.png,177,105,6
0924__22_54_38__i1867029__gcn0246380__0246492__person_____L2____.png,226,228,6
0924__22_54_40__i1867043__gcn0246380__0246492__person__P2_L2____.png,117,31,6
0925__06_05_54__i0251492__gcn0001356__0001588__person_____L1____.png,176,16,3
0925__06_10_52__i0254467__gcn0003292__0003323__person___________.png,161,15,6
0925__06_10_54__i0254492__gcn0003292__0003408__person__P1_______.png,171,6,6
0925__06_12_20__i0255353__gcn0004171__0004190__person___________.png,228,81,6
0925__06_14_01__i0256356__gcn0004171__0006926__person___________.png,140,165,6
0925__06_53_09__i0279845__gcn0017095__0017095__multy___________.png,169,101,6
0925__07_01_18__i0284732__gcn0020552__0020708__person___________.png,60,196,7
0925__07_16_07__i0293620__gcn0027501__0027531__person_____L2____.png,218,122,6
0925__07_30_50__i0302451__gcn0028951__0029167__person___________.png,200,217,6
0925__07_30_53__i0302483__gcn0028951__0029250__person_____L2____.png,1,204,3
0925__07_32_08__i0303236__gcn0029576__0029576__multy__P2_L2____.png,225,224,3
0925__07_33_53__i0304281__gcn0029723__0029723__person_____L1____.png,181,224,3
0925__07_33_53__i0304289__gcn0029965__0029965__person_____L2____.png,49,232,6
0925__07_36_00__i0305554__gcn0030371__0030375__person__P2_______.png,4,116,6
0925__07_40_34__i0308302__gcn0030882__0030914__multy_____L2____.png,181,108,6
0925__07_40_54__i0308498__gcn0030901__0030960__person__P2_______.png,205,188,6
0925__07_42_50__i0309660__gcn0031456__0031456__person_____L2____.png,52,30,0
0925__07_50_34__i0314298__gcn0033162__0033227__person_____L2____.png,76,194,6
0925__07_51_32__i0314882__gcn0033542__0033567__multy_____L2____.png,11,142,6
0925__08_00_02__i0319980__gcn0034296__0034304__person_____L2____.png,219,120,6
0925__08_00_09__i0320048__gcn0034332__0034332__person_____L2____.png,26,133,3
0925__08_04_32__i0322678__gcn0034903__0034903__person__P2_______.png,54,158,3
0925__08_04_40__i0322761__gcn0035028__0035028__person_____L2____.png,180,104,3
0925__08_09_49__i0325845__gcn0035410__0035415__person__P2_______.png,78,12,6
0925__08_11_23__i0326785__gcn0036515__0036515__person_____L2____.png,161,95,6
0925__08_15_34__i0329299__gcn0036906__0036937__person__P2_______.png,65,144,3
0925__08_21_25__i0332807__gcn0037293__0037295__person__P2_______.png,237,93,6
0925__08_21_27__i0332826__gcn0037293__0037295__person__P2_______.png,103,243,6
0925__08_22_30__i0333465__gcn0037607__0037607__person__P2_L1____.png,199,115,7
0925__08_24_24__i0334601__gcn0038046__0038046__person__P1_L1____.png,18,123,7
0925__08_24_57__i0334925__gcn0038923__0039152__person__P1_L1____.png,1,217,1
0925__08_24_58__i0334944__gcn0038803__0039100__person_____L2____.png,216,222,3
0925__08_25_26__i0335219__gcn0039794__0039798__person___________.png,193,89,7
0925__08_27_35__i0336507__gcn0039951__0039951__person__P1_L2____.png,239,21,6
0925__08_29_21__i0337570__gcn0040177__0040194__multy_____L2____.png,159,101,6
0925__08_29_38__i0337740__gcn0040406__0040413__person_____L2____.png,106,146,6
0925__08_29_42__i0337777__gcn0040406__0040486__person_____L1____.png,39,59,6
0925__08_29_57__i0337929__gcn0040500__0040500__person__P2_______.png,36,138,6
0925__08_40_58__i0344537__gcn0041404__0041404__multy__P2_L1____.png,156,105,3
0925__08_41_11__i0344671__gcn0041444__0041476__person__P2_______.png,151,54,3
0925__08_42_30__i0345460__gcn0041909__0041909__multy_____L2____.png,153,92,3
0925__08_42_37__i0345528__gcn0041979__0041979__person___________.png,163,93,6
0925__08_42_43__i0345591__gcn0042120__0042120__person_____L2____.png,55,198,6
0925__08_49_12__i0349483__gcn0042925__0042925__multy_____L2____.png,201,129,6
0925__08_53_38__i0352142__gcn0043503__0043503__person__P1_L1____.png,31,174,6
0925__09_16_31__i0365872__gcn0045755__0045755__person_____L2____.png,170,96,6
0925__09_16_49__i0366054__gcn0045860__0045860__person__P2_L2____.png,156,246,4
0925__09_23_43__i0370196__gcn0046426__0046429__person___________.png,232,193,6
0925__09_27_25__i0372420__gcn0046623__0046626__person__P2_______.png,113,30,6
0925__09_35_56__i0377529__gcn0047888__0048102__person_____L1____.png,243,120,6
0925__09_43_45__i0382218__gcn0048617__0048620__person_____L1____.png,255,130,7
0925__09_48_15__i0384921__gcn0049031__0049031__multy_____L2____.png,110,148,7
0925__09_48_39__i0385159__gcn0049083__0049124__person_____L1____.png,72,146,6
0925__09_55_30__i0389265__gcn0049891__0049891__person_____L2____.png,204,144,6
0925__10_04_07__i0394434__gcn0052123__0052131__person___________.png,159,97,3
0925__10_04_09__i0394462__gcn0052153__0052154__person___________.png,143,180,6
0925__10_11_30__i0398873__gcn0052945__0052945__person___________.png,80,184,4
0925__10_53_45__i0424220__gcn0059637__0059661__person_____L2____.png,34,138,5
0925__11_48_31__i0457093__gcn0063992__0063992__person_____L2____.png,130,230,6
0925__11_56_32__i0461900__gcn0066172__0066172__person__P2_______.png,69,137,6
0925__11_56_40__i0461976__gcn0066240__0066240__person__P2_______.png,106,151,6
0925__11_58_18__i0462958__gcn0066298__0066298__person_____L2____.png,197,86,6
0925__11_59_10__i0463478__gcn0066303__0066304__person_____L2____.png,119,167,6
0925__12_01_53__i0465107__gcn0066474__0066484__person_____L1____.png,224,31,6
0925__12_09_24__i0469612__gcn0066751__0066751__person_____L2____.png,192,97,6
0925__12_09_35__i0469729__gcn0066751__0067086__person__P1_L2____.png,215,178,7
0925__12_37_15__i0486332__gcn0069082__0069082__person__P2_______.png,203,35,0
0925__12_44_03__i0490413__gcn0071752__0071759__person___________.png,213,111,6
0925__12_47_07__i0492249__gcn0072231__0072231__person_____L2____.png,185,103,6
0925__12_49_12__i0493495__gcn0072311__0072349__person__P2_______.png,28,127,6
0925__12_58_50__i0499276__gcn0073435__0073435__person_____L2____.png,73,137,7
0925__12_58_55__i0499326__gcn0073435__0073435__person___________.png,195,110,7
0925__12_59_01__i0499389__gcn0073521__0073521__person__P1_L2____.png,196,85,6
0925__13_00_16__i0500136__gcn0073720__0073722__person___________.png,169,201,6
0925__13_01_13__i0500714__gcn0076093__0076093__person_____L2____.png,114,184,4
0925__13_01_35__i0500929__gcn0076734__0076734__multy_____L2____.png,112,175,6
0925__13_01_55__i0501130__gcn0077160__0077238__multy_____L2____.png,46,134,6
0925__13_02_07__i0501249__gcn0077592__0077592__person_____L2____.png,225,248,6
0925__13_04_02__i0502393__gcn0080465__0080486__person___________.png,141,73,6
0925__13_04_29__i0502669__gcn0081141__0081195__multy__P1_L2____.png,183,241,6
0925__13_05_33__i0503309__gcn0082736__0082736__multy__P2_L2____.png,179,217,6
0925__13_07_19__i0504373__gcn0085146__0085146__person_____L2____.png,115,250,4
0925__13_08_05__i0504830__gcn0085200__0085309__person_____L1____.png,132,139,3
0925__13_12_54__i0507720__gcn0085476__0085476__person_____L2____.png,145,84,6
0925__13_13_01__i0507792__gcn0085602__0085604__person___________.png,255,128,6
0925__13_13_07__i0507849__gcn0085473__0085756__person_____L2____.png,96,9,6
0925__13_13_10__i0507886__gcn0085654__0085783__person__P2_______.png,242,195,7
0925__13_13_12__i0507903__gcn0085820__0085820__person__P2_______.png,106,134,6
0925__13_15_37__i0509355__gcn0085872__0085873__person_____L2____.png,223,110,6
0925__13_16_18__i0509759__gcn0085954__0085954__person_____L2____.png,93,138,6
0925__13_33_54__i0520327__gcn0089038__0089038__person_____L2____.png,249,114,6
0925__13_37_45__i0522632__gcn0089190__0089190__person_____L2____.png,141,156,6
0925__13_42_17__i0525350__gcn0090849__0090943__person__P1_L1____.png,233,206,6
0925__13_43_31__i0526096__gcn0091040__0091042__person___________.png,225,115,6
0925__13_49_47__i0529860__gcn0092287__0092287__person_____L2____.png,180,86,6
0925__13_51_18__i0530762__gcn0093323__0093323__multy_____L2____.png,236,121,6
0925__13_53_34__i0532130__gcn0094488__0094488__person_____L2____.png,110,167,6
0925__13_59_05__i0535435__gcn0095691__0095691__person_____L2____.png,6,216,7
0925__13_59_06__i0535446__gcn0095615__0095628__person_____L1____.png,234,169,6
0925__14_03_35__i0538140__gcn0096722__0096722__person_____L2____.png,6,21,6
0925__14_04_26__i0538646__gcn0097574__0097574__person__P2_______.png,79,80,6
0925__14_04_52__i0538903__gcn0097678__0097690__person_____L2____.png,135,15,6
0925__14_05_25__i0539241__gcn0097965__0097967__person_____L1____.png,80,131,6
0925__14_06_07__i0539659__gcn0097996__0098062__person_____L1____.png,187,40,1
0925__14_11_59__i0543177__gcn0100415__0100518__person__P1_L1____.png,146,252,6
0925__14_12_01__i0543198__gcn0100731__0100731__multy_____L2____.png,172,119,3
0925__14_14_49__i0544868__gcn0104265__0104269__person___________.png,168,95,6
0925__14_19_28__i0547661__gcn0108022__0108022__person__P1_L2____.png,152,165,0
0925__14_19_29__i0547677__gcn0107643__0108037__person___________.png,212,107,6
0925__14_20_19__i0548134__gcn0108953__0109158__person__P2_______.png,201,213,6
0925__14_21_35__i0548940__gcn0111057__0111086__person_____L2____.png,147,88,6
0925__14_23_41__i0550200__gcn0111755__0111884__person__P1_L1____.png,73,113,1
0925__14_23_59__i0550382__gcn0112001__0112048__person_____L1____.png,73,211,1
0925__14_26_02__i0551599__gcn0113935__0113963__person__P2_L1____.png,43,14,6
0925__14_26_16__i0551705__gcn0114651__0114734__multy__P2_L2____.png,27,86,1
0925__14_27_59__i0552773__gcn0115212__0115224__person_____L2____.png,129,32,3
0925__14_33_28__i0556068__gcn0116426__0116460__multy___________.png,240,125,6
0925__14_37_34__i0558528__gcn0117874__0117915__person_____L2____.png,212,102,6
0925__14_49_38__i0565773__gcn0121182__0121182__person_____L2____.png,117,217,6
0925__14_56_02__i0569608__gcn0122235__0122240__person_____L1____.png,143,86,6
0925__14_56_23__i0569822__gcn0122378__0122380__person___________.png,108,190,6
0925__15_04_26__i0574653__gcn0123008__0123008__person_____L2____.png,25,203,6
0925__15_07_39__i0576586__gcn0123545__0123548__person___________.png,177,111,3
0925__15_12_14__i0579336__gcn0123948__0123948__person_____L2____.png,66,173,3
0925__15_14_53__i0580925__gcn0124883__0124890__person_____L2____.png,17,231,0
0925__15_15_02__i0581008__gcn0124865__0125153__person_____L1____.png,254,121,3
0925__15_15_09__i0581073__gcn0125346__0125354__person_____L1____.png,204,98,0
0925__15_17_17__i0582358__gcn0126043__0126231__person__P1_L1____.png,200,175,6
0925__15_39_42__i0595818__gcn0129779__0129779__person_____L2____.png,177,96,6
0925__15_39_47__i0595861__gcn0129599__0129863__person_____L2____.png,174,101,6
0925__15_45_14__i0599132__gcn0130542__0130555__person__P2_______.png,36,254,3
0925__15_46_59__i0600186__gcn0130794__0130805__person___________.png,117,249,4
0925__15_54_23__i0604624__gcn0131272__0131272__person__P2_______.png,244,111,6
0925__15_56_17__i0605772__gcn0131532__0131532__person__P2_______.png,227,198,7
0925__15_56_53__i0606132__gcn0131584__0131626__person___________.png,250,142,6
0925__16_09_12__i0613518__gcn0133660__0133994__person_____L2____.png,216,112,6
0925__16_09_14__i0613539__gcn0134063__0134063__person_____L2____.png,164,98,6
0925__16_09_38__i0613779__gcn0134228__0134232__person_____L2____.png,167,95,6
0925__16_27_45__i0624650__gcn0135872__0135873__person___________.png,92,241,6
0925__16_27_48__i0624679__gcn0135872__0135886__person_____L2____.png,148,168,6
0925__16_45_55__i0635553__gcn0139175__0139176__person_____L2____.png,209,251,6
0925__16_48_27__i0637072__gcn0140252__0140548__person___________.png,137,224,6
0925__16_50_31__i0638307__gcn0140913__0140941__person_____L2____.png,208,188,6
0925__16_50_34__i0638335__gcn0140913__0141012__person__P1_______.png,122,132,6
0925__16_51_18__i0638784__gcn0141394__0141394__multy_____L2____.png,153,87,7
0925__16_51_22__i0638822__gcn0141436__0141436__multy_____L2____.png,194,106,6
0925__16_51_44__i0639044__gcn0141811__0141857__person_____L2____.png,183,99,4
0925__16_53_46__i0640253__gcn0142955__0142955__multy_____L2____.png,139,89,6
0925__16_54_50__i0640902__gcn0143731__0143777__person_____L2____.png,61,158,7
0925__16_57_24__i0642445__gcn0144323__0144409__person_____L1____.png,233,115,6
0925__17_00_29__i0644291__gcn0144548__0144603__person_____L1____.png,196,106,6
0925__17_03_20__i0646005__gcn0144914__0144923__person_____L1____.png,208,116,3
0925__17_03_21__i0646012__gcn0144933__0144935__person_____L2____.png,216,114,6
0925__17_04_46__i0646859__gcn0145051__0145051__person_____L2____.png,37,196,6
0925__17_04_51__i0646908__gcn0145051__0145109__person_____L2____.png,51,135,6
0925__17_06_17__i0647764__gcn0145269__0145269__person_____L2____.png,59,153,6
0925__17_06_23__i0647823__gcn0145479__0145483__person___________.png,207,105,0
0925__17_06_24__i0647830__gcn0145509__0145509__person_____L2____.png,182,109,6
0925__17_06_27__i0647862__gcn0145582__0145599__multy_____L1____.png,170,97,0
0925__17_08_21__i0649011__gcn0145750__0145752__person__P1_L2____.png,17,155,3
0925__17_08_25__i0649048__gcn0145750__0146020__person_____L2____.png,202,112,6
0925__17_08_25__i0649048__gcn0145922__0145922__multy_____L2____.png,218,121,6
0925__17_08_27__i0649061__gcn0146052__0146063__person_____L2____.png,160,86,6
0925__17_08_34__i0649135__gcn0146127__0146183__multy_____L2____.png,137,88,3
0925__17_10_54__i0650547__gcn0146299__0146460__person__P2_L1____.png,183,185,6
0925__17_13_42__i0652224__gcn0146669__0146680__person__P2_L2____.png,54,220,3
0925__17_13_54__i0652341__gcn0147000__0147000__multy__P2_L2____.png,194,109,3
0925__17_14_02__i0652420__gcn0147164__0147164__multy_____L2____.png,134,84,6
0925__17_14_02__i0652427__gcn0147167__0147169__person__P2_L2____.png,67,183,0
0925__17_15_32__i0653314__gcn0147614__0147625__person_____L2____.png,183,60,3
0925__17_15_47__i0653430__gcn0147588__0147989__person_____L1____.png,158,95,3
0925__17_16_32__i0653926__gcn0148257__0148257__person__P1_L1____.png,159,44,6
0925__17_16_52__i0654116__gcn0148515__0148515__person___________.png,212,119,3
0925__17_17_15__i0654357__gcn0149020__0149021__person_____L2____.png,15,87,6
0925__17_24_17__i0658571__gcn0151007__0151101__person__P1_L1____.png,92,81,7
0925__17_24_39__i0658784__gcn0151374__0151384__person___________.png,122,173,3
0925__17_25_27__i0659269__gcn0152032__0152368__multy_____L2____.png,152,92,3
0925__17_26_41__i0660008__gcn0153424__0153457__person___________.png,130,216,3
0925__17_29_30__i0661705__gcn0153977__0154087__person_____L2____.png,46,228,4
0925__17_52_47__i0675672__gcn0154938__0154938__person__P1_L2____.png,150,154,2
0925__17_59_09__i0679493__gcn0155642__0155643__person___________.png,176,101,7
0925__18_10_34__i0686343__gcn0155820__0155841__person__P2_______.png,109,148,0
0925__18_10_44__i0686448__gcn0156020__0156020__multy_____L2____.png,142,93,0
0925__18_12_09__i0687290__gcn0156377__0156453__person___________.png,245,123,0
0925__18_15_13__i0689132__gcn0156503__0156505__person__P2_______.png,138,34,3
0925__18_20_25__i0692251__gcn0157112__0157113__person__P2_______.png,67,226,0
0925__18_20_25__i0692251__gcn0157120__0157120__person_____L2____.png,17,206,0
0925__18_20_31__i0692319__gcn0157120__0157123__person__P2_______.png,240,127,3
0925__18_25_13__i0695140__gcn0157377__0157390__person___________.png,238,123,6
0925__18_25_58__i0695584__gcn0157761__0157761__person_____L2____.png,139,240,3
0925__18_26_09__i0695701__gcn0157908__0157941__multy_____L2____.png,163,107,6
0925__18_54_05__i0712455__gcn0158501__0158501__person__P2_______.png,229,119,6
0925__18_59_34__i0715746__gcn0158631__0158783__person_____L2____.png,230,124,6
0925__18_59_40__i0715808__gcn0158841__0158846__person___________.png,166,95,6
0925__18_59_45__i0715858__gcn0158871__0158871__person_____L2____.png,195,112,6
0925__18_59_59__i0715995__gcn0159040__0159040__person_____L2____.png,52,23,6
0925__19_00_00__i0716010__gcn0158956__0159060__person_____L2____.png,158,93,6
0925__19_00_40__i0716414__gcn0159102__0159114__person___________.png,189,103,6
0925__19_13_38__i0724186__gcn0159242__0159296__multy_____L2____.png,220,123,7
0925__19_14_36__i0724771__gcn0159602__0159631__person___________.png,178,93,6
0925__19_14_40__i0724805__gcn0159608__0159815__person___________.png,183,104,6
0925__19_34_39__i0736809__gcn0160316__0160316__person__P2_______.png,209,197,3
0925__19_34_51__i0736927__gcn0160316__0160451__person___________.png,195,115,3
0925__20_22_13__i0765343__gcn0160646__0160646__person_____L2____.png,186,96,6
0925__20_22_14__i0765350__gcn0160663__0160669__person___________.png,190,98,6
0925__20_22_14__i0765358__gcn0160610__0160697__person__P2_L2____.png,231,101,6
0925__20_22_20__i0765413__gcn0160610__0160751__person__P2_L1____.png,57,138,6
0925__21_02_55__i0022086__gcn0002730__0002730__person_____L2____.png,8,132,3
0925__21_02_55__i0022101__gcn0002730__0002730__person___________.png,2,127,6
0925__21_02_55__i0022103__gcn0002730__0002730__person_____L1____.png,253,126,6
0925__21_02_56__i0022109__gcn0002730__0002747__person_____L2____.png,244,130,6
0925__21_02_56__i0022110__gcn0002730__0002748__person___________.png,244,136,6
0925__21_08_51__i0793336__gcn0161545__0161550__person___________.png,175,100,6
0925__21_12_48__i0795700__gcn0161751__0161972__person_____L2____.png,198,103,6
0925__21_12_50__i0795725__gcn0161868__0162038__person_____L2____.png,205,112,6
0925__22_29_40__i0025665__gcn0000315__0000323__person_____L2____.png,174,104,6
0925__22_29_43__i0025695__gcn0000315__0000370__person_____L2____.png,199,104,6
0925__22_29_47__i0025737__gcn0000377__0000419__person_____L1____.png,51,147,6
0925__22_51_32__i0123399__gcn0006952__0006960__person_____L2____.png,216,122,6
0925__22_51_46__i0123599__gcn0006993__0006994__person___________.png,240,129,6
0925__23_07_18__i0139247__gcn0007389__0007407__person__P2_______.png,209,100,3
0926__07_24_32__i0346636__gcn0003689__0003689__person___________.png,172,192,3
0926__07_24_32__i0346640__gcn0003689__0003832__person___________.png,52,201,3
0926__07_24_35__i0346663__gcn0003814__0003838__person___________.png,17,131,6
0926__07_24_41__i0346725__gcn0003814__0003838__person__P2_______.png,55,87,0
0926__07_24_41__i0346728__gcn0003814__0003922__person_____L2____.png,185,78,0
0926__07_24_48__i0346800__gcn0003927__0003927__person_____L2____.png,160,96,6
0926__07_27_39__i0348509__gcn0004433__0004433__person_____L2____.png,143,86,6
0926__07_27_41__i0348526__gcn0004415__0004415__multy_____L2____.png,163,102,6
0926__07_27_42__i0348539__gcn0004415__0004415__multy_____L2____.png,200,104,3
0926__07_27_54__i0348658__gcn0004488__0004841__person___________.png,254,154,6
0926__07_31_41__i0350927__gcn0005196__0005196__person__P1_L2____.png,149,245,6
0926__07_31_41__i0350928__gcn0005264__0005264__person_____L2____.png,89,167,6
0926__07_44_53__i0358848__gcn0006648__0006718__person__P2_______.png,195,104,6
0926__07_51_11__i0362623__gcn0007466__0007466__person_____L2____.png,164,92,6
0926__07_52_04__i0363154__gcn0007604__0007680__person__P1_L1____.png,6,135,3
0926__07_55_44__i0630456__gcn0013583__0013672__person___________.png,246,101,6
0926__07_57_10__i0366215__gcn0008183__0008413__person___________.png,196,112,3
0926__08_03_36__i0370081__gcn0010257__0010258__person___________.png,141,113,3
0926__08_04_24__i0370562__gcn0010894__0010894__multy_____L2____.png,151,90,6
0926__08_18_22__i0378941__gcn0016546__0016546__multy___________.png,143,92,6
0926__08_20_55__i0380475__gcn0016976__0016977__person_____L2____.png,50,105,6
0926__08_21_13__i0380658__gcn0017105__0017105__person__P2_______.png,93,153,7
0926__08_21_36__i0380884__gcn0017664__0017664__person___________.png,184,98,7
0926__08_21_37__i0380890__gcn0017584__0017686__multy_____L2____.png,176,93,6
0926__08_21_41__i0380926__gcn0017753__0017807__multy_____L2____.png,169,95,6
0926__08_22_12__i0381238__gcn0017923__0017923__multy_____L2____.png,188,111,6
0926__08_22_22__i0381337__gcn0018061__0018094__person_____L1____.png,156,87,6
0926__08_22_24__i0381365__gcn0018103__0018103__multy_____L2____.png,155,95,6
0926__08_22_30__i0381422__gcn0018248__0018265__person__P1_L1____.png,223,115,6
0926__08_31_15__i0386675__gcn0020248__0020250__person_____L2____.png,144,92,6
0926__08_33_05__i0663386__gcn0017634__0017635__person___________.png,241,93,6
0926__08_43_35__i0674797__gcn0020414__0020416__person_____L2____.png,133,78,3
0926__08_43_58__i0675165__gcn0020576__0020604__person_____L2____.png,21,107,6
0926__08_44_35__i0394669__gcn0024050__0024050__multy_____L2____.png,134,10,6
0926__08_48_34__i0397066__gcn0026950__0026950__person__P2_______.png,65,241,3
0926__08_49_29__i0679481__gcn0021157__0021165__person___________.png,159,82,6
0926__08_52_38__i0399506__gcn0030542__0030544__person___________.png,190,107,6
0926__08_53_41__i0400137__gcn0031359__0031359__multy_____L2____.png,155,115,6
0926__09_11_50__i0411028__gcn0035738__0035811__multy_____L2____.png,180,113,6
0926__09_25_10__i0419030__gcn0037267__0037301__person__P2_L1____.png,6,118,6
0926__09_29_47__i0421801__gcn0038130__0038149__person__P1_L2____.png,245,126,6
0926__09_31_25__i0718750__gcn0033707__0034476__person_____L2____.png,7,160,6
0926__09_41_43__i0729785__gcn0037828__0037828__person_____L2____.png,142,81,6
0926__10_03_33__i0442057__gcn0041948__0041950__person_____L1____.png,3,121,6
0926__10_05_37__i0443305__gcn0042508__0042529__person___________.png,229,116,6
0926__10_20_16__i0814862__gcn0000279__0000324__person_____L1____.png,2,219,6
0926__10_20_48__i0762466__gcn0059087__0059514__person___________.png,234,88,6
0926__10_37_51__i0776774__gcn0066473__0066496__person___________.png,144,79,6
0926__10_39_44__i0778585__gcn0067641__0067641__person___________.png,254,105,6
0926__10_41_12__i0779891__gcn0068428__0068473__person_____L1____.png,47,124,6
0926__10_41_45__i0780408__gcn0069002__0069002__person__P1_L1____.png,244,129,7
0926__10_45_59__i0783408__gcn0070477__0070590__person___________.png,231,100,6
0926__10_50_44__i0470378__gcn0045376__0045546__person__P1_L2____.png,79,52,6
0926__10_52_06__i0789591__gcn0071356__0071358__person__P1_L1____.png,211,86,6
0926__10_52_11__i0789635__gcn0071356__0071398__person___________.png,236,112,6
0926__10_52_39__i0790086__gcn0071628__0071628__person_____L2____.png,241,91,6
0926__10_52_44__i0790174__gcn0071673__0071673__person_____L2____.png,208,115,3
0926__10_52_50__i0790243__gcn0071673__0071734__person___________.png,0,145,6
0926__10_53_14__i0790572__gcn0071673__0072036__person___________.png,44,196,3
0926__10_53_14__i0790578__gcn0072039__0072039__multy_____L2____.png,246,165,3
0926__10_57_54__i0794032__gcn0072522__0072590__person__P1_L2____.png,200,94,6
0926__10_58_00__i0794085__gcn0072522__0072639__person_____L2____.png,210,79,6
0926__11_08_23__i0803827__gcn0076499__0076511__person_____L2____.png,174,102,6
0926__11_10_52__i0804999__gcn0077084__0077454__person_____L2____.png,219,154,6
0926__11_11_54__i0483075__gcn0045732__0045738__person_____L2____.png,102,147,6
0926__11_15_05__i0809163__gcn0078287__0078287__person_____L2____.png,140,81,6
0926__11_15_42__i0809758__gcn0078368__0078368__person_____L2____.png,144,79,6
0926__11_16_14__i0810193__gcn0078593__0078682__person___________.png,192,89,6
0926__11_16_56__i0810738__gcn0079368__0079373__person_____L2____.png,177,94,6
0926__11_17_53__i0811645__gcn0079658__0079661__person_____L2____.png,239,100,3
0926__11_18_02__i0811763__gcn0079767__0079767__person_____L2____.png,136,88,6
0926__11_18_06__i0811831__gcn0079800__0079817__person___________.png,233,101,6
0926__11_20_34__i0813218__gcn0080611__0080611__person_____L2____.png,213,95,6
0926__11_20_36__i0813255__gcn0080611__0080637__person___________.png,217,120,6
0926__11_21_54__i0814487__gcn0080764__0080772__person_____L2____.png,179,88,6
0926__11_22_11__i0814749__gcn0080875__0080882__person___________.png,202,125,4
0926__11_22_19__i0814862__gcn0080875__0080882__person___________.png,197,110,6
0926__11_23_00__i0815519__gcn0081216__0081216__person_____L2____.png,191,108,6
0926__11_23_01__i0815540__gcn0081229__0081234__person___________.png,173,103,6
0926__11_23_29__i0816032__gcn0081355__0081355__person___________.png,167,89,6
0926__11_23_30__i0816043__gcn0081343__0081370__person___________.png,201,99,6
0926__11_24_02__i0816567__gcn0081540__0081540__person_____L2____.png,207,87,6
0926__11_24_41__i0817216__gcn0081756__0081761__person_____L2____.png,212,92,6
0926__11_25_39__i0818060__gcn0081954__0081954__person_____L1____.png,172,85,4
0926__11_38_57__i0829708__gcn0086596__0086613__person_____L1____.png,7,107,6
0926__11_41_45__i0831231__gcn0086800__0086893__person___________.png,221,89,6
0926__11_41_49__i0831277__gcn0086838__0086912__person_____L2____.png,233,118,6
0926__11_41_50__i0831291__gcn0086838__0086954__person___________.png,252,104,6
0926__11_42_04__i0831513__gcn0087126__0087127__person___________.png,196,84,4
0926__11_44_02__i0502356__gcn0046801__0046813__person___________.png,179,122,6
0926__11_44_49__i0502828__gcn0046915__0047197__person___________.png,37,148,6
0926__11_48_08__i0837471__gcn0087976__0087976__person___________.png,204,100,6
0926__11_48_19__i0837622__gcn0088207__0088207__person___________.png,229,90,6
0926__11_48_30__i0837785__gcn0088207__0088245__person__P1_L2____.png,31,124,6
0926__11_48_43__i0837917__gcn0088657__0088751__person___________.png,203,89,6
0926__11_50_03__i0838855__gcn0090609__0090618__person___________.png,204,102,6
0926__11_50_05__i0838879__gcn0090609__0090848__person___________.png,213,82,6
0926__11_50_31__i0839227__gcn0091369__0091383__person_____L2____.png,208,91,6
0926__11_50_52__i0839481__gcn0091686__0091766__person_____L2____.png,153,78,6
0926__11_56_53__i0845080__gcn0092781__0092785__person___________.png,141,78,6
0926__12_00_23__i0512168__gcn0052477__0052477__person__P2_______.png,61,137,6
0926__12_01_09__i0848739__gcn0094252__0094422__person_____L2____.png,184,90,6
0926__12_01_16__i0848827__gcn0094541__0094541__person_____L2____.png,200,95,6
0926__12_02_17__i0513314__gcn0052674__0052674__person_____L2____.png,100,159,6
0926__12_02_37__i0849249__gcn0094776__0094804__person__P2_______.png,214,128,6
0926__12_02_41__i0849339__gcn0094927__0094935__person___________.png,214,174,6
0926__12_05_24__i0852003__gcn0095378__0095387__person__P2_______.png,209,123,6
0926__12_05_37__i0852152__gcn0095411__0095473__person___________.png,218,163,6
0926__12_05_38__i0852159__gcn0095411__0095483__person__P1_L2____.png,216,99,6
0926__12_12_10__i0859480__gcn0096055__0096055__person___________.png,241,112,6
0926__12_13_36__i0861361__gcn0096687__0096726__person___________.png,209,123,6
0926__12_14_32__i0862132__gcn0097344__0097344__person__P1_L2____.png,172,80,6
0926__12_14_33__i0862147__gcn0097338__0097348__person_____L2____.png,216,117,6
0926__12_14_46__i0862371__gcn0097449__0097454__person___________.png,189,87,6
0926__12_16_10__i0914477__gcn0000437__0000453__person___________.png,183,176,6
0926__12_17_46__i0864843__gcn0099342__0099347__person___________.png,223,97,6
0926__12_29_01__i0876193__gcn0101459__0101460__person___________.png,195,105,6
0926__12_30_03__i0877213__gcn0101549__0101604__person___________.png,188,96,6
0926__12_31_43__i0878672__gcn0102563__0102596__person___________.png,198,102,6
0926__12_32_47__i0531612__gcn0055140__0055256__person_____L2____.png,54,159,7
0926__12_32_52__i0531658__gcn0055384__0055384__multy_____L2____.png,120,169,6
0926__12_37_17__i0883247__gcn0103943__0103992__person___________.png,240,116,6
0926__12_37_22__i0883324__gcn0103943__0104031__person___________.png,227,107,6
0926__12_37_55__i0534689__gcn0055995__0055995__person__P1_L1____.png,175,178,6
0926__12_38_14__i0884080__gcn0104074__0104074__person___________.png,200,105,6
0926__12_38_20__i0884157__gcn0104074__0104074__person_____L2____.png,218,98,6
0926__12_38_36__i0884425__gcn0104609__0104664__person___________.png,132,81,6
0926__12_38_44__i0535185__gcn0056081__0056081__person__P2_______.png,120,147,6
0926__12_40_11__i0886056__gcn0104708__0104708__person_____L2____.png,178,94,6
0926__12_43_31__i0538047__gcn0057218__0057218__person_____L2____.png,155,91,6
0926__12_45_01__i0538955__gcn0057647__0057654__person__P2_L2____.png,63,47,6
0926__12_45_37__i0539313__gcn0057968__0058070__person__P1_L1____.png,218,201,6
0926__12_55_17__i0545115__gcn0060022__0060022__person_____L2____.png,196,105,6
0926__12_55_53__i0545471__gcn0060100__0060100__person__P1_______.png,229,124,6
0926__12_56_17__i0545714__gcn0060423__0060425__person___________.png,33,146,6
0926__12_57_02__i0546161__gcn0060682__0060936__person___________.png,228,121,6
0926__12_59_36__i0547705__gcn0062737__0062737__person_____L2____.png,126,120,7
0926__12_59_41__i0547759__gcn0062804__0062804__person_____L2____.png,155,225,6
0926__12_59_46__i0547805__gcn0062819__0062823__person__P1_L2____.png,252,125,6
0926__13_05_00__i0550941__gcn0063430__0063436__person__P2_______.png,16,128,0
0926__13_05_08__i0551024__gcn0063587__0063617__person___________.png,148,89,0
0926__13_06_34__i0551880__gcn0064053__0064125__multy___________.png,166,107,7
0926__13_06_34__i0551884__gcn0064047__0064047__person_____L2____.png,133,199,6
0926__13_12_53__i0555671__gcn0065027__0065027__person__P1_L2____.png,99,14,0
0926__13_12_56__i0555709__gcn0065027__0065027__person_____L2____.png,73,126,0
0926__13_14_13__i0556474__gcn0065160__0065160__person_____L2____.png,244,119,4
0926__13_14_48__i0556827__gcn0065343__0065345__person_____L2____.png,114,1,6
0926__13_17_29__i0558434__gcn0065756__0065756__person_____L2____.png,11,116,6
0926__13_17_33__i0558474__gcn0065756__0065785__person__P2_______.png,150,170,6
0926__13_20_24__i0560191__gcn0065986__0066052__person__P2_L2____.png,37,133,6
0926__13_31_22__i0566769__gcn0066610__0066627__person_____L2____.png,12,53,7
0926__13_39_44__i0571789__gcn0067125__0067168__person__P1_L1____.png,3,132,0
0926__13_52_39__i0579539__gcn0068479__0068479__person_____L2____.png,80,144,6
0926__13_58_39__i0583136__gcn0069232__0069232__person___________.png,117,164,6
0926__14_01_02__i0584567__gcn0070390__0070390__person_____L2____.png,209,255,6
0926__14_01_48__i0585032__gcn0071031__0071151__person__P1_L2____.png,217,111,6
0926__14_20_04__i0595992__gcn0072755__0072755__person_____L2____.png,172,109,6
0926__14_27_30__i0985147__gcn0118643__0118795__person__P2_______.png,181,208,6
0926__14_28_11__i0600862__gcn0073697__0073697__person_____L2____.png,165,231,6
0926__14_51_11__i1010219__gcn0120456__0120456__person___________.png,196,87,7
0926__14_53_01__i0615768__gcn0075033__0075070__person___________.png,194,106,6
0926__14_56_30__i1013855__gcn0123891__0123891__person_____L2____.png,132,73,6
0926__15_04_30__i1020248__gcn0125513__0125513__person__P2_L2____.png,2,134,0
0926__15_04_53__i1020579__gcn0125597__0125597__person_____L2____.png,202,94,0
0926__15_05_12__i1020866__gcn0125629__0125629__person___________.png,215,150,0
0926__15_06_32__i1021974__gcn0126203__0126203__person__P1_L2____.png,240,160,6
0926__15_06_34__i1021997__gcn0126203__0126425__person_____L1____.png,230,106,6
0926__15_16_12__i1030637__gcn0126442__0126442__person_____L2____.png,234,113,0
0926__15_16_19__i1030758__gcn0126518__0126518__person_____L1____.png,249,107,6
0926__15_16_21__i1030795__gcn0000001__0000001__wrong_____L2____.png,36,125,0
0926__15_16_22__i1030806__gcn0126442__0126508__person__P1_L1____.png,38,104,0
0926__15_16_36__i1031007__gcn0126442__0126966__person__P2_L1____.png,163,85,0
0926__15_18_30__i0631052__gcn0078424__0078424__person___________.png,148,90,6
0926__15_23_19__i1037539__gcn0127313__0127313__person_____L2____.png,152,77,6
0926__15_23_55__i1038054__gcn0127409__0127409__person__P2_L1____.png,230,114,6
0926__15_24_02__i1038165__gcn0127446__0127447__person___________.png,232,114,6
0926__15_24_31__i0634668__gcn0078678__0078678__person_____L2____.png,198,209,3
0926__15_24_46__i0634812__gcn0078966__0078966__multy_____L2____.png,230,129,6
0926__15_24_47__i0634824__gcn0078700__0078987__person___________.png,187,101,3
0926__15_24_47__i0634829__gcn0079009__0079009__multy_____L2____.png,190,105,3
0926__15_24_47__i1038818__gcn0127639__0127670__person___________.png,248,87,6
0926__15_26_56__i1039893__gcn0128274__0128275__person___________.png,200,90,6
0926__15_50_02__i1061577__gcn0132086__0132086__person___________.png,199,95,6
0926__15_59_07__i1069646__gcn0133725__0133800__person___________.png,139,79,6
0926__15_59_22__i1069873__gcn0133914__0133916__person_____L2____.png,115,70,6
0926__16_01_49__i0657049__gcn0080892__0080912__person_____L2____.png,171,156,6
0926__16_01_51__i0657069__gcn0080959__0080968__person__P2_L2____.png,7,163,6
0926__16_05_15__i1074665__gcn0134158__0134206__person___________.png,135,73,6
0926__16_05_39__i1075042__gcn0134309__0134318__person___________.png,254,162,6
0926__16_05_51__i1075206__gcn0134309__0134318__person__P1_L1____.png,240,100,6
0926__16_06_10__i1075476__gcn0134309__0134318__person_____L1____.png,243,106,6
0926__16_32_37__i1099110__gcn0140001__0140064__person___________.png,60,94,6
0926__16_37_36__i0678524__gcn0081551__0081636__person_____L1____.png,177,97,6
0926__16_47_04__i0684204__gcn0082164__0082269__person_____L2____.png,202,126,6
0926__16_47_33__i1112670__gcn0140066__0140163__person___________.png,217,89,6
0926__16_51_10__i0686661__gcn0082790__0082810__person_____L2____.png,94,107,6
0926__16_51_23__i0686790__gcn0082971__0082973__person___________.png,182,109,6
0926__16_52_26__i0687422__gcn0083026__0083120__person_____L2____.png,175,189,6
0926__16_54_21__i0688578__gcn0083391__0083391__person_____L2____.png,242,234,6
0926__16_54_23__i0688591__gcn0083391__0083401__person_____L2____.png,40,246,7
0926__16_54_24__i0688607__gcn0083391__0083417__person_____L1____.png,84,101,6
0926__16_57_00__i0690159__gcn0083489__0083544__person_____L2____.png,203,104,6
0926__16_57_06__i0690225__gcn0083531__0083682__person_____L2____.png,97,152,6
0926__16_59_23__i1123665__gcn0140950__0140950__person_____L2____.png,27,103,6
0926__17_02_33__i0693498__gcn0083908__0083910__person__P2_______.png,153,26,0
0926__17_05_06__i0695028__gcn0084223__0084225__person__P2_______.png,138,161,0
0926__17_05_12__i0695087__gcn0084346__0084381__person_____L2____.png,148,165,6
0926__17_05_16__i0695124__gcn0084332__0084617__person_____L2____.png,196,97,3
0926__17_05_17__i0695133__gcn0084332__0084619__person_____L2____.png,152,95,3
0926__17_05_58__i0695550__gcn0084781__0084873__person_____L2____.png,194,106,6
0926__17_06_16__i0695724__gcn0084895__0084895__person__P2_______.png,106,147,0
0926__17_08_08__i0696843__gcn0085259__0085343__person_____L2____.png,205,115,6
0926__17_09_19__i0697555__gcn0085611__0085611__person__P2_L1____.png,215,206,3
0926__17_10_41__i1133543__gcn0142368__0142388__person__P1_L1____.png,226,129,3
0926__17_10_45__i1133583__gcn0142277__0142499__person_____L1____.png,74,115,6
0926__17_10_55__i1133710__gcn0142368__0142665__person_____L2____.png,6,142,3
0926__17_10_57__i1133734__gcn0142368__0142702__person_____L1____.png,248,163,3
0926__17_11_41__i1134387__gcn0143037__0143055__person___________.png,170,80,6
0926__17_11_57__i0699134__gcn0086323__0086326__person_____L2____.png,167,96,3
0926__17_13_43__i0700191__gcn0087052__0087161__person___________.png,188,100,3
0926__17_13_52__i0700286__gcn0087162__0087164__person_____L2____.png,126,19,6
0926__17_14_48__i0700840__gcn0087469__0087469__person___________.png,66,149,3
0926__17_14_57__i0700926__gcn0087518__0087530__person_____L2____.png,16,156,3
0926__17_14_58__i0700944__gcn0087526__0087526__person_____L2____.png,40,253,0
0926__17_15_04__i0701006__gcn0087580__0087739__person_____L1____.png,241,115,3
0926__17_15_09__i0701054__gcn0087741__0087754__person__P1_L2____.png,123,149,3
0926__17_15_11__i0701067__gcn0087939__0087951__person_____L1____.png,196,99,3
0926__17_18_39__i1138905__gcn0143649__0143653__person_____L1____.png,164,99,6
0926__17_18_58__i0703348__gcn0088646__0088646__multy_____L2____.png,205,176,3
0926__17_19_05__i0703413__gcn0088577__0088591__person__P1_L1____.png,222,117,3
0926__17_19_23__i1139399__gcn0143633__0143726__person___________.png,239,137,6
0926__17_22_53__i1141938__gcn0149787__0149787__person__P1_L1____.png,189,93,6
0926__17_25_19__i0707151__gcn0089005__0089006__person___________.png,159,88,6
0926__17_26_32__i0707880__gcn0089232__0089232__person_____L2____.png,47,226,7
0926__17_28_26__i1146115__gcn0154739__0154746__person_____L1____.png,196,90,6
0926__17_28_29__i1146161__gcn0154739__0154747__person___________.png,212,131,6
0926__17_29_16__i1147001__gcn0154791__0154791__person__P2_______.png,225,104,3
0926__17_29_59__i1147740__gcn0154888__0154967__person___________.png,160,127,6
0926__17_31_18__i1149115__gcn0155218__0155221__person_____L2____.png,243,110,6
0926__17_31_53__i1150108__gcn0155504__0155507__person___________.png,193,98,6
0926__17_31_54__i1150132__gcn0155504__0155513__person_____L2____.png,202,102,6
0926__17_31_58__i1150256__gcn0155528__0155538__person_____L2____.png,192,87,6
0926__17_32_20__i1190599__gcn0002312__0002315__person__P2_L2____.png,133,80,6
0926__17_32_43__i1151278__gcn0155706__0155706__person_____L2____.png,217,111,6
0926__17_33_00__i1151573__gcn0155743__0155758__person___________.png,197,87,6
0926__17_33_05__i1151637__gcn0155771__0155771__person___________.png,155,82,6
0926__17_33_07__i1151655__gcn0155793__0155802__person___________.png,207,115,6
0926__17_33_40__i1152085__gcn0156129__0156129__person___________.png,34,106,6
0926__17_35_49__i1153748__gcn0158184__0158191__person___________.png,133,79,6
0926__17_37_55__i1195524__gcn0002363__0002374__person___________.png,195,129,6
0926__17_40_37__i1196599__gcn0002726__0002726__person_____L2____.png,48,181,6
0926__17_41_32__i1197554__gcn0003042__0003074__person___________.png,10,107,6
0926__17_41_37__i1197654__gcn0003075__0003091__person___________.png,186,164,6
0926__17_50_33__i1166249__gcn0161834__0161899__person___________.png,22,99,6
0926__17_52_58__i0723739__gcn0091103__0091105__person__P2_______.png,190,7,6
0926__17_57_00__i1173045__gcn0162098__0162153__person_____L2____.png,31,178,3
0926__17_57_29__i0726453__gcn0092006__0092006__multy___________.png,249,109,0
0926__17_57_30__i0726461__gcn0092006__0092077__multy_____L2____.png,206,98,6
0926__17_57_33__i0726495__gcn0091887__0092062__person___________.png,190,101,0
0926__17_57_39__i0726542__gcn0091948__0092424__person___________.png,81,220,7
0926__17_58_22__i0726989__gcn0092658__0092660__person__P2_______.png,8,197,0
0926__17_58_23__i0726998__gcn0092649__0092649__person__P2_______.png,229,205,3
0926__17_58_36__i0727128__gcn0092863__0092864__person__P2_______.png,240,187,0
0926__17_59_04__i1175822__gcn0162584__0162588__person_____L1____.png,168,98,3
0926__18_13_59__i0736353__gcn0093712__0093712__person_____L2____.png,127,247,6
0926__18_14_00__i0736363__gcn0093754__0093754__person_____L2____.png,125,226,6
0926__18_14_03__i0736394__gcn0093783__0093785__person__P2_______.png,3,215,3
0926__18_14_09__i0736452__gcn0093744__0094049__person_____L2____.png,228,124,3
0926__18_14_58__i0736942__gcn0094159__0094159__person__P2_______.png,94,136,6
0926__18_24_06__i1199656__gcn0164537__0164562__person_____L2____.png,204,123,6
0926__18_28_05__i0744821__gcn0095750__0095750__person__P2_______.png,165,178,0
0926__18_32_23__i0747398__gcn0096168__0096168__person_____L2____.png,81,83,6
0926__19_17_41__i1248193__gcn0170337__0170339__person_____L2____.png,2,114,6
0926__19_17_43__i1248221__gcn0170337__0170340__person_____L1____.png,225,107,6
0926__19_18_05__i1248556__gcn0170418__0170431__person__P1_L1____.png,203,95,6
0926__19_19_40__i1250210__gcn0170944__0170944__person_____L2____.png,212,90,6
0926__19_19_58__i1250752__gcn0171011__0171011__person_____L2____.png,204,96,6
0926__19_19_59__i1250802__gcn0171013__0171013__person_____L2____.png,179,81,6
0926__19_22_26__i1253819__gcn0171047__0171047__person_____L2____.png,247,98,6
0926__19_22_32__i1253893__gcn0171028__0171029__person___________.png,3,105,6
0926__19_22_34__i1253915__gcn0171162__0171162__person_____L1____.png,2,107,6
0926__19_37_29__i1267625__gcn0172195__0172203__person_____L2____.png,245,126,6
0926__19_38_07__i1268158__gcn0172265__0172404__person___________.png,225,105,6
0926__19_38_22__i1268372__gcn0172424__0172433__person_____L2____.png,209,97,6
0926__19_54_11__i1281423__gcn0172750__0172755__person___________.png,209,93,6
0926__20_05_25__i0020925__gcn0001311__0001311__person_____L2____.png,225,114,6
0926__20_08_40__i0022867__gcn0001330__0001330__person__P1_L1____.png,235,217,3
0926__20_11_19__i1295710__gcn0174469__0174472__person_____L2____.png,184,95,6
0926__20_11_26__i1295854__gcn0174493__0174497__person_____L2____.png,217,106,6
0926__20_19_33__i1303882__gcn0174737__0174807__person_____L2____.png,237,106,6
0926__20_24_13__i1307573__gcn0174812__0174816__person___________.png,243,106,6
0926__20_30_32__i1313684__gcn0175119__0175125__person___________.png,247,102,6
0926__20_33_28__i1316576__gcn0175265__0175265__person_____L2____.png,212,93,6
0926__20_35_16__i1317227__gcn0175278__0175278__person_____L2____.png,198,98,6
0926__20_35_56__i1318014__gcn0175286__0175287__person___________.png,150,84,6
0926__20_36_00__i1318093__gcn0175288__0175292__person___________.png,202,92,6
0926__20_36_11__i1318318__gcn0175309__0175309__person_____L1____.png,242,120,6
0926__20_36_37__i1318753__gcn0175520__0175577__person_____L2____.png,193,97,6
0926__20_36_49__i1318963__gcn0175647__0175657__person_____L2____.png,68,149,6
0926__20_39_45__i1321509__gcn0176516__0176518__person___________.png,226,116,6
0926__20_40_01__i1321767__gcn0176531__0176537__person_____L2____.png,179,86,6
0926__20_40_06__i1321858__gcn0176539__0176539__person_____L2____.png,195,104,6
0926__20_41_24__i1322962__gcn0176848__0176872__person_____L2____.png,15,115,6
0926__20_42_27__i0043142__gcn0002281__0002281__person_____L2____.png,171,172,6
0926__20_42_41__i1324039__gcn0177107__0177120__person___________.png,214,105,6
0926__20_46_35__i1326764__gcn0177416__0177421__person___________.png,243,115,6
0926__20_46_48__i1326920__gcn0177524__0177524__person___________.png,209,100,6
0926__20_46_50__i1326951__gcn0177416__0177489__person___________.png,81,124,6
0926__20_47_58__i1327706__gcn0178676__0178676__person_____L2____.png,227,99,6
0926__20_48_19__i1327943__gcn0178928__0178928__person_____L2____.png,228,104,6
0926__20_48_40__i1328264__gcn0179008__0179008__person_____L1____.png,222,101,6
0926__20_49_51__i1329242__gcn0179404__0179411__person_____L2____.png,219,110,6
0926__20_50_26__i1329773__gcn0179497__0179497__person_____L2____.png,205,105,6
0926__20_51_36__i1330751__gcn0179793__0179795__person___________.png,223,114,6
0926__20_51_37__i1330760__gcn0179787__0179800__person_____L2____.png,230,109,6
0926__20_55_19__i1333694__gcn0180061__0180061__person_____L2____.png,164,91,6
0926__20_57_07__i1335407__gcn0180159__0180159__person_____L2____.png,215,122,6
0926__20_57_12__i1335473__gcn0180087__0180181__person_____L2____.png,225,108,6
0926__21_22_10__i0066974__gcn0003029__0003029__person_____L1____.png,163,101,6
0926__21_48_30__i0082781__gcn0003629__0003629__person_____L1____.png,157,101,6
0926__22_20_38__i0102066__gcn0004417__0004417__person__P1_L1____.png,206,108,6
0926__22_42_05__i1430652__gcn0181368__0181393__person___________.png,201,95,6
0926__23_42_01__i1486417__gcn0181989__0181993__person_____L2____.png,218,88,6
0926__23_42_16__i1486631__gcn0182023__0182026__person_____L2____.png,212,105,6
0926__23_42_27__i1486792__gcn0182037__0182041__person___________.png,213,94,6
0926__23_42_28__i1486813__gcn0182037__0182042__person___________.png,244,98,6
0926__23_42_32__i1486865__gcn0182037__0182063__person_____L2____.png,231,105,6
0927__02_28_05__i0250557__gcn0004660__0004660__person_____L2____.png,199,102,6
0927__07_31_55__i1913369__gcn0203745__0203745__person___________.png,217,106,6
0927__07_36_46__i1916344__gcn0207497__0208293__person_____L1____.png,221,108,6
0927__07_38_49__i1917634__gcn0209599__0209739__person___________.png,223,112,6
0927__08_28_34__i0466864__gcn0005820__0005820__person_____L2____.png,247,73,0
0927__08_28_34__i0466870__gcn0005831__0005831__person_____L2____.png,165,4,0
0927__08_28_40__i0466927__gcn0005820__0005820__person__P2_______.png,61,143,0
0927__08_28_52__i0467045__gcn0006339__0006339__person_____L2____.png,155,89,0
0927__08_28_53__i0467055__gcn0006364__0006364__multy_____L1____.png,163,98,6
0927__08_33_49__i1956953__gcn0244329__0244385__person___________.png,215,116,6
0927__08_34_03__i1957190__gcn0244600__0244600__person_____L2____.png,147,80,6
0927__08_35_12__i0470846__gcn0006605__0006605__person__P2_______.png,96,146,6
0927__08_39_05__i0473177__gcn0006748__0006748__person_____L2____.png,200,111,6
0927__09_30_37__i2010941__gcn0274914__0274948__person_____L1____.png,127,76,6
0927__10_44_08__i2069354__gcn0320009__0320108__person__P1_L2____.png,8,151,6
0927__10_44_10__i2069381__gcn0320009__0320172__person_____L2____.png,2,119,6
0927__10_44_20__i2069491__gcn0320009__0320265__person___________.png,216,154,6
0927__10_44_55__i2069901__gcn0320886__0320990__person___________.png,124,73,6
0927__10_55_01__i2076633__gcn0327934__0328045__person_____L1____.png,200,99,6
0927__11_05_45__i2084163__gcn0337027__0337073__person___________.png,183,89,6
0927__11_05_53__i2084266__gcn0337209__0337209__person_____L2____.png,213,151,6
0927__11_05_54__i2084273__gcn0337218__0337218__person_____L2____.png,194,96,6
0927__11_05_58__i2084318__gcn0337234__0337283__person___________.png,191,92,6
0927__11_06_09__i2084457__gcn0337419__0337419__person___________.png,201,89,6
0927__11_06_18__i2084553__gcn0337615__0337615__person_____L2____.png,218,106,6
0927__11_07_09__i2084880__gcn0338056__0338056__person_____L2____.png,236,95,6
0927__11_17_05__i2091931__gcn0345021__0345034__person__P1_L2____.png,228,102,6
0927__11_18_10__i2092654__gcn0345969__0346066__person___________.png,218,121,3
0927__11_18_21__i2092777__gcn0345969__0346392__person___________.png,216,161,5
0927__11_19_28__i2093641__gcn0347372__0347372__person_____L2____.png,241,155,3
0927__11_20_21__i2094237__gcn0348175__0348179__person___________.png,126,79,6
0927__11_20_27__i2094316__gcn0348267__0348267__person_____L2____.png,118,70,6
0927__11_36_13__i2104720__gcn0358541__0359569__person_____L2____.png,195,97,6
0927__11_38_10__i0580641__gcn0008237__0008237__person_____L2____.png,180,239,6
0927__12_24_33__i2141222__gcn0391497__0391520__person___________.png,217,88,6
0927__12_24_39__i2141325__gcn0391554__0391554__person___________.png,225,94,6
0927__12_25_10__i2142299__gcn0391617__0391620__person_____L1____.png,222,91,6
0927__12_25_33__i2142866__gcn0391696__0391696__person_____L2____.png,206,112,6
0927__12_25_39__i2142961__gcn0391699__0391717__person_____L2____.png,197,97,6
0927__12_26_05__i2143490__gcn0391772__0391772__person_____L2____.png,189,93,6
0927__12_26_08__i2143568__gcn0391801__0391802__person___________.png,187,93,6
0927__12_26_26__i2143917__gcn0391834__0391835__person___________.png,172,96,6
0927__12_26_56__i2144375__gcn0392094__0392094__person_____L2____.png,163,93,6
0927__12_26_58__i2144442__gcn0392109__0392109__person_____L2____.png,164,81,6
0927__12_27_04__i2144623__gcn0392115__0392115__person_____L2____.png,186,98,6
0927__12_42_02__i0618963__gcn0009208__0009208__person__P2_______.png,37,133,3
0927__12_42_03__i0618975__gcn0009227__0009227__person__P2_L1____.png,89,148,6
0927__12_53_44__i0625990__gcn0009759__0009759__person__P1_L1____.png,103,156,6
0927__13_17_30__i2204240__gcn0404739__0404814__person___________.png,148,83,6
0927__13_19_21__i2205888__gcn0405731__0406049__person_____L2____.png,46,140,6
0927__13_19_27__i2205935__gcn0405731__0406049__person___________.png,9,119,6
0927__13_20_36__i2206654__gcn0407319__0407416__person_____L2____.png,211,114,6
0927__13_20_54__i2206880__gcn0407616__0407616__person_____L2____.png,233,97,6
0927__13_23_55__i2208944__gcn0408845__0408845__person_____L2____.png,198,97,6
0927__13_25_02__i0644773__gcn0011820__0011820__person__P2_______.png,85,159,6
0927__13_38_50__i0653048__gcn0012861__0012861__person__P2_______.png,197,183,3
0927__13_43_31__i2232786__gcn0411323__0411323__person_____L2____.png,171,92,6
0927__13_43_38__i2232885__gcn0411401__0411401__person_____L2____.png,242,93,6
0927__13_54_05__i0662208__gcn0013125__0013125__person__P2_______.png,127,176,3
0927__13_54_52__i2246366__gcn0413579__0413580__person___________.png,214,90,6
0927__14_03_28__i0667830__gcn0013867__0013867__multy_____L2____.png,48,126,0
0927__14_03_33__i0667886__gcn0013959__0013959__person___________.png,221,107,0
0927__14_07_26__i0670220__gcn0014503__0014503__person_____L2____.png,219,113,6
0927__14_11_13__i2265647__gcn0415108__0415108__person___________.png,220,104,6
0927__14_12_17__i2267109__gcn0415565__0415565__person_____L2____.png,216,95,6
0927__14_12_17__i2267117__gcn0415549__0415577__person___________.png,212,92,6
0927__14_13_28__i2268038__gcn0416337__0416469__person_____L1____.png,210,92,6
0927__14_16_44__i0675795__gcn0015393__0015393__person__P2_______.png,248,64,3
0927__14_16_49__i0675848__gcn0015539__0015539__person__P2_______.png,82,210,6
0927__14_18_54__i0677095__gcn0015912__0015912__person_____L2____.png,7,139,3
0927__14_19_07__i0677226__gcn0016123__0016123__person_____L2____.png,164,104,3
0927__14_25_05__i2282578__gcn0418859__0418859__person_____L2____.png,172,110,1
0927__14_25_50__i2283036__gcn0419146__0419519__person_____L2____.png,211,101,6
0927__14_25_57__i2283130__gcn0419542__0419542__person___________.png,232,96,6
0927__14_26_26__i2283445__gcn0419946__0419957__person_____L2____.png,29,109,4
0927__14_27_26__i2284254__gcn0420545__0420550__person___________.png,226,94,6
0927__14_27_59__i2284697__gcn0420875__0420875__person__P1_L2____.png,236,105,6
0927__14_28_08__i2284890__gcn0420941__0420941__person_____L2____.png,171,124,4
0927__14_29_48__i2286117__gcn0422053__0422053__person_____L1____.png,233,97,6
0927__14_30_35__i2286621__gcn0422832__0422838__person___________.png,133,81,6
0927__14_39_35__i2296441__gcn0422979__0422979__person_____L2____.png,139,71,6
0927__14_40_14__i2296964__gcn0423058__0423339__person___________.png,5,101,6
0927__15_07_05__i2329325__gcn0425202__0425252__person__P2_L1____.png,3,145,6
0927__15_27_18__i0718138__gcn0017446__0017446__person__P2_L1____.png,64,227,0
0927__15_36_30__i0723660__gcn0018368__0018368__person__P2_______.png,61,245,6
0927__15_37_18__i2365393__gcn0427482__0427482__person___________.png,204,103,6
0927__16_04_20__i2390813__gcn0433123__0433123__person_____L2____.png,150,73,6
0927__16_04_30__i2390936__gcn0433123__0433211__person__P2_L1____.png,132,80,6
0927__16_25_26__i2414727__gcn0435459__0435565__person__P2_______.png,6,120,0
0927__16_27_15__i2416105__gcn0435976__0435976__person___________.png,223,113,6
0927__16_30_14__i2417998__gcn0440393__0440395__person___________.png,238,115,6
0927__16_37_22__i2422849__gcn0444943__0444943__person_____L2____.png,16,95,6
0927__16_37_23__i2422857__gcn0444943__0444943__person__P1_L1____.png,222,106,6
0927__16_37_44__i2423094__gcn0445308__0445311__person___________.png,61,156,3
0927__16_46_13__i2428665__gcn0450749__0450754__person___________.png,137,74,3
0927__17_35_58__i0795356__gcn0020661__0020661__multy_____L2____.png,136,89,6
0927__17_36_35__i0795719__gcn0021090__0021090__person___________.png,148,93,6
0927__17_40_39__i0798161__gcn0021168__0021168__person_____L2____.png,15,191,0
0927__17_41_39__i0798763__gcn0021341__0021341__person__P2_______.png,167,187,3
0927__17_44_28__i2496278__gcn0455653__0455653__person___________.png,237,96,6
0927__17_49_48__i0803656__gcn0021959__0021959__multy_____L2____.png,11,212,6
0927__17_50_08__i2503043__gcn0456698__0456698__person___________.png,6,122,6
0927__17_50_21__i2503186__gcn0456698__0456745__person___________.png,217,91,0
0927__17_50_21__i2503188__gcn0456698__0456881__person_____L2____.png,38,112,0
0927__17_50_52__i0804287__gcn0022293__0022293__person_____L2____.png,179,254,6
0927__17_52_33__i2505762__gcn0457426__0457429__person___________.png,149,80,3
0927__18_00_32__i2513567__gcn0460144__0460214__person___________.png,214,92,6
0927__18_03_19__i2515287__gcn0460407__0460408__person_____L2____.png,157,79,6
0927__18_03_20__i2515302__gcn0460407__0460408__person_____L1____.png,150,85,6
0927__18_03_47__i2515580__gcn0460640__0460662__person___________.png,153,78,6
0927__18_41_44__i2545485__gcn0478693__0479181__person_____L2____.png,216,87,6
0927__18_42_00__i2545833__gcn0479267__0479268__person___________.png,14,97,6
0927__18_43_35__i2546838__gcn0479267__0480344__person___________.png,208,97,6
0927__18_45_25__i2548196__gcn0481118__0481348__person___________.png,188,85,6
0927__18_45_45__i2548452__gcn0481379__0481585__person___________.png,204,86,6
0927__18_55_18__i0842957__gcn0022833__0022877__multy_____L2____.png,167,100,6
0927__19_01_09__i2565475__gcn0482799__0482810__person___________.png,179,100,6
0927__19_02_47__i2567361__gcn0483055__0483403__person___________.png,202,98,6
0927__19_25_08__i2594556__gcn0483697__0483703__person_____L2____.png,239,117,6
0927__19_26_03__i2595250__gcn0484178__0484181__person___________.png,207,96,6
0927__19_26_54__i2596012__gcn0484559__0484563__person___________.png,198,106,6
0927__19_27_39__i2596630__gcn0484872__0484872__person_____L2____.png,199,107,6
0927__19_28_09__i2596983__gcn0485015__0485094__person_____L2____.png,203,93,6
0927__20_03_31__i0883895__gcn0024172__0024172__person___________.png,197,108,6
0927__20_23_30__i2663684__gcn0486270__0486389__person_____L2____.png,195,90,6
0927__20_24_30__i2664819__gcn0486516__0486516__person_____L2____.png,181,97,6
0927__20_54_21__i0914394__gcn0025788__0025788__person_____L2____.png,217,105,6
0927__21_20_26__i0930048__gcn0026429__0026429__person___________.png,164,102,6
0927__21_35_18__i0938971__gcn0026592__0026592__person_____L2____.png,198,106,6
0927__22_04_51__i0956708__gcn0027078__0027078__person_____L2____.png,194,253,6
0927__22_05_31__i0957107__gcn0027337__0027337__person_____L2____.png,32,124,6
0928__07_30_37__i3464780__gcn0490523__0490523__person_____L2____.png,144,82,3
0928__07_35_12__i1298964__gcn0030816__0030816__person_____L2____.png,211,115,6
0928__07_35_13__i1298979__gcn0030680__0030680__person__P2_______.png,142,26,0
0928__07_39_24__i1301483__gcn0031374__0031374__person__P2_______.png,69,157,0
0928__07_42_55__i1303598__gcn0031981__0031981__person__P2_______.png,81,252,3
0928__07_45_22__i1305062__gcn0032399__0032399__person_____L2____.png,154,88,6
0928__07_45_26__i1305103__gcn0032291__0032291__person__P2_______.png,218,30,6
0928__07_59_59__i3496065__gcn0496222__0496297__person___________.png,247,123,3
0928__08_03_55__i3499932__gcn0498008__0498008__person__P2_______.png,179,86,6
0928__08_05_19__i1317040__gcn0035478__0035478__person___________.png,172,99,6
0928__08_09_36__i1319604__gcn0035959__0035959__multy_____L2____.png,168,100,7
0928__08_11_02__i1320466__gcn0036821__0036821__multy_____L2____.png,174,104,6
0928__08_12_15__i1321195__gcn0037051__0037051__person__P2_______.png,213,164,6
0928__08_25_29__i3527148__gcn0502409__0502440__person___________.png,133,74,6
0928__08_25_37__i3527272__gcn0502451__0502505__person___________.png,140,78,6
0928__08_29_33__i3532018__gcn0503490__0503523__person__P2_L1____.png,140,80,6
0928__08_32_25__i1333301__gcn0040970__0040970__person__P2_______.png,137,183,3
0928__08_34_34__i3537797__gcn0503676__0503783__person___________.png,199,104,0
0928__08_38_10__i1336751__gcn0041911__0041911__person_____L1____.png,57,148,6
0928__08_39_31__i1337563__gcn0042726__0042726__person___________.png,172,24,6
0928__08_40_33__i1338184__gcn0043732__0043732__person_____L2____.png,95,149,6
0928__08_42_19__i1339238__gcn0044267__0044267__person_____L2____.png,17,128,6
0928__08_44_03__i1340282__gcn0044863__0044863__person_____L2____.png,163,94,6
0928__08_46_34__i3548793__gcn0507269__0507269__person_____L2____.png,74,217,6
0928__08_47_00__i3549097__gcn0507510__0507510__person_____L2____.png,137,79,6
0928__08_47_07__i3549195__gcn0507518__0507568__person_____L2____.png,138,78,6
0928__08_48_30__i1342955__gcn0045543__0045543__person_____L2____.png,174,108,6
0928__08_50_49__i1344336__gcn0045683__0045683__person__P2_______.png,232,124,3
0928__08_57_00__i3558470__gcn0510446__0510447__person___________.png,138,75,6
0928__08_57_05__i3558540__gcn0510484__0510484__person_____L2____.png,137,72,6
0928__08_57_07__i3558557__gcn0510504__0510504__person_____L2____.png,148,81,6
0928__08_57_08__i3558577__gcn0510511__0510511__person_____L2____.png,151,79,6
0928__08_57_32__i1348371__gcn0046888__0046888__person_____L2____.png,176,25,6
0928__09_00_52__i1350370__gcn0047070__0047070__person_____L2____.png,194,111,3
0928__09_04_58__i1352828__gcn0047348__0047348__person__P2_______.png,96,144,6
0928__09_06_09__i1353539__gcn0047446__0047446__person__P2_______.png,43,137,0
0928__09_06_57__i3568443__gcn0513832__0513847__person__P2_L1____.png,0,137,6
0928__09_07_06__i3568537__gcn0513832__0514048__person_____L2____.png,255,106,6
0928__09_14_06__i1358311__gcn0048267__0048267__person__P2_______.png,89,152,3
0928__09_15_57__i1359423__gcn0048825__0048825__person___________.png,179,105,7
0928__09_19_09__i1361345__gcn0049122__0049122__person__P2_L1____.png,51,244,6
0928__09_23_36__i1364009__gcn0050458__0050458__person__P1_L1____.png,229,117,6
0928__09_25_53__i1365383__gcn0050855__0050855__person__P1_L1____.png,133,203,6
0928__09_42_25__i1375308__gcn0052322__0052322__person___________.png,211,116,6
0928__09_45_01__i1376860__gcn0053167__0053167__person_____L2____.png,27,133,6
0928__09_55_25__i1383107__gcn0056457__0056457__person__P2_______.png,162,175,3
0928__09_56_52__i1383976__gcn0056710__0056710__person__P2_______.png,92,33,6
0928__09_58_47__i1385124__gcn0057229__0057229__person_____L2____.png,212,111,6
0928__10_00_04__i1385898__gcn0057979__0057979__person__P1_L1____.png,4,121,6
0928__10_08_30__i1390955__gcn0060193__0060193__person_____L2____.png,68,133,6
0928__10_40_31__i1410170__gcn0063273__0063273__person__P2_L1____.png,17,48,3
0928__11_40_36__i1446220__gcn0076420__0076420__multy___________.png,29,213,6
0928__11_43_27__i1447934__gcn0079575__0079575__person___________.png,74,129,6
0928__11_43_40__i1448060__gcn0080151__0080151__multy_____L2____.png,114,154,6
0928__12_09_32__i1463579__gcn0104177__0104177__person__P2_______.png,244,119,4
0928__12_19_14__i1469407__gcn0108435__0108435__person_____L2____.png,82,138,6
0928__12_28_04__i1474699__gcn0114321__0114321__person_____L2____.png,253,225,6
0928__12_32_29__i1477359__gcn0114942__0114942__person_____L2____.png,160,94,6
0928__12_52_55__i1489615__gcn0119543__0119543__person_____L2____.png,240,118,7
0928__12_53_52__i1490192__gcn0120896__0120896__person_____L2____.png,61,46,0
0928__12_58_35__i1493022__gcn0122044__0122044__person_____L2____.png,173,98,6
0928__13_00_47__i1494342__gcn0123215__0123215__person__P2_______.png,244,116,6
0928__13_04_13__i1496400__gcn0124962__0124962__person___________.png,33,130,6
0928__13_04_25__i1496522__gcn0125163__0125163__person___________.png,183,103,6
0928__13_32_01__i1513077__gcn0128585__0128585__person__P2_______.png,25,64,7
0928__13_36_35__i1515819__gcn0128943__0128943__person__P2_______.png,96,13,3
0928__13_48_46__i1523138__gcn0130001__0130001__person__P2_L1____.png,26,242,6
0928__13_51_47__i1524919__gcn0130410__0130410__person__P2_L2____.png,58,139,6
0928__14_13_51__i1538186__gcn0135101__0135101__person_____L2____.png,136,145,6
0928__14_20_28__i1542151__gcn0135853__0135853__person_____L2____.png,154,90,6
0928__14_34_02__i1550300__gcn0137318__0137318__person__P2_______.png,230,24,3
0928__14_45_22__i1557099__gcn0139359__0139359__person__P2_______.png,213,170,3
0928__14_54_48__i1562758__gcn0141834__0141834__person__P2_______.png,180,164,3
0928__15_15_41__i1575293__gcn0143335__0143335__multy_____L2____.png,194,107,7
0928__15_25_13__i1581008__gcn0144126__0144126__person__P2_______.png,38,139,4
0928__15_39_33__i1589612__gcn0145378__0145378__person_____L2____.png,161,99,3
0928__15_57_31__i1600388__gcn0148118__0148118__person__P2_L1____.png,250,196,6
0928__16_01_55__i1603033__gcn0148527__0148527__person_____L2____.png,158,92,6
0928__16_06_27__i1605750__gcn0148970__0148970__person__P2_______.png,152,150,6
0928__16_09_41__i1607696__gcn0149405__0149405__person__P2_L2____.png,249,168,6
0928__16_21_33__i1614819__gcn0152696__0152696__person_____L2____.png,123,217,6
0928__16_52_19__i0000072__gcn0000125__0000125__person_____L2____.png,186,113,7
0928__17_01_25__i0005535__gcn0002625__0002625__person__P2_______.png,46,36,6
0928__17_10_59__i0011278__gcn0003989__0003989__person__P2_______.png,201,119,3
0928__17_55_09__i0037781__gcn0011230__0011230__person___________.png,240,125,6
0928__18_06_08__i0044379__gcn0013544__0013544__person_____L2____.png,128,191,3
0928__18_12_01__i0047905__gcn0015102__0015102__person__P2_______.png,205,113,6
0928__18_14_00__i0049097__gcn0016372__0016372__person__P2_______.png,211,180,3
0928__18_15_08__i0049779__gcn0017381__0017381__person__P2_______.png,197,249,0
0928__18_15_22__i0049916__gcn0017623__0017623__person___________.png,159,90,0
0928__18_19_24__i0052337__gcn0018485__0018485__person_____L2____.png,195,217,6
0928__18_20_16__i0052851__gcn0018566__0018566__person__P2_______.png,19,124,6
0928__18_23_08__i0054578__gcn0018790__0018790__person_____L2____.png,146,253,0
0928__18_50_29__i0070989__gcn0020418__0020418__person___________.png,200,106,6
0928__19_08_33__i0081829__gcn0021393__0021393__person_____L2____.png,211,146,6
0928__19_38_22__i0099724__gcn0023082__0023082__person___________.png,2,129,3
0928__19_38_28__i0099787__gcn0023082__0023082__person___________.png,183,108,3
0928__19_43_13__i0102627__gcn0023335__0023335__person_____L2____.png,54,169,3
0928__20_24_59__i0127698__gcn0024525__0024525__person__P1_L1____.png,168,186,6
0928__20_39_40__i0136506__gcn0025980__0025980__person_____L2____.png,209,103,6
0928__20_40_44__i0137145__gcn0026041__0026041__person_____L2____.png,7,126,6
0929__06_51_31__i0503677__gcn0027466__0027466__person_____L2____.png,191,98,6
0929__07_52_10__i0540062__gcn0033615__0033615__person_____L2____.png,225,122,3
0929__08_12_34__i0552308__gcn0039104__0039104__person_____L2____.png,152,92,6
0929__08_38_48__i0568041__gcn0043491__0043491__multy_____L2____.png,159,91,3
0929__08_46_00__i0572369__gcn0044734__0044734__person_____L2____.png,101,115,6
0929__08_51_40__i0575771__gcn0046090__0046090__person__P1_L1____.png,51,19,0
0929__09_00_47__i0581246__gcn0046901__0046901__person_____L2____.png,71,134,6
0929__09_27_58__i0597553__gcn0051003__0051003__person__P2_______.png,254,62,3
0929__09_39_43__i0604599__gcn0053166__0053166__person_____L2____.png,75,126,6
0929__09_50_01__i0610779__gcn0056137__0056137__person__P2_______.png,54,134,6
0929__09_55_16__i0613925__gcn0058774__0058774__multy_____L2____.png,56,152,6
0929__10_02_13__i0618097__gcn0068540__0068540__person_____L2____.png,56,138,6
0929__10_49_51__i0646680__gcn0079539__0079539__person_____L2____.png,226,119,3
0929__10_49_51__i0646687__gcn0079458__0079500__multy___________.png,248,121,3
0929__10_49_51__i0646687__gcn0079461__0079461__person___________.png,244,117,0
0929__10_52_11__i0648079__gcn0080505__0080505__person_____L2____.png,100,28,6
0929__10_52_11__i0648079__gcn0080507__0080507__person_____L2____.png,235,87,0
0929__10_56_06__i0650437__gcn0081359__0081359__person_____L2____.png,77,147,6
0929__11_05_26__i0656036__gcn0085906__0085906__multy_____L2____.png,155,90,6
0929__11_07_54__i0657512__gcn0087141__0087141__person_____L2____.png,166,134,6
0929__11_15_07__i0661847__gcn0088463__0088463__person_____L2____.png,171,98,0
0929__11_20_54__i0665315__gcn0091897__0091897__person_____L2____.png,22,113,6
0929__11_25_01__i0667787__gcn0092762__0092762__person_____L1____.png,201,111,6
0929__11_25_07__i0667852__gcn0092767__0092767__person__P2_______.png,238,194,6
0929__11_56_56__i0686944__gcn0110960__0110960__person___________.png,240,186,6
0929__12_07_09__i0693067__gcn0115563__0115563__person___________.png,253,127,6
0929__12_09_52__i0694704__gcn0115951__0115951__person_____L2____.png,23,254,6
0929__12_18_26__i0699838__gcn0117552__0117552__person__P2_L1____.png,130,180,6
0929__12_50_48__i0719260__gcn0121529__0121529__person__P2_L1____.png,64,243,6
0929__12_51_15__i0719535__gcn0121699__0121699__person___________.png,222,186,6
0929__12_51_22__i0719601__gcn0121787__0121787__person_____L2____.png,229,249,6
0929__12_59_57__i0724760__gcn0123248__0123248__person__P2_______.png,72,152,6
0929__13_00_24__i0725030__gcn0123475__0123475__person_____L2____.png,50,113,6
0929__13_00_38__i0725161__gcn0123708__0123708__person_____L2____.png,58,212,3
0929__13_00_40__i0725185__gcn0123708__0123708__person__P2_______.png,135,163,3
0929__13_14_07__i0733257__gcn0126619__0126619__person__P2_L2____.png,71,214,6
0929__13_25_17__i0739952__gcn0128337__0128337__person_____L2____.png,213,126,6
0929__13_32_38__i0744363__gcn0130995__0130995__person___________.png,185,161,6
0929__13_35_33__i0746113__gcn0132482__0132482__person_____L2____.png,142,91,3
0929__13_39_53__i0748712__gcn0133181__0133181__person_____L2____.png,226,119,3
0929__14_00_27__i0761064__gcn0135574__0135574__person_____L2____.png,80,166,6
0929__14_26_57__i0776958__gcn0138856__0138856__person_____L2____.png,121,37,6
0929__14_34_50__i0781693__gcn0139478__0139478__person_____L2____.png,75,197,0
0929__14_38_14__i0783736__gcn0140490__0140490__person_____L2____.png,149,177,4
0929__14_38_41__i0784006__gcn0140554__0140554__person_____L2____.png,183,116,6
0929__14_51_42__i0791812__gcn0144686__0144686__person_____L2____.png,30,117,6
0929__15_32_44__i0816431__gcn0149693__0149693__person_____L2____.png,154,105,5
0929__15_40_51__i0821299__gcn0150651__0150651__person__P2_______.png,12,134,3
0929__15_58_49__i0832086__gcn0155982__0155982__person_____L2____.png,169,197,6
0929__15_58_52__i0832115__gcn0156026__0156026__person_____L2____.png,47,126,6
0929__16_19_13__i0844328__gcn0160815__0160815__person_____L2____.png,141,180,6
0929__16_41_24__i0857641__gcn0165287__0165287__person_____L2____.png,185,110,6
0929__16_41_32__i0857718__gcn0165287__0165287__person_____L2____.png,55,181,6
0929__16_50_46__i0863254__gcn0168692__0168692__person__P2_______.png,195,171,7
0929__17_00_11__i0868902__gcn0171282__0171282__person_____L2____.png,229,19,6
0929__17_00_11__i0868907__gcn0171279__0171279__person__P2_______.png,27,32,3
0929__17_08_48__i0874074__gcn0172802__0172833__multy_____L2____.png,234,118,6
0929__17_12_58__i0876574__gcn0174233__0174233__person___________.png,219,121,0
0929__17_42_31__i0894313__gcn0177366__0177366__person_____L2____.png,30,105,6
0929__18_08_22__i0909820__gcn0179989__0179989__person_____L2____.png,20,194,0
0929__18_18_52__i0916120__gcn0182227__0182227__person__P2_______.png,110,162,0
0929__18_45_58__i0932388__gcn0183505__0183505__person_____L2____.png,162,97,6
0929__18_51_04__i0935452__gcn0183930__0183930__person_____L2____.png,166,102,4
0929__18_58_13__i0939735__gcn0184529__0184529__person__P1_L1____.png,2,128,6
0929__19_03_20__i0942808__gcn0185178__0185178__person_____L2____.png,227,221,6
0929__19_08_21__i0945819__gcn0185370__0185370__person__P2_L1____.png,241,231,6
0929__20_33_58__i0997192__gcn0186774__0186774__person_____L2____.png,142,172,6
0929__20_57_17__i1011189__gcn0187582__0187582__person___________.png,181,96,6
0929__21_28_24__i1029862__gcn0188547__0188547__person__P2_______.png,138,166,6
0929__21_31_03__i1031449__gcn0188792__0188792__person_____L2____.png,139,175,6
0929__21_31_35__i1031769__gcn0188792__0188792__person__P2_L1____.png,173,192,6
0929__21_35_27__i1034088__gcn0189446__0189446__person___________.png,31,197,6
0929__22_19_31__i1060534__gcn0190092__0190092__person_____L2____.png,3,99,6
0930__07_09_47__i1378742__gcn0192124__0192124__person_____L2____.png,18,124,6
0930__07_12_20__i1380275__gcn0192198__0192198__person_____L2____.png,112,202,6
0930__07_14_06__i1381332__gcn0192803__0192803__person__P1_L1____.png,37,235,6
0930__07_27_54__i1389615__gcn0194431__0194431__person__P2_L1____.png,93,1,0
0930__07_37_44__i1395512__gcn0195164__0195164__person__P2_L2____.png,182,17,6
0930__07_42_12__i1398196__gcn0195514__0195514__person__P2_______.png,2,124,6
0930__07_44_05__i1399330__gcn0195768__0195768__person___________.png,76,231,6
0930__07_49_15__i1402424__gcn0196703__0196703__person_____L2____.png,223,119,3
0930__07_49_17__i1402446__gcn0196703__0196703__person__P2_______.png,31,133,3
0930__07_50_15__i1403023__gcn0196914__0196914__person_____L2____.png,8,37,6
0930__08_17_32__i1419396__gcn0201608__0201608__person_____L2____.png,195,112,6
0930__08_25_25__i1424133__gcn0204973__0204973__person_____L2____.png,145,93,6
0930__08_45_10__i1435973__gcn0208086__0208086__person_____L2____.png,104,214,1
0930__08_46_29__i1436769__gcn0210255__0210255__person___________.png,181,195,1
0930__08_49_17__i1438437__gcn0215458__0215458__multy_____L2____.png,28,236,1
0930__08_49_23__i1438510__gcn0215684__0215684__person_____L2____.png,71,35,6
0930__08_50_18__i1439057__gcn0215783__0215783__person_____L2____.png,47,173,7
0930__08_50_19__i1439072__gcn0215783__0215783__person__P2_______.png,78,235,2
0930__08_51_57__i1440050__gcn0216550__0216550__person__P1_L2____.png,58,61,0
0930__09_10_07__i1450950__gcn0221849__0221849__person__P2_L1____.png,28,60,6
0930__09_13_14__i1452818__gcn0223249__0223249__person_____L2____.png,90,68,6
0930__09_38_43__i1468112__gcn0233692__0233692__multy_____L2____.png,153,98,6
0930__10_01_24__i1481719__gcn0240897__0240897__person_____L2____.png,171,91,6
0930__10_01_32__i1481798__gcn0241175__0241175__person_____L2____.png,7,132,0
0930__10_01_40__i1481882__gcn0238141__0238141__person_____L1____.png,254,219,3
0930__10_02_25__i1482333__gcn0242400__0242400__person__P2_______.png,141,164,6
0930__10_04_12__i0000085__gcn0000001__0000001__wrong_____L2____.png,79,173,6
0930__10_10_26__i1487151__gcn0246273__0246273__person_____L2____.png,200,221,6
0930__10_10_28__i0003866__gcn0000887__0000887__person_____L2____.png,53,189,6
0930__10_13_02__i1488669__gcn0246965__0246965__person__P2_______.png,212,234,3
0930__10_25_37__i1496257__gcn0250463__0250463__person_____L2____.png,170,95,6
0930__10_28_10__i0014483__gcn0003267__0003267__multy_____L2____.png,97,156,6
0930__10_45_09__i1507022__gcn0256315__0256315__person__P2_______.png,252,62,6
0930__11_06_32__i1519826__gcn0257347__0257347__person___________.png,245,126,6
0930__11_13_13__i1523865__gcn0258291__0258291__person_____L2____.png,181,131,6
0930__11_16_31__i0043481__gcn0006821__0006821__person__P2_L2____.png,14,226,6
0930__11_19_22__i1527458__gcn0260948__0260948__person_____L2____.png,7,112,4
0930__11_23_19__i0047569__gcn0008841__0008841__person__P2_______.png,199,191,6
0930__11_25_31__i0048887__gcn0009648__0009648__person_____L2____.png,203,243,3
0930__11_38_19__i1538373__gcn0266750__0266750__person_____L2____.png,125,128,6
0930__11_38_42__i1538533__gcn0266993__0266993__person___________.png,6,130,3
0930__11_38_54__i0056900__gcn0012901__0012901__person__P2_L1____.png,88,88,3
0930__11_39_24__i1538776__gcn0267274__0267274__person_____L2____.png,168,89,6
0930__11_40_07__i1538997__gcn0267931__0267931__person_____L2____.png,201,113,6
0930__11_42_29__i0059064__gcn0014704__0014704__person___________.png,96,198,6
0930__11_51_42__i1544274__gcn0272040__0272040__person_____L2____.png,246,116,6
0930__12_01_41__i0070507__gcn0020760__0020760__person___________.png,194,172,6
0930__12_02_37__i0070950__gcn0021893__0021893__person_____L2____.png,136,212,6
0930__12_12_02__i0076807__gcn0025126__0025126__person_____L2____.png,57,211,6
0930__12_13_44__i0077820__gcn0025329__0025329__person__P2_L1____.png,81,35,6
0930__12_13_44__i1554513__gcn0281223__0281223__person__P1_L1____.png,68,16,6
0930__12_31_15__i0088336__gcn0026239__0026239__person__P2_L1____.png,143,250,6
0930__12_32_26__i0089062__gcn0026334__0026334__person__P1_L1____.png,246,253,7
0930__12_33_21__i1565755__gcn0284192__0284192__person__P1_L1____.png,53,254,6
0930__12_49_40__i1574647__gcn0287797__0287797__person__P2_______.png,236,25,6
0930__12_54_32__i0102300__gcn0028212__0028212__person_____L2____.png,220,179,6
0930__12_55_08__i0102681__gcn0028285__0028285__person_____L2____.png,145,199,7
0930__12_55_10__i1577501__gcn0289884__0289884__person_____L2____.png,23,97,7
0930__12_55_22__i1577574__gcn0289934__0289934__person__P2_L1____.png,27,72,6
0930__13_11_42__i0112609__gcn0028709__0028709__multy_____L2____.png,152,190,7
0930__13_11_50__i0112661__gcn0028836__0028836__person_____L2____.png,136,193,1
0930__13_34_27__i0126270__gcn0030035__0030035__person_____L2____.png,145,131,6
0930__13_56_58__i0139765__gcn0031333__0031333__person_____L2____.png,144,135,7
0930__14_01_45__i0142667__gcn0032196__0032196__person_____L2____.png,210,173,6
0930__14_13_57__i1616892__gcn0301180__0301180__person_____L2____.png,211,221,6
0930__14_18_22__i0152548__gcn0034582__0034582__multy_____L2____.png,148,50,6
0930__14_19_33__i1619793__gcn0302704__0302704__person_____L2____.png,30,153,5
0930__14_20_29__i1620347__gcn0302927__0302927__person___________.png,127,139,6
0930__14_21_12__i0154317__gcn0034747__0034747__person_____L2____.png,51,237,6
0930__14_22_14__i1621008__gcn0303974__0303974__person___________.png,142,160,6
0930__14_40_07__i0165697__gcn0035472__0035472__person__P1_L1____.png,10,211,6
0930__14_40_10__i1631362__gcn0306544__0306544__person_____L2____.png,141,86,0
0930__14_41_52__i1632391__gcn0306697__0306697__person_____L2____.png,206,93,6
0930__14_43_53__i0167864__gcn0035954__0035954__person_____L2____.png,173,178,5
0930__14_44_07__i0168068__gcn0036159__0036159__person_____L2____.png,5,131,6
0930__14_57_46__i0176255__gcn0037035__0037035__person_____L2____.png,25,147,7
0930__14_57_47__i0176260__gcn0037040__0037040__multy_____L2____.png,85,47,6
0930__14_57_50__i0176285__gcn0037076__0037076__person_____L2____.png,238,49,3
0930__15_00_53__i1641641__gcn0310559__0310559__person_____L2____.png,198,195,6
0930__15_43_35__i0203776__gcn0039229__0039229__person__P2_______.png,140,88,6
0930__15_43_51__i1663317__gcn0315737__0315737__person_____L2____.png,18,218,6
0930__15_43_53__i1663323__gcn0315737__0315737__person__P2_______.png,218,211,6
0930__15_53_09__i0209275__gcn0041056__0041056__person__P2_______.png,77,33,6
0930__15_53_29__i1666796__gcn0320565__0320565__person___________.png,181,179,3
0930__16_41_24__i1691953__gcn0328639__0328639__person__P1_L1____.png,56,209,6
0930__16_41_35__i1692036__gcn0328743__0328743__person_____L2____.png,233,110,6
0930__16_45_38__i1694510__gcn0329256__0329256__person_____L2____.png,21,129,6
0930__16_45_46__i1694581__gcn0329283__0329283__person_____L2____.png,23,243,3
0930__16_51_54__i1698231__gcn0329911__0329911__person_____L2____.png,186,108,0
0930__16_54_22__i0246252__gcn0043272__0043272__person_____L2____.png,208,233,3
0930__16_54_58__i0246583__gcn0043323__0043323__person_____L2____.png,145,157,6
0930__16_55_58__i1700646__gcn0331006__0331006__multy_____L2____.png,152,192,7
0930__16_56_04__i1700687__gcn0330986__0330986__person_____L2____.png,177,247,6
0930__16_56_07__i1700708__gcn0331077__0331077__person_____L2____.png,239,214,6
0930__16_56_48__i1701164__gcn0331239__0331239__person_____L2____.png,167,239,7
0930__16_58_57__i1702031__gcn0000001__0000001__wrong_____L2____.png,115,78,6
0930__17_08_34__i1707679__gcn0333056__0333056__person_____L2____.png,7,175,6
0930__17_10_13__i1708631__gcn0333468__0333468__person_____L2____.png,162,97,3
0930__17_10_25__i1708708__gcn0333538__0333538__person_____L2____.png,163,91,3
0930__17_11_43__i1709659__gcn0333795__0333795__multy_____L2____.png,152,91,6
0930__17_11_59__i0256820__gcn0044653__0044653__person_____L2____.png,139,248,6
0930__17_12_57__i0257414__gcn0044847__0044847__person__P2_______.png,117,69,3
0930__17_15_32__i0258958__gcn0044989__0044989__person_____L2____.png,104,238,3
0930__17_15_47__i1712051__gcn0334711__0334711__multy_____L2____.png,255,126,6
0930__17_18_10__i0260526__gcn0045221__0045221__person_____L2____.png,218,108,6
0930__17_18_20__i0260630__gcn0045256__0045256__person__P2_______.png,44,75,6
0930__17_18_31__i1713650__gcn0335174__0335174__person__P2_______.png,114,226,3
0930__17_18_32__i1713657__gcn0335220__0335220__multy_____L2____.png,23,210,3
0930__17_19_42__i1714458__gcn0335343__0335343__person__P1_L1____.png,124,161,3
0930__17_21_10__i0262347__gcn0045477__0045477__person__P2_L1____.png,33,227,0
0930__17_22_42__i1716222__gcn0335714__0335714__person__P2_______.png,212,60,3
0930__17_23_16__i1716396__gcn0336270__0336270__multy_____L2____.png,152,108,3
0930__17_25_45__i1717478__gcn0337033__0337033__person_____L2____.png,140,90,6
0930__17_26_27__i0265482__gcn0045829__0045829__person__P2_______.png,92,47,3
0930__17_29_17__i1719267__gcn0338370__0338370__person___________.png,179,106,3
0930__17_41_09__i0274321__gcn0046233__0046233__person__P2_______.png,169,211,6
0930__18_15_37__i0295020__gcn0047179__0047179__person_____L2____.png,27,90,3
0930__18_15_48__i1747149__gcn0341279__0341279__person___________.png,185,107,3
0930__18_18_51__i0296949__gcn0047229__0047229__person__P1_L1____.png,83,221,0
0930__18_19_02__i1749068__gcn0341410__0341410__person__P2_______.png,246,121,0
0930__18_20_53__i0298187__gcn0047302__0047302__person_____L2____.png,245,197,0
0930__18_20_58__i1750277__gcn0341752__0341752__person__P2_______.png,206,155,0
0930__18_22_08__i0298918__gcn0047528__0047528__person_____L2____.png,47,151,6
0930__18_22_10__i0298939__gcn0047538__0047538__person_____L2____.png,211,109,6
0930__18_22_21__i0299031__gcn0047619__0047619__person__P2_______.png,141,242,3
0930__18_23_24__i0299700__gcn0047658__0047658__person_____L2____.png,68,153,6
0930__18_23_28__i0299723__gcn0047659__0047659__person__P2_L2____.png,58,49,6
0930__18_45_23__i1764942__gcn0342853__0342853__multy_____L2____.png,153,97,6
0930__18_45_36__i1765037__gcn0342916__0342916__person_____L1____.png,224,113,6
0930__18_45_43__i0313067__gcn0047762__0047762__multy__P2_L2____.png,111,46,6
0930__18_48_15__i1766586__gcn0343287__0343287__person___________.png,102,174,6
0930__18_56_00__i1771042__gcn0343820__0343820__person_____L2____.png,11,112,6
0930__18_59_26__i0321314__gcn0047994__0047994__person__P2_______.png,135,107,0
0930__19_28_21__i1789161__gcn0345118__0345118__person___________.png,51,76,6
0930__19_28_30__i1789217__gcn0345162__0345162__person__P2_L2____.png,254,217,6
0930__19_40_37__i1796325__gcn0345883__0345883__person_____L2____.png,20,124,6
0930__20_45_57__i1834731__gcn0347276__0347276__person_____L2____.png,213,110,6
0930__20_46_30__i1835044__gcn0347362__0347362__person_____L2____.png,206,105,6
0930__21_55_50__i1876562__gcn0348516__0348516__person_____L2____.png,36,133,6
0930__22_43_15__i0455640__gcn0048485__0048485__person_____L1____.png,133,19,6
0938994__0723__13_03_09_______END.png,142,133,6
1001__07_11_46__i0760804__gcn0048583__0048583__person__P2_______.png,22,39,6
1001__07_22_18__i2216667__gcn0349669__0349698__multy_____L2____.png,190,107,3
1001__07_25_38__i2218649__gcn0349991__0349991__person__P2_L1____.png,122,150,6
1001__07_25_39__i0769146__gcn0049029__0049029__person__P2_______.png,54,86,0
1001__07_26_15__i0769512__gcn0049083__0049083__person__P2_L1____.png,117,79,0
1001__07_26_18__i0769535__gcn0049083__0049083__person__P2_L2____.png,53,172,0
1001__07_27_59__i0770558__gcn0049161__0049161__person_____L2____.png,129,130,6
1001__07_28_37__i0770877__gcn0049330__0049330__person_____L2____.png,125,182,6
1001__07_36_36__i0775752__gcn0049916__0049916__person_____L2____.png,143,112,6
1001__07_42_24__i0779221__gcn0050317__0050317__person_____L2____.png,214,249,3
1001__07_42_58__i0779569__gcn0050413__0050413__person__P1_______.png,214,233,3
1001__07_43_01__i0779595__gcn0050679__0050679__person__P2_L1____.png,8,36,0
1001__07_47_26__i0782252__gcn0050910__0050910__person_____L2____.png,232,19,3
1001__07_51_15__i0784545__gcn0051074__0051074__person__P1_L1____.png,181,79,3
1001__07_57_44__i0788429__gcn0051402__0051402__person_____L2____.png,61,162,6
1001__08_06_15__i0793542__gcn0051568__0051568__multy_____L2____.png,38,188,3
1001__08_07_13__i0794120__gcn0051658__0051658__person_____L2____.png,10,209,7
1001__08_09_19__i0795386__gcn0051872__0051872__person_____L2____.png,31,233,4
1001__08_10_19__i0795983__gcn0051925__0051925__person__P1_L1____.png,218,10,4
1001__08_10_56__i0796354__gcn0051975__0051975__person__P2_______.png,57,8,0
1001__08_16_40__i0799791__gcn0052722__0052722__person__P2_______.png,42,55,3
1001__08_28_29__i0806883__gcn0053076__0053076__person__P2_______.png,213,141,3
1001__08_51_02__i0820417__gcn0055272__0055272__person__P2_L1____.png,73,63,6
1001__08_53_09__i0821692__gcn0055446__0055446__person_____L2____.png,253,236,6
1001__09_21_52__i0838929__gcn0057666__0057666__person_____L2____.png,231,108,6
1001__09_39_26__i0849467__gcn0058997__0058997__person___________.png,152,169,6
1001__09_49_39__i0855602__gcn0063320__0063320__multy_____L2____.png,28,189,3
1001__09_52_05__i0857058__gcn0066194__0066194__person___________.png,0,221,3
1001__10_08_29__i0866904__gcn0069576__0069576__person_____L2____.png,207,122,6
1001__10_35_33__i0883143__gcn0070268__0070268__person_____L2____.png,107,117,6
1001__10_38_18__i0884793__gcn0070338__0070338__multy_____L2____.png,213,143,6
1001__11_24_05__i0912277__gcn0071698__0071698__person_____L2____.png,167,230,6
1001__11_31_50__i0916931__gcn0072010__0072010__person__P1_L1____.png,79,186,6
1001__11_33_21__i0917841__gcn0072025__0072025__person_____L2____.png,72,251,6
1001__11_48_58__i0927206__gcn0072521__0072521__person_____L2____.png,241,7,6
1001__11_49_54__i0927771__gcn0072778__0072778__person___________.png,38,192,6
1001__11_52_16__i0929181__gcn0074352__0074352__person__P2_L1____.png,167,20,6
1001__11_59_47__i0933701__gcn0074777__0074777__person_____L2____.png,83,86,6
1001__12_02_37__i0935403__gcn0075230__0075230__person__P2_L2____.png,49,217,6
1001__12_08_47__i0939106__gcn0075392__0075392__person__P2_______.png,105,56,6
1001__12_14_55__i0942787__gcn0075970__0075970__person_____L2____.png,216,170,6
1001__12_29_54__i0951777__gcn0076651__0076651__person_____L2____.png,28,236,6
1001__12_39_52__i0957762__gcn0077170__0077170__person__P2_______.png,50,181,6
1001__12_40_31__i0958144__gcn0077382__0077382__person___________.png,46,163,6
1001__12_41_58__i0959020__gcn0077569__0077569__person_____L1____.png,168,60,6
1001__13_06_54__i0973977__gcn0080475__0080475__person___________.png,7,126,6
1001__13_07_15__i0974189__gcn0080611__0080611__person_____L2____.png,11,125,6
1001__13_12_53__i0977574__gcn0080862__0080862__person_____L2____.png,71,2,6
1001__13_18_04__i0980682__gcn0081157__0081157__person__P2_______.png,60,55,6
1001__13_25_57__i0985421__gcn0081277__0081277__person_____L2____.png,144,21,3
1001__13_32_13__i0989181__gcn0081691__0081691__person__P1_L1____.png,168,68,6
1001__13_38_04__i0992684__gcn0081960__0081960__person__P2_______.png,94,98,1
1001__13_45_30__i0997146__gcn0082317__0082317__person_____L2____.png,52,235,6
1001__13_45_32__i0997170__gcn0082326__0082326__person__P1_L2____.png,123,214,6
1001__13_57_21__i1004257__gcn0082709__0082709__person__P2_L1____.png,159,61,7
1001__14_10_33__i1012178__gcn0083544__0083544__person_____L2____.png,29,153,6
1001__14_13_26__i1013910__gcn0083647__0083647__person__P1_L2____.png,129,148,6
1001__14_13_27__i1013922__gcn0083647__0083647__person___________.png,139,21,6
1001__14_32_15__i1025201__gcn0084966__0084966__person_____L2____.png,169,181,6
1001__14_45_58__i1033441__gcn0085418__0085418__person_____L2____.png,206,90,6
1001__15_12_42__i1049482__gcn0088115__0088115__person_____L2____.png,35,175,6
1001__15_49_16__i1071405__gcn0094502__0094502__person_____L2____.png,255,76,6
1001__15_53_47__i1074120__gcn0094628__0094628__multy__P1_L2____.png,183,100,7
1001__15_55_43__i0006019__gcn0003387__0003387__multy_____L2____.png,148,85,6
1001__16_08_14__i0013512__gcn0004463__0004463__person_____L2____.png,152,233,6
1001__16_08_15__i1082813__gcn0095018__0095018__person_____L2____.png,135,7,6
1001__16_27_55__i1094316__gcn0097882__0097882__multy_____L2____.png,3,185,6
1001__16_35_12__i0025417__gcn0008597__0008597__person__P1_L2____.png,212,115,6
1001__16_36_24__i1099657__gcn0098421__0098421__person___________.png,1,226,6
1001__16_40_10__i1101838__gcn0099267__0099267__person___________.png,231,103,6
1001__16_53_02__i1109587__gcn0100665__0100665__person__P2_______.png,134,232,6
1001__16_55_40__i1111280__gcn0101161__0101161__person_____L2____.png,26,111,6
1001__17_02_16__i1115240__gcn0101660__0101660__person_____L2____.png,213,96,6
1001__17_08_02__i1118687__gcn0103282__0103282__person_____L2____.png,150,166,6
1001__17_08_09__i1118767__gcn0103421__0103421__person_____L2____.png,60,204,6
1001__17_10_10__i1119979__gcn0103980__0103980__person___________.png,30,86,3
1001__17_12_07__i1121149__gcn0105519__0105519__person_____L2____.png,88,121,6
1001__17_12_16__i1121241__gcn0105639__0105639__person_____L2____.png,88,248,3
1001__17_12_58__i1121658__gcn0105925__0105925__person__P2_______.png,178,65,3
1001__17_13_18__i1121834__gcn0106161__0106161__multy_____L2____.png,142,1,0
1001__17_13_25__i1121890__gcn0106551__0106551__person__P2_L2____.png,81,14,0
1001__17_16_28__i1123759__gcn0108314__0108314__person_____L2____.png,42,120,3
1001__17_17_51__i1124596__gcn0108835__0108835__person_____L2____.png,249,120,6
1001__17_27_38__i1130466__gcn0112297__0112297__person__P2_______.png,14,233,3
1001__17_30_02__i1131898__gcn0113394__0113394__person_____L2____.png,247,110,6
1001__17_46_38__i1141871__gcn0114432__0114432__person_____L2____.png,118,254,0
1001__17_51_01__i1144503__gcn0114731__0114731__person_____L2____.png,16,212,3
1001__17_54_16__i1146453__gcn0115290__0115290__person_____L2____.png,170,199,3
1001__17_55_21__i1147097__gcn0115409__0115409__person_____L2____.png,217,114,6
1001__18_09_49__i1155777__gcn0116690__0116690__person__P2_______.png,61,123,0
1001__18_11_00__i1156492__gcn0116785__0116785__person_____L2____.png,84,190,3
1001__18_17_31__i1160405__gcn0117023__0117023__person_____L2____.png,64,222,0
1001__18_28_04__i1166734__gcn0117170__0117170__person__P2_L1____.png,241,61,0
1001__18_46_11__i1177607__gcn0120074__0120074__person___________.png,57,141,6
1001__18_47_21__i1178303__gcn0120197__0120197__person_____L2____.png,151,178,6
1001__18_49_08__i1179382__gcn0120838__0120838__person_____L2____.png,158,180,6
1001__18_51_13__i1180618__gcn0120950__0120950__person___________.png,148,206,6
1002__07_06_14__i1618821__gcn0121623__0121623__person__P2_L1____.png,102,76,0
1002__07_20_01__i0036668__gcn0000931__0000931__multy_____L2____.png,181,113,3
1002__07_20_11__i0036763__gcn0001023__0001023__multy_____L2____.png,63,17,3
1002__07_20_12__i0036771__gcn0001061__0001061__person__P2_L2____.png,52,214,3
1002__07_24_20__i1629699__gcn0121949__0121949__person_____L2____.png,20,148,3
1002__07_24_23__i1629720__gcn0121933__0121933__person_____L2____.png,189,101,3
1002__07_24_36__i1629840__gcn0122123__0122123__person_____L2____.png,44,8,0
1002__07_25_51__i1630588__gcn0122285__0122285__person_____L2____.png,32,43,3
1002__07_29_22__i1632702__gcn0122543__0122543__person_____L2____.png,183,182,3
1002__07_29_25__i1632723__gcn0122544__0122544__person__P1_L1____.png,172,7,3
1002__07_37_53__i0047384__gcn0004193__0004193__person_____L1____.png,161,96,6
1002__07_45_07__i0051724__gcn0004828__0004828__person__P2_______.png,182,187,3
1002__07_46_54__i1643203__gcn0123536__0123536__person__P2_______.png,193,20,0
1002__07_47_01__i0052829__gcn0005522__0005522__person__P1_L1____.png,81,152,6
1002__07_53_18__i0056641__gcn0006287__0006287__person_____L2____.png,126,148,6
1002__08_11_56__i1658256__gcn0125099__0125099__person__P1_L1____.png,68,251,4
1002__08_14_54__i0069602__gcn0010274__0010274__person___________.png,200,109,3
1002__08_27_45__i0077315__gcn0011677__0011677__person__P1_L2____.png,139,92,3
1002__08_28_03__i1667922__gcn0125974__0125974__person__P2_______.png,73,203,3
1002__08_32_43__i1670734__gcn0126081__0126081__person__P2_L1____.png,232,209,6
1002__08_35_10__i1672200__gcn0126181__0126181__person_____L2____.png,174,144,3
1002__08_43_40__i0086393__gcn0016892__0016892__person___________.png,153,94,6
1002__08_43_44__i1677350__gcn0128054__0128054__person__P2_L2____.png,123,102,5
1002__08_44_24__i0086836__gcn0017093__0017093__person__P2_______.png,183,167,6
1002__08_55_43__i0093619__gcn0020471__0020471__person_____L2____.png,165,93,6
1002__08_56_19__i0093981__gcn0020476__0020476__person_____L2____.png,154,97,6
1002__08_57_20__i0094599__gcn0020597__0020597__person_____L2____.png,159,96,6
1002__08_58_05__i1685945__gcn0129422__0129422__person__P2_L2____.png,61,63,6
1002__08_59_32__i0095910__gcn0020998__0020998__person__P2_______.png,229,181,0
1002__09_00_36__i1687469__gcn0129635__0129635__person__P2_______.png,85,5,3
1002__09_02_41__i0097804__gcn0021699__0021699__person_____L2____.png,164,98,6
1002__09_05_34__i1690436__gcn0129708__0129708__person__P2_L1____.png,166,67,6
1002__09_10_23__i0102427__gcn0022222__0022222__person___________.png,175,255,6
1002__09_11_44__i0103227__gcn0022294__0022294__person__P2_______.png,81,250,6
1002__09_11_44__i1694148__gcn0130033__0130033__person_____L2____.png,123,177,6
1002__09_24_58__i0111171__gcn0023490__0023490__person__P2_______.png,242,115,3
1002__09_33_02__i1706928__gcn0130797__0130797__person___________.png,135,174,6
1002__09_41_40__i0116162__gcn0024150__0024150__person___________.png,233,105,6
1002__09_57_36__i1716752__gcn0131091__0131091__person_____L2____.png,23,208,1
1002__10_15_16__i0019986__gcn0001846__0001846__person_____L2____.png,82,137,6
1002__10_21_12__i0023551__gcn0002615__0002615__person__P2_L1____.png,75,162,6
1002__11_01_26__i1755047__gcn0132720__0132720__person_____L2____.png,13,204,6
1002__11_01_31__i1755089__gcn0132817__0132817__person_____L2____.png,255,18,6
1002__13_43_19__i0002844__gcn0001295__0001295__person_____L2____.png,70,118,6
1002__13_45_07__i0003938__gcn0002068__0002068__person_____L2____.png,32,123,6
1002__13_45_46__i0004283__gcn0000583__0000583__person_____L2____.png,131,128,6
1002__14_03_50__i0015178__gcn0003801__0003801__person_____L2____.png,34,44,6
1002__14_21_15__i0025626__gcn0006953__0006953__person_____L2____.png,102,235,6
1002__14_29_11__i0030335__gcn0002085__0002085__person_____L2____.png,139,192,3
1002__14_29_13__i0030402__gcn0007583__0007583__multy_____L2____.png,41,249,8
1002__14_29_16__i0030424__gcn0007612__0007612__person_____L2____.png,242,13,0
1002__14_30_12__i0030998__gcn0007983__0007983__person_____L2____.png,237,119,3
1002__14_30_20__i0031027__gcn0002155__0002155__person__P2_______.png,97,166,3
1002__14_34_31__i0033582__gcn0008595__0008595__person__P2_______.png,40,196,6
1002__14_34_33__i0033559__gcn0002329__0002329__person_____L2____.png,128,231,6
1002__14_42_27__i0038348__gcn0009190__0009190__person__P1_L2____.png,203,110,6
1002__15_06_30__i0052777__gcn0011685__0011685__person_____L2____.png,62,225,6
1002__15_29_16__i0066438__gcn0012972__0012972__person_____L2____.png,43,162,6
1002__16_14_20__i0093485__gcn0022722__0022722__person__P1_L1____.png,115,227,6
1002__16_51_46__i0115947__gcn0023874__0023874__person_____L2____.png,242,117,6
1002__17_11_01__i0127484__gcn0026638__0026638__person_____L2____.png,99,138,6
1002__17_15_55__i0129922__gcn0028803__0028803__multy_____L2____.png,195,91,6
1002__17_16_34__i0130357__gcn0029469__0029469__person__P2_______.png,30,243,3
1002__17_22_45__i0133781__gcn0007889__0007889__person_____L2____.png,25,128,6
1002__17_48_41__i0149334__gcn0008737__0008737__person_____L2____.png,119,115,6
1002__17_52_29__i0151617__gcn0008840__0008840__person__P2_______.png,67,196,6
1002__17_53_54__i0152469__gcn0008884__0008884__person_____L2____.png,96,112,6
1002__17_53_58__i0152499__gcn0008888__0008888__person__P2_______.png,196,73,6
1002__18_01_35__i0157083__gcn0009017__0009017__person_____L2____.png,243,21,0
1002__18_19_10__i0167607__gcn0010057__0010057__person_____L2____.png,217,131,6
1002__18_19_13__i0167629__gcn0010091__0010091__person_____L2____.png,79,192,6
1002__18_19_32__i0167793__gcn0010249__0010249__multy__P2_L2____.png,64,56,6
1002__18_20_31__i0166808__gcn0038624__0038624__person__P2_______.png,251,220,0
1002__18_20_57__i0168702__gcn0010392__0010392__person_____L2____.png,200,180,6
1002__18_20_58__i0168707__gcn0010392__0010392__person__P2_______.png,58,103,0
1002__18_21_01__i0168737__gcn0010405__0010405__person__P2_L1____.png,40,13,6
1002__18_24_14__i0170676__gcn0010537__0010537__person_____L2____.png,143,195,6
1002__18_24_20__i0170730__gcn0010537__0010537__person_____L2____.png,168,183,6
1002__18_27_51__i0172844__gcn0010590__0010590__person_____L2____.png,116,210,6
1002__18_27_54__i0172872__gcn0010592__0010592__person_____L2____.png,45,102,3
1002__18_27_56__i0172887__gcn0010592__0010592__person_____L2____.png,207,222,3
1082162__0723__15_02_30__________.png,165,184,6
1099718__0723__15_17_08__________.png,142,175,6
1172323__0723__16_17_39__________.png,241,236,6
1173314__0723__16_18_28_______END.png,226,205,6
1357312__0722__10_16_23_P1____END.png,199,222,6
1633998__0722__14_07_01__________.png,140,95,6
1649343__0722__14_19_48_PC____END.png,139,74,6
1653911__0722__14_23_37_______END.png,143,83,6
1661321__0722__14_29_47__________.png,173,85,6
1664360__0722__14_32_19_PC_______.png,111,73,6
1664837__0722__14_32_43_______END.png,207,109,6
1668880__0722__14_36_05__________.png,137,81,6
1674748__0722__14_40_59_______END.png,161,79,7
1675012__0722__14_41_12__________.png,188,90,7
1682942__0722__14_47_48__________.png,144,77,6
1716512__0722__15_15_47_PC_______.png,162,101,6
1716610__0722__15_15_52_PC_______.png,215,114,6
1716630__0722__15_15_53__________.png,122,70,6
1717031__0722__15_16_13_PC_______.png,135,73,6
1763671__0722__15_55_06__________.png,178,89,6
1773313__0722__16_03_08__________.png,117,78,6
1774397__0722__16_04_02__________.png,119,73,6
1804869__0722__16_29_26_______END.png,151,79,6
1948998__0807__10_54_28__________.png,164,193,6
1949029__0807__10_54_30_______END.png,164,193,6
2019-08-28_19-37-40_id140_.jpg,75,7,6
2019-08-28_19-58-23_id265_.jpg,121,54,3
2019-08-29_07-35-26_id1397_appears_from_outside_.jpg,206,207,6
2019-08-29_07-42-34_id1494_.jpg,203,66,3
2019-08-29_07-49-15_id1612_.jpg,30,213,6
2019-08-29_07-53-16_id2069_moves_way_area___.jpg,25,215,6
2019-08-29_07-54-55_id2378_leaves__.jpg,42,210,6
2019-08-29_07-54-55_id2384_appears_.jpg,188,191,6
2019-08-29_07-54-56_id2392_.jpg,124,26,6
2019-08-29_07-55-51_id3122_moves____way_areaM.jpg,62,205,6
2019-08-29_07-59-47_id5578_appears_from_outside_.jpg,142,164,6
2019-08-29_08-41-56_id6422_.jpg,112,225,3
2019-08-29_08-42-05_id6594_appears_from_outside_.jpg,129,222,6
2019-08-29_08-42-09_id6728_appears_way_area.jpg,156,153,0
2019-08-29_08-48-04_id6935_appears_from_outside_.jpg,20,174,6
2019-08-29_09-02-57_id7849_moves____camp_area.jpg,205,166,7
2019-08-29_09-42-09_id8725_.jpg,8,189,6
2019-08-29_09-43-52_id8980_.jpg,226,204,4
2019-08-29_09-53-35_id10424_.jpg,177,120,6
2019-08-29_10-02-02_id10586_.jpg,238,26,6
2019-08-29_10-05-50_id10953_moves_way_area___M.jpg,17,211,6
2019-08-29_10-45-16_id11361_appears_from_outside_.jpg,90,130,6
2019-08-29_11-06-26_id11886_appears_.jpg,12,209,6
2019-08-29_11-18-47_id12239_appears_.jpg,23,194,6
2019-08-29_11-30-36_id12606_.jpg,13,102,6
2019-08-29_11-46-04_id13602_.jpg,16,249,6
2019-08-29_12-34-31_id15612_leaves__way_area.jpg,63,171,7
2019-08-29_12-53-50_id16375_moves____way_areaM.jpg,215,195,6
2019-08-29_12-53-52_id16430_appears_way_area.jpg,128,180,6
2019-08-29_12-55-24_id18135_.jpg,83,132,6
2019-08-29_13-43-20_id19395_.jpg,196,196,6
2019-08-29_15-27-09_id27626_.jpg,137,237,6
2019-08-29_15-27-13_id27690_.jpg,145,67,6
2019-08-29_15-33-39_id30352_moves____entrance_areaMM.jpg,196,167,6
2019-08-29_15-40-55_id31496_appears_way_area.jpg,212,213,6
2019-08-29_16-30-25_id37509_leaves__way_area.jpg,227,245,6
2019-08-29_16-30-38_id37554_.jpg,215,163,6
2019-08-29_16-39-40_id39002_appears_.jpg,30,181,6
2019-08-29_17-15-57_id46709_appears_from_outside_.jpg,231,115,6
2019-08-29_17-41-34_id49335_appears_way_area.jpg,28,116,3
2019-08-29_17-52-22_id49599_appears_.jpg,130,177,7
2019-08-29_17-54-00_id50163_leaves__MM.jpg,78,147,7
2019-08-30_07-46-37_id55922_moves_way_area___M.jpg,244,236,6
2019-08-30_07-56-38_id57767_moves____way_areaM.jpg,20,10,7
2019-08-30_08-50-37_id58348_appears_from_outside_.jpg,130,211,6
2019-08-30_09-01-39_id58972_.jpg,50,26,6
2019-08-30_09-03-49_id59066_.jpg,32,114,6
2019-08-30_09-03-51_id59106_.jpg,216,241,6
2019-08-30_09-17-32_id59782_leaves_outside_.jpg,102,82,6
2019-08-30_09-26-39_id59878_.jpg,186,28,6
2019-08-30_09-35-16_id60226_appears_from_outside_.jpg,89,35,6
2019-08-30_10-20-24_id64116_.jpg,228,186,6
2019-08-30_10-26-37_id67827_leaves__M.jpg,39,242,6
2019-08-30_10-44-54_id71580_appears_from_outside_.jpg,56,6,7
2019-08-30_11-08-44_id75947_.jpg,254,63,6
2019-08-30_11-11-37_id76615_appears_from_outside_.jpg,18,230,6
2019-08-30_11-43-29_id79802_.jpg,43,203,6
2019-08-30_12-19-02_id81391_appears_way_area.jpg,211,99,7
2019-08-30_12-35-21_id81720_.jpg,109,193,7
2019-08-30_12-36-42_id82192_moves_way_area___.jpg,0,243,6
2019-08-30_12-53-06_id83774_leaves__.jpg,93,207,6
2019-08-30_13-04-28_id86152_leaves_outside_camp_area.jpg,12,80,6
2019-08-30_13-10-27_id86558_leaves_outside_.jpg,114,65,6
2019-08-30_14-05-16_id95328_.jpg,218,168,6
2019-08-30_14-14-05_id97131_moves_way_area___entrance_areaM.jpg,145,161,6
2019-08-30_14-32-36_id97992_.jpg,134,166,6
2019-08-30_16-19-20_id104824_leaves_outside_M.jpg,138,84,6
2019-08-30_16-38-02_id110930_moves_camp_area___way_area.jpg,209,210,3
2019-08-30_17-02-03_id115204_appears_from_outside_.jpg,128,101,6
2019-08-30_17-04-25_id115462_.jpg,29,12,6
2019-08-30_17-04-30_id115515_.jpg,108,243,6
2019-08-31_08-41-56_id125193_leaves__way_area.jpg,185,144,6
2019-08-31_08-42-22_id125831_leaves__.jpg,9,179,6
2019-08-31_09-58-02_id128276_.jpg,163,45,1
2019-08-31_11-09-53_id537_appears_from_outside_.jpg,67,73,0
2019-08-31_11-09-54_id561_appears_from_outside_.jpg,86,117,3
2019-08-31_11-28-48_id4117_.jpg,123,229,3
2019-08-31_11-30-04_id5421_leaves__.jpg,98,210,6
2019-08-31_11-35-37_id6032_.jpg,159,13,6
2019-08-31_12-00-43_id6482_leaves__M.jpg,76,1,3
2019-08-31_12-55-14_id10969_appears_from_outside_.jpg,147,33,3
2019-08-31_12-55-16_id11014_appears_from_outside_.jpg,235,105,3
2019-08-31_13-32-44_id14228_appears_.jpg,78,187,6
2019-08-31_13-44-18_id14693_.jpg,164,70,6
2019-08-31_13-46-25_id14937_appears_.jpg,154,32,6
2019-08-31_13-49-04_id16786_appears_from_outside_A.jpg,103,100,6
2019-08-31_13-49-17_id17410_appears_from_outside_.jpg,235,100,6
2019-08-31_13-49-18_id17428_leaves__.jpg,203,43,6
2019-08-31_13-49-19_id17486_.jpg,100,156,6
2019-08-31_13-49-19_id17507_.jpg,211,54,6
2019-08-31_13-49-24_id17734_appears_entrance_area.jpg,185,18,6
2019-08-31_13-50-30_id20031_.jpg,251,168,6
2019-08-31_13-51-16_id21786_.jpg,127,144,6
2019-08-31_13-51-23_id22084_.jpg,210,0,6
2019-08-31_14-38-00_id26159_appears_from_outside_camp_area.jpg,80,173,6
2019-08-31_14-56-33_id26339_appears_from_outside_camp_area.jpg,230,78,6
2019-08-31_15-21-25_id27135_appears_way_area.jpg,214,142,6
2019-08-31_15-31-05_id27165_appears_camp_area.jpg,231,100,6
2019-08-31_18-21-24_id30400_.jpg,10,195,6
2019-08-31_18-38-24_id33909_leaves__way_area.jpg,175,94,2
2019-08-31_18-38-26_id33934_appears_way_area.jpg,134,81,2
2019-08-31_18-38-26_id33935_leaves__way_area.jpg,137,82,2
2019-09-01_12-46-56_id49042_appears_from_outside_.jpg,244,90,6
2019-09-05_08-09-19_id4570_.jpg,211,93,6
2019-09-05_08-33-14_id6157_.jpg,80,234,6
2019-09-05_08-40-54_id7191_leaves_outside_.jpg,142,155,6
2019-09-13_08-52-16_id3461_moves____way_area.jpg,205,205,6
2019-09-13_09-10-47_id4138_.jpg,64,182,6
2019-09-13_09-17-00_id4376_.jpg,113,74,0
2019-09-13_09-20-34_id4768_leaves_outside_.jpg,189,6,6
2019-09-13_09-29-41_id4916_moves_way_area___.jpg,244,209,6
2019-09-13_09-36-34_id5558_.jpg,134,95,6
2019-09-13_09-45-25_id9414_appears_way_area.jpg,130,201,6
2019-09-13_09-58-23_id10543_moves____camp_area.jpg,208,151,6
2019-09-13_11-12-17_id32516_leaves_outside_M.jpg,80,172,6
2019-09-13_11-13-02_id32948_leaves_outside_.jpg,32,49,6
2019-09-13_11-38-19_id38654_single_instance_1568374701176025000_at_.jpg,69,144,6
2019-09-13_11-38-52_id39330_leaves__.jpg,232,14,6
2019-09-13_12-09-04_id43159_leaves_outside_.jpg,196,47,6
2019-09-13_14-48-22_id49431_single_instance_1568386103893448000_at_.jpg,186,66,6
2019-09-13_14-51-35_id49969_.jpg,199,239,3
2019-09-13_15-52-25_id52694_moves____way_areaM.jpg,200,233,7
2019-09-13_16-26-54_id56594_appears_.jpg,224,192,6
2019-09-14_08-52-43_id66149_.jpg,178,193,0
2019-09-14_09-41-02_id69873_appears_.jpg,243,220,6
2019-09-14_09-41-05_id69877_appears_from_outside_.jpg,185,123,6
2019-09-14_09-42-24_id69917_appears_.jpg,40,155,3
2019-09-14_09-56-21_id71451_.jpg,1,235,6
2019-09-14_10-12-24_id72799_appears_way_area.jpg,245,229,6
2019-09-14_10-40-02_id74494_moves____way_areaM.jpg,213,244,3
2019-09-14_11-10-56_id75003_.jpg,82,227,1
2019-09-14_11-36-40_id75859_.jpg,153,31,6
2019-09-14_11-46-35_id76271_.jpg,247,192,1
2019-09-14_11-50-35_id76645_appears_way_area.jpg,104,162,1
2019-09-14_12-44-15_id78757_appears_from_outside_.jpg,159,244,6
2019-09-14_12-48-58_id78935_appears_.jpg,52,130,1
2019-09-14_12-57-33_id81078_.jpg,74,160,1
2019-09-14_12-57-33_id81103_appears_from_outside_.jpg,165,142,6
2019-09-14_13-58-53_id862_non_similar_look_.jpg,16,41,6
2019-09-14_16-53-37_id4340_non_similar_look_.jpg,25,218,6
2019-09-14_16-53-39_id4362__single_instance_1568480021502914000_at_.jpg,84,10,3
2019-09-14_16-53-54_id4501__.jpg,220,25,6
2019-09-14_17-09-56_id5060_non_similar_look_.jpg,188,215,3
2019-09-15_16-09-36_id12852_non_similar_look_.jpg,186,173,6
2019-09-15_16-18-22_id12876_non_similar_look_.jpg,197,170,0
2019-09-16_07-43-02_id13276_non_similar_look_.jpg,239,132,3
2019-09-16_07-43-06_id13351_non_similar_look_.jpg,142,243,3
2019-09-16_08-15-19_id14406_non_similar_look_.jpg,92,202,6
2019-09-16_08-16-22_id15928__.jpg,49,18,6
2019-09-16_10-38-03_id25012_non_similar_look_.jpg,153,86,6
2019-09-16_10-53-25_id26368__appears_.jpg,77,162,3
2019-09-16_11-06-42_id34413__.jpg,214,206,0
2019-09-16_11-43-10_id41856_non_similar_look_.jpg,88,95,6
2019-09-16_12-07-19_id44432__.jpg,217,48,6
2019-09-16_12-07-21_id44465__leaves__way_area.jpg,180,182,6
2019-09-16_12-33-21_id51432_non_similar_look_.jpg,80,72,6
2019-09-16_13-29-02_id57657__appears_from_outside_camp_area.jpg,254,122,6
2019-09-16_13-29-19_id57766__single_instance_1568640561614575000_at_camp_area.jpg,32,80,6
2019-09-16_13-56-36_id59680_non_similar_look_.jpg,178,213,7
2019-09-16_15-42-24_id72101_non_similar_look_.jpg,60,247,6
2019-09-16_16-41-36_id81460_non_similar_look_.jpg,69,1,6
2019-09-16_17-02-53_id85635_non_similar_look_.jpg,246,7,0
2019-09-16_17-43-52_id89178__appears_camp_area.jpg,163,95,6
2019-09-16_17-57-12_id95085_non_similar_look_.jpg,17,120,3
2019-09-16_17-57-21_id95232_non_similar_look_.jpg,51,64,3
2019-09-16_17-58-36_id96390__moves_camp_area___way_area.jpg,29,242,3
2019-09-16_17-58-40_id96458__moves_way_area___.jpg,65,182,3
2019-09-18_17-47-33_id240_non_similar_look_.jpg,55,162,3
2019-09-19_08-24-31_id6588_non_similar_look_.jpg,98,118,0
2019-09-19_08-39-32_id8326_non_similar_look_.jpg,115,72,0
2019-09-19_08-39-34_id8376__single_instance_1568882377112215000_at_.jpg,9,149,6
2019-09-19_09-15-45_id11642__leaves__.jpg,36,124,1
2019-09-19_10-07-02_id18740_non_similar_look_.jpg,193,57,3
2019-09-19_10-09-44_id19381__leaves__.jpg,240,71,6
2019-09-19_10-09-53_id19544__.jpg,119,16,6
2019-09-19_10-22-17_id20492_non_similar_look_.jpg,185,136,6
2019-09-19_10-42-18_id28197_non_similar_look_single_instance_1568889740395562000_at_way_area.jpg,163,177,6
2019-09-19_10-42-24_id28253__leaves_outside_.jpg,145,76,6
2019-09-19_10-54-54_id29308_non_similar_look_.jpg,147,2,3
2019-09-19_10-55-01_id29372__leaves__.jpg,68,204,6
2019-09-19_11-09-16_id30360_non_similar_look_.jpg,63,64,6
2019-09-19_11-09-50_id30469__single_instance_near_border_1568891392148082000_at_.jpg,202,100,6
2019-09-19_11-23-13_id32630__.jpg,189,6,6
2019-09-19_11-40-40_id35032_non_similar_look_.jpg,115,186,6
2019-10-06_11-32-40_i=61764_id=241_cn=1570361561886625000_thr=767_descr_Sgl_.jpg,179,62,6
2019-10-06_13-48-53_i=143496_id=628_cn=1570369734588048000_thr=905_descr__looks_different.jpg,0,211,6
2019-10-06_14-06-32_i=154089_id=889_cn=1570370792057546000_thr=879_descr__looks_different.jpg,70,207,6
2019-10-07_09-06-08_i=837871_id=4429_cn=1570439170397728000_thr=775_descr__looks_different.jpg,15,242,3
2019-10-07_10-13-53_i=878517_id=6860_cn=1570443232065711000_thr=997_descr__.jpg,255,243,6
2019-10-07_12-16-48_i=952273_id=14805_cn=1570450610468674000_thr=885_descr_Sg@b_.jpg,66,149,7
2019-10-07_12-16-49_i=952275_id=14807_cn=1570450610651411000_thr=943_descr_In@b_.jpg,36,250,7
2019-10-07_12-18-45_i=953444_id=16201_cn=1570450727572144000_thr=919_descr_In_.jpg,141,225,6
2019-10-07_12-19-02_i=953606_id=16542_cn=1570450743755154000_thr=658_descr_In_.jpg,17,136,1
2019-10-07_12-19-19_i=953781_id=16853_cn=1570450761270748000_thr=739_descr_Sgl_.jpg,206,119,6
2019-10-07_12-20-18_i=954372_id=18034_cn=1570450820353486000_thr=772_descr_Sgl_looks_different.jpg,1,123,1
2019-10-07_16-50-07_i=1116266_id=26766_cn=1570467009122719000_thr=906_descr__.jpg,92,57,6
2019-10-07_17-27-34_i=1138732_id=29136_cn=1570469255848795000_thr=690_descr_In_.jpg,154,167,7
2019-10-07_17-27-58_i=1138975_id=29570_cn=1570469270270014000_thr=946_descr__looks_different.jpg,73,231,6
2019-10-08_09-40-03_i=507598_id=5412_cn=1570527602006909000_thr=998_descr__looks_different.jpg,46,17,6
2019-10-08_09-40-29_i=507857_id=5745_cn=1570527631128214000_thr=965_descr_In_looks_different.jpg,164,104,6
2019-10-08_09-46-38_i=511550_id=5867_cn=1570527999593270000_thr=680_descr_Out_looks_different.jpg,68,248,6
2019-10-08_10-26-22_i=535386_id=7073_cn=1570530383684529000_thr=981_descr__looks_different.jpg,188,123,6
2019-10-08_10-36-08_i=541253_id=7445_cn=1570530969699552000_thr=954_descr__crossing.jpg,62,249,3
2019-10-08_10-41-01_i=544174_id=7537_cn=1570531259602640000_thr=955_descr__looks_different.jpg,99,39,3
2019-10-08_11-26-05_i=6908_id=60_cn=1570533966802483000_thr=978_descr_Sg@b_.jpg,249,225,6
2019-10-08_12-15-26_i=36523_id=1361_cn=1570536928251416000_thr=837_descr_In@b_.jpg,231,120,6
2019-10-08_13-01-05_i=63911_id=2641_cn=1570539665868815000_thr=903_descr_Out_.jpg,26,23,6
2019-10-08_13-07-39_i=67858_id=3160_cn=1570540059708001000_thr=994_descr__looks_different.jpg,92,169,6
2019-10-08_13-08-55_i=68611_id=3258_cn=1570540134072812000_thr=988_descr__.jpg,178,242,6
2019-10-08_13-56-29_i=97158_id=4992_cn=1570542991520533000_thr=709_descr_In@b_different_place.jpg,157,167,7
2019-10-08_14-19-58_i=111243_id=7482_cn=1570544400028544000_thr=989_descr_In_.jpg,61,57,7
2019-10-09_11-53-19_i=7159_id=151_cn=1570621993037111000_thr=714_descr_Out@bord_.jpg,16,0,6
2019-10-09_13-59-38_i=82943_id=6040_cn=1570629579115129000_thr=715_descr__crossing.jpg,192,184,3
2019-10-10_08-46-42_i=551162_id=28077_cn=1570697202237893000_thr=976_descr_Out_crossing.jpg,39,165,2
2019-10-10_08-46-43_i=551167_id=28082_cn=1570697204336482000_thr=873_descr_Out_.jpg,13,161,2
2019-10-10_14-24-19_i=115823_id=34597_cn=1570717457775631000_thr=851_descr__crossing.jpg,238,229,0
2019-10-10_14-27-05_i=117479_id=36270_cn=1570717627095986000_thr=778_descr_In_.jpg,113,173,4
2019-10-10_15-51-19_i=168018_id=61717_cn=1570722680822825000_thr=736_descr_In_.jpg,78,224,3
2019-10-10_23-42-54_i=237291_id=6822_cn=1570750976027961000_thr=880_descr_In@bord_.jpg,142,155,6
2019-10-11_09-07-25_i=576014_id=23654_cn=1570784847411739000_thr=801_descr_In_.jpg,164,201,2
2019-10-11_09-32-09_i=590852_id=27804_cn=1570786330771980000_thr=954_descr__crossing.jpg,2,215,6
2019-10-11_12-31-37_i=698537_id=50820_cn=1570797095102544000_thr=943_descr__crossing.jpg,189,2,6
2019-10-11_16-51-58_i=854750_id=71640_cn=1570812720220785000_thr=823_descr_In_.jpg,47,142,4
2019-10-12_10-08-53_i=1476915_id=111360_cn=1570874923503215000_thr=734_descr_Out_different_place.jpg,5,114,4
2019-10-12_12-31-30_i=71994_id=757_cn=1570883491835357000_thr=789_descr_Out@bord_.jpg,19,99,4
2019-10-12_20-05-55_i=344650_id=7032_cn=1570910756464127000_thr=700_descr_Out_.jpg,184,88,6
2019-11-18_08-35-44_i=30965_id=3251_cn=1574066145620647000_thr=754_descr_In@bord_looks_different.jpg,169,139,6
2019-11-18_09-03-44_i=56160_id=10080_cn=1574067826223065000_thr=785_descr_In@bord_looks_different.jpg,212,119,6
2019-11-18_09-06-16_i=58450_id=10341_cn=1574067972139142000_thr=995_descr__crossing.jpg,20,236,6
2019-11-18_09-08-40_i=60600_id=11059_cn=1574068123171541000_thr=684_descr_In@bord_looks_different.jpg,37,96,6
2019-11-18_09-08-41_i=60610_id=11076_cn=1574068123171541000_thr=667_descr_Out_looks_different.jpg,37,220,6
2019-11-18_09-14-09_i=65372_id=11970_cn=1574068449054670000_thr=965_descr__.jpg,38,128,6
2019-11-18_09-14-10_i=65381_id=11982_cn=1574068449054670000_thr=982_descr__looks_different.jpg,43,150,6
2019-11-18_09-16-20_i=66716_id=12792_cn=1574068584544693000_thr=978_descr__.jpg,123,173,7
2019-11-18_09-16-21_i=66722_id=12809_cn=1574068584544923000_thr=865_descr__crossing.jpg,200,212,7
2019-11-18_09-16-21_i=66723_id=12814_cn=1574068584544923000_thr=635_descr__.jpg,184,212,7
2019-11-18_09-16-25_i=66753_id=12873_cn=1574068591136531000_thr=810_descr_Sgl_looks_different.jpg,19,114,6
2019-11-18_09-16-26_i=66756_id=12876_cn=1574068584544923000_thr=524_descr__.jpg,23,116,7
2019-11-18_09-16-58_i=66977_id=13131_cn=1574068623798964000_thr=926_descr_Out_looks_different.jpg,75,154,6
2019-11-18_09-20-51_i=67935_id=14630_cn=1574068870079448000_thr=782_descr__looks_different.jpg,253,165,6
2019-11-18_09-20-53_i=67939_id=14637_cn=1574068875307972000_thr=545_descr_In_looks_different.jpg,44,25,6
2019-11-18_09-22-06_i=68046_id=14821_cn=1574068875307972000_thr=830_descr__.jpg,83,202,6
2019-11-18_09-46-30_i=77254_id=15766_cn=1574070385458193000_thr=934_descr_Out_looks_different.jpg,246,247,6
2019-11-18_09-52-13_i=77825_id=16046_cn=1574070720989050000_thr=853_descr__crossing.jpg,250,241,7
2019-11-18_09-52-55_i=77854_id=16086_cn=1574070720989050000_thr=938_descr_Out_looks_different.jpg,101,183,7
2019-11-18_09-52-55_i=77855_id=16087_cn=1574070830035667000_thr=874_descr_Sgl_looks_different.jpg,235,124,6
2019-11-18_10-03-58_i=81370_id=16304_cn=1574071492112911000_thr=724_descr_In_crossing.jpg,78,239,6
2019-11-18_10-32-53_i=88083_id=16935_cn=1574073221812677000_thr=955_descr_In_.jpg,210,12,6
2019-11-18_10-36-04_i=88661_id=16993_cn=1574073407273663000_thr=949_descr_Sg@bord_looks_different.jpg,90,181,6
2019-11-18_10-37-56_i=88736_id=17079_cn=1574073497121141000_thr=983_descr__looks_different.jpg,1,68,7
2019-11-18_10-37-56_i=88738_id=17084_cn=1574073497121141000_thr=994_descr__.jpg,0,53,7
2019-11-18_10-39-10_i=88779_id=17177_cn=1574073590637435000_thr=998_descr__.jpg,142,30,5
2019-11-18_11-06-30_i=91654_id=17885_cn=1574075229895099000_thr=996_descr_Out_looks_different.jpg,17,137,6
2019-11-18_11-52-54_i=22638_id=5416_cn=1574077993385017000_thr=995_descr_Sgl_.jpg,13,231,3
2019-11-18_12-16-04_i=36604_id=5961_cn=1574079375865574000_thr=988_descr_In@bord_looks_different.jpg,169,111,3
2019-11-18_12-24-26_i=40245_id=6330_cn=1574079894478935000_thr=755_descr_Sgl_.jpg,37,143,6
2019-11-18_13-29-04_i=73987_id=7783_cn=1574083769392336000_thr=951_descr_Sgl_.jpg,15,245,6
2019-11-18_13-39-59_i=80362_id=8026_cn=1574084362640690000_thr=998_descr_Out_.jpg,48,216,3
2019-11-18_14-10-27_i=90255_id=8971_cn=1574086257629456000_thr=974_descr_Sgl_.jpg,91,158,6
2019-11-18_14-43-17_i=14597_id=267_cn=1574088194478350000_thr=988_descr_Out_looks_different.jpg,172,224,6
2019-11-18_15-19-35_i=47265_id=1420_cn=1574090376852905000_thr=975_descr_In@bord_looks_different.jpg,251,126,1
2019-11-18_15-19-36_i=47276_id=1431_cn=1574090376852905000_thr=859_descr_Out@bord_.jpg,227,215,1
2019-11-18_16-34-06_i=113366_id=7204_cn=1574094775320932000_thr=869_descr__looks_different.jpg,195,165,6
2019-11-18_16-36-59_i=113854_id=7787_cn=-7787_thr=621_descr__crossing.jpg,213,221,6
2019-11-18_16-44-09_i=118315_id=8170_cn=1574095471490416000_thr=971_descr_Sgl_.jpg,161,196,4
2019-11-19_08-23-35_i=920106_id=10991_cn=1574151772363697000_thr=538_descr_Out_.jpg,91,166,0
2019-11-19_08-32-38_i=926868_id=11045_cn=1574152358028004000_thr=543_descr_Out_looks_different.jpg,216,124,6
2019-11-19_08-42-50_i=3691_id=22_cn=1574152970414974000_thr=843_descr_Out@bord_looks_different.jpg,92,150,6
2019-11-19_08-50-52_i=10935_id=184_cn=1574153454059757000_thr=723_descr_In_.jpg,95,24,6
2019-11-19_08-57-02_i=16475_id=496_cn=1574153820944142000_thr=808_descr__crossing.jpg,50,244,6
2019-11-19_08-57-04_i=16504_id=531_cn=1574153826254484000_thr=599_descr_In@bord_looks_different.jpg,181,36,6
2019-11-19_08-58-55_i=18181_id=866_cn=1574153937777788000_thr=533_descr_In_.jpg,103,150,6
2019-11-19_08-58-59_i=18240_id=958_cn=1574153934268608000_thr=891_descr__crossing.jpg,22,195,6
2019-11-19_08-59-01_i=18264_id=999_cn=1574153942075733000_thr=809_descr__crossing.jpg,130,176,6
2019-11-19_08-59-52_i=19030_id=1063_cn=1574153993187451000_thr=568_descr_Out_.jpg,91,133,6
2019-11-19_09-00-11_i=19305_id=1238_cn=1574154005449131000_thr=528_descr_Out_looks_different.jpg,149,208,6
2019-11-19_09-02-14_i=21118_id=1683_cn=1574154126986112000_thr=980_descr__.jpg,77,38,6
2019-11-19_09-02-19_i=21182_id=1706_cn=1574154141165319000_thr=816_descr_Sgl_crossing.jpg,115,166,6
2019-11-19_09-02-20_i=21201_id=1710_cn=1574154142651285000_thr=909_descr__crossing.jpg,74,242,6
2019-11-19_09-03-20_i=22149_id=1814_cn=1574154202988648000_thr=775_descr_In_looks_different.jpg,201,91,6
2019-11-19_09-03-20_i=22151_id=1820_cn=1574154201064257000_thr=767_descr__.jpg,173,172,6
2019-11-19_09-03-21_i=22157_id=1832_cn=1574154203070386000_thr=950_descr_Out@bord_.jpg,191,179,6
2019-11-19_09-05-52_i=24426_id=2017_cn=1574154354629936000_thr=911_descr_In@bord_.jpg,202,246,0
2019-11-19_09-05-52_i=24433_id=2024_cn=1574154355381675000_thr=951_descr_In@bord_looks_different.jpg,197,84,0
2019-11-19_09-05-53_i=24443_id=2034_cn=1574154355381675000_thr=995_descr_Out_looks_different.jpg,223,7,0
2019-11-19_09-05-54_i=24454_id=2047_cn=1574154357076378000_thr=969_descr__.jpg,208,147,0
2019-11-19_09-05-54_i=24455_id=2050_cn=1574154357390261000_thr=948_descr_Out@bord_.jpg,125,174,0
2019-11-19_09-05-54_i=24456_id=2052_cn=1574154357430495000_thr=870_descr_In_looks_different.jpg,170,158,0
2019-11-19_09-05-54_i=24464_id=2065_cn=1574154357076378000_thr=998_descr__.jpg,203,153,0
2019-11-19_09-07-51_i=26163_id=2207_cn=1574154474083198000_thr=861_descr_Out@bord_.jpg,135,185,6
2019-11-19_09-08-19_i=26584_id=2255_cn=1574154503276568000_thr=908_descr_Sgl_.jpg,58,212,6
2019-11-19_09-08-22_i=26615_id=2304_cn=1574154500755322000_thr=991_descr__crossing.jpg,243,250,6
2019-11-19_09-09-52_i=27724_id=2566_cn=1574154596813207000_thr=951_descr_Out_.jpg,55,254,7
2019-11-19_09-09-52_i=27725_id=2567_cn=1574154597309948000_thr=998_descr_In_looks_different.jpg,119,98,7
2019-11-19_09-09-57_i=27766_id=2603_cn=1574154597309948000_thr=987_descr__crossing.jpg,253,204,7
2019-11-19_09-10-28_i=28008_id=2830_cn=1574154632960824000_thr=866_descr_In@bord_looks_different.jpg,144,90,6
2019-11-19_09-10-44_i=28174_id=2867_cn=1574154648865568000_thr=721_descr_In_looks_different.jpg,20,217,7
2019-11-19_09-10-44_i=28177_id=2870_cn=1574154649440443000_thr=740_descr_Sgl_looks_different.jpg,164,51,7
2019-11-19_09-10-49_i=28213_id=2914_cn=1574154648865568000_thr=758_descr__looks_different.jpg,186,197,7
2019-11-19_09-10-50_i=28223_id=2925_cn=1574154648865568000_thr=558_descr_Out_.jpg,187,182,7
2019-11-19_09-10-51_i=28229_id=2926_cn=1574154656847209000_thr=506_descr_In_looks_different.jpg,162,217,6
2019-11-19_09-11-03_i=28311_id=3014_cn=1574154667217053000_thr=525_descr_Out_looks_different.jpg,240,122,6
2019-11-19_09-11-11_i=28365_id=3061_cn=1574154656847209000_thr=970_descr_Out_looks_different.jpg,36,153,6
2019-11-19_09-12-52_i=29821_id=3157_cn=1574154777546058000_thr=964_descr_In@bord_looks_different.jpg,42,147,6
2019-11-19_09-13-16_i=30003_id=3273_cn=1574154795449843000_thr=877_descr_Out_.jpg,79,180,6
2019-11-19_09-18-32_i=34532_id=3610_cn=1574155114585385000_thr=653_descr__.jpg,11,106,6
2019-11-19_09-18-36_i=34553_id=3648_cn=1574155114585385000_thr=960_descr__.jpg,17,125,6
2019-11-19_09-19-17_i=34879_id=3914_cn=1574155165041476000_thr=866_descr_In_.jpg,238,226,6
2019-11-19_09-19-18_i=34880_id=3915_cn=1574155159974177000_thr=999_descr__.jpg,95,57,6
2019-11-19_09-19-18_i=34880_id=3916_cn=1574155165041476000_thr=991_descr__crossing.jpg,15,218,6
2019-11-19_09-23-43_i=38187_id=4266_cn=1574155428723259000_thr=947_descr_Sgl_looks_different.jpg,41,236,6
2019-11-19_09-23-44_i=38192_id=4271_cn=1574155429858433000_thr=956_descr_In_looks_different.jpg,78,197,7
2019-11-19_09-23-44_i=38195_id=4274_cn=1574155430756614000_thr=889_descr_Sgl_looks_different.jpg,110,77,7
2019-11-19_09-23-44_i=38196_id=4275_cn=1574155430791704000_thr=984_descr_In_looks_different.jpg,76,78,7
2019-11-19_09-23-50_i=38228_id=4304_cn=1574155436387539000_thr=918_descr__crossing.jpg,3,15,7
2019-11-19_09-24-18_i=38345_id=4418_cn=1574155436387539000_thr=673_descr_Out_.jpg,19,111,7
2019-11-19_09-25-26_i=39305_id=4422_cn=1574155532253995000_thr=964_descr_In@bord_.jpg,240,210,6
2019-11-19_09-27-55_i=41467_id=4494_cn=1574155680655375000_thr=884_descr_Sg@bord_.jpg,34,203,7
2019-11-19_09-28-05_i=41521_id=4530_cn=1574155685518170000_thr=913_descr__crossing.jpg,185,202,7
2019-11-19_09-28-06_i=41526_id=4536_cn=1574155685518170000_thr=915_descr__.jpg,183,188,7
2019-11-19_09-31-37_i=43148_id=5021_cn=1574155877895718000_thr=718_descr_Out_.jpg,31,111,6
2019-11-19_09-34-35_i=45249_id=5147_cn=1574156062914687000_thr=851_descr_Out@bord_looks_different.jpg,219,110,3
2019-11-19_09-34-56_i=45444_id=5159_cn=1574156105834424000_thr=571_descr_In_.jpg,47,143,7
2019-11-19_09-34-58_i=45454_id=5163_cn=1574156105834424000_thr=556_descr_Out_.jpg,45,131,7
2019-11-19_09-39-37_i=47740_id=5524_cn=1574156387981195000_thr=956_descr__crossing.jpg,84,216,6
2019-11-19_09-41-28_i=48494_id=5682_cn=1574156499862336000_thr=566_descr_In_.jpg,127,195,6
2019-11-19_09-55-07_i=60365_id=5804_cn=1574157313795591000_thr=589_descr_In_.jpg,246,111,6
2019-11-19_09-58-29_i=62771_id=5958_cn=1574157517559347000_thr=959_descr_In@bord_looks_different.jpg,180,143,0
2019-11-19_10-09-13_i=71220_id=6169_cn=1574158165045684000_thr=558_descr_In_.jpg,37,131,6
2019-11-19_10-09-36_i=71283_id=6291_cn=1574158166487826000_thr=601_descr__crossing.jpg,36,231,6
2019-11-19_10-10-57_i=71869_id=6367_cn=1574158265964644000_thr=570_descr_In_.jpg,145,170,6
2019-11-19_10-12-28_i=72431_id=6586_cn=1574158340771068000_thr=997_descr_Out_.jpg,226,131,2
2019-11-19_10-12-30_i=72432_id=6587_cn=1574158365653378000_thr=996_descr_Sgl_.jpg,62,23,4
2019-11-19_10-13-52_i=73166_id=6636_cn=1574158426606279000_thr=758_descr_Out_.jpg,74,138,6
2019-11-19_10-18-37_i=74927_id=6971_cn=1574158713287898000_thr=969_descr_Out@bord_.jpg,228,103,8
2019-11-19_10-24-30_i=77976_id=7269_cn=1574159062724691000_thr=976_descr__.jpg,26,99,5
2019-11-19_10-24-41_i=78001_id=7304_cn=1574159062724691000_thr=726_descr_Out_looks_different.jpg,242,46,5
2019-11-19_10-32-04_i=82541_id=7576_cn=1574159533646132000_thr=992_descr_In_crossing.jpg,21,255,5
2019-11-19_10-32-06_i=82560_id=7594_cn=1574159533646132000_thr=656_descr_Out_.jpg,181,23,5
2019-11-19_10-32-11_i=82573_id=7596_cn=-7596_thr=601_descr__crossing.jpg,232,240,5
2019-11-19_10-35-13_i=83976_id=7760_cn=1574159724591773000_thr=798_descr_In_.jpg,7,117,6
2019-11-19_10-36-48_i=84228_id=8036_cn=1574159827366249000_thr=762_descr_Sg@bord_looks_different.jpg,107,100,6
2019-11-19_10-46-51_i=90533_id=8281_cn=1574160424311709000_thr=686_descr_In@bord_.jpg,134,101,8
2019-11-19_10-47-25_i=90607_id=8355_cn=1574160466492071000_thr=751_descr_Sgl_.jpg,88,94,8
2019-11-19_11-10-44_i=108652_id=8633_cn=1574161859306845000_thr=829_descr__crossing.jpg,108,81,4
2019-11-19_11-10-44_i=108659_id=8635_cn=1574161864353626000_thr=527_descr_In_crossing.jpg,13,253,4
2019-11-19_11-18-14_i=112757_id=8866_cn=1574162305013684000_thr=871_descr__looks_different.jpg,234,131,2
2019-11-19_11-18-43_i=112813_id=8947_cn=1574162331700762000_thr=811_descr__looks_different.jpg,127,47,0
2019-11-19_11-19-39_i=112921_id=9037_cn=1574162391969119000_thr=528_descr_In_looks_different.jpg,130,5,0
2019-11-19_11-20-29_i=113168_id=9294_cn=1574162454675234000_thr=705_descr__.jpg,200,157,7
2019-11-19_11-20-48_i=113193_id=9301_cn=1574162473766817000_thr=736_descr_In_looks_different.jpg,249,113,6
2019-11-19_11-21-38_i=113257_id=9420_cn=1574162530566802000_thr=874_descr_Sgl_looks_different.jpg,253,131,6
2019-11-19_11-25-28_i=113585_id=9880_cn=1574162745827202000_thr=971_descr_Sgl_.jpg,208,88,1
2019-11-19_11-31-06_i=114216_id=10630_cn=1574163089011856000_thr=779_descr_Sg@bord_.jpg,25,172,6
2019-11-19_11-31-07_i=114223_id=10634_cn=1574163099765428000_thr=709_descr_In_different_place.jpg,87,124,6
2019-11-19_11-31-07_i=114226_id=10637_cn=1574163105022888000_thr=980_descr_In_different_place.jpg,12,160,6
2019-11-19_11-31-08_i=114235_id=10666_cn=1574163105023275000_thr=941_descr__.jpg,142,139,6
2019-11-19_11-31-08_i=114235_id=10667_cn=1574163099765428000_thr=881_descr_Out_.jpg,113,136,6
2019-11-19_11-32-03_i=114274_id=10750_cn=1574163177089484000_thr=799_descr__.jpg,224,115,4
2019-11-19_11-32-10_i=114278_id=10760_cn=1574163177089484000_thr=676_descr_Out_.jpg,242,116,4
2019-11-19_11-32-10_i=114279_id=10763_cn=1574163190692930000_thr=700_descr_Out_.jpg,28,139,4
2019-11-19_11-32-43_i=114297_id=10798_cn=1574163219275480000_thr=766_descr_Out@bord_.jpg,60,96,6
2019-11-19_11-32-50_i=114301_id=10804_cn=1574163233813085000_thr=825_descr_Sgl_.jpg,1,133,4
2019-11-19_11-32-57_i=114304_id=10807_cn=1574163233975887000_thr=963_descr_Sgl_.jpg,96,169,4
2019-11-19_11-32-57_i=114305_id=10812_cn=-10812_thr=535_descr__looks_different.jpg,25,131,4
2019-11-19_11-34-19_i=114351_id=10864_cn=1574163233976000000_thr=973_descr__.jpg,172,103,6
2019-11-19_11-36-43_i=114414_id=10950_cn=1574163483728086000_thr=988_descr_In_crossing.jpg,178,240,4
2019-11-19_11-37-01_i=114422_id=10965_cn=1574163483728086000_thr=991_descr_Out_looks_different.jpg,181,246,6
2019-11-19_11-37-19_i=114428_id=10975_cn=1574163511669629000_thr=775_descr_Sgl_different_place.jpg,83,146,6
2019-11-19_11-37-46_i=114441_id=10988_cn=1574163552182566000_thr=960_descr_Sgl_crossing.jpg,14,132,4
2019-11-19_11-38-41_i=114464_id=11008_cn=1574163597396479000_thr=861_descr__looks_different.jpg,41,156,6
2019-11-19_11-39-01_i=114472_id=11027_cn=1574163633556130000_thr=866_descr_In_looks_different.jpg,106,185,4
2019-11-19_11-39-45_i=114490_id=11045_cn=1574163633556130000_thr=934_descr__.jpg,116,134,4
2019-11-19_11-40-33_i=114504_id=11074_cn=1574163633556130000_thr=554_descr_Out_.jpg,119,154,4
2019-11-19_11-40-58_i=114512_id=11082_cn=1574163698274443000_thr=803_descr_Out_.jpg,62,146,3
2019-11-19_11-40-58_i=114513_id=11083_cn=1574163780416953000_thr=912_descr_Sgl_looks_different.jpg,71,143,4
2019-11-19_11-41-11_i=114516_id=11087_cn=1574163780547795000_thr=916_descr_Out_.jpg,54,149,4
2019-11-19_11-41-11_i=114517_id=11089_cn=1574163793858736000_thr=726_descr_In_looks_different.jpg,97,225,4
2019-11-19_11-41-25_i=114521_id=11093_cn=1574163807417482000_thr=962_descr_In_crossing.jpg,128,138,6
2019-11-19_11-41-38_i=114525_id=11100_cn=1574163807447027000_thr=984_descr__different_place.jpg,50,146,6
2019-11-19_11-41-38_i=114526_id=11102_cn=1574163807447027000_thr=960_descr__.jpg,64,146,6
2019-11-19_11-43-58_i=114566_id=11177_cn=1574163987655991000_thr=704_descr_In_.jpg,21,138,4
2019-11-19_11-43-58_i=114566_id=11179_cn=-11179_thr=621_descr__.jpg,82,162,4
2019-11-19_11-44-14_i=114569_id=11186_cn=1574163987655991000_thr=667_descr_Out_.jpg,28,143,4
2019-11-19_11-45-37_i=114589_id=11234_cn=1574164004172167000_thr=566_descr__looks_different.jpg,58,156,4
2019-11-19_11-49-48_i=1272_id=41_cn=1574164190396673000_thr=606_descr_In@bord_looks_different.jpg,119,169,6
2019-11-19_11-51-28_i=2759_id=132_cn=1574164289776309000_thr=965_descr_Sgl_looks_different.jpg,95,162,6
2019-11-19_11-51-28_i=2760_id=134_cn=1574164289939697000_thr=988_descr_Sgl_.jpg,184,218,6
2019-11-19_12-12-10_i=21389_id=918_cn=1574165531058818000_thr=996_descr__.jpg,214,149,0
2019-11-19_12-12-10_i=21395_id=939_cn=1574165531058818000_thr=978_descr__.jpg,193,207,0
2019-11-19_12-12-13_i=21431_id=1052_cn=1574165532586605000_thr=998_descr__.jpg,56,134,6
2019-11-19_12-12-13_i=21434_id=1062_cn=1574165531058818000_thr=997_descr_Out@bord_.jpg,192,134,0
2019-11-19_12-12-13_i=21434_id=1064_cn=1574165528208881000_thr=967_descr__.jpg,116,162,6
2019-11-19_12-12-15_i=21447_id=1089_cn=1574165538055236000_thr=949_descr_In_looks_different.jpg,58,150,6
2019-11-19_12-13-48_i=22853_id=1485_cn=1574165612782220000_thr=539_descr_Out_.jpg,4,133,4
2019-11-19_12-14-31_i=23502_id=1634_cn=1574165661646671000_thr=567_descr__crossing.jpg,3,254,4
2019-11-19_12-14-32_i=23517_id=1645_cn=-1645_thr=549_descr__crossing.jpg,92,253,4
2019-11-19_12-14-32_i=23523_id=1647_cn=1574165673861963000_thr=893_descr__crossing.jpg,222,217,4
2019-11-19_12-15-34_i=24453_id=1812_cn=1574165729515937000_thr=916_descr__.jpg,65,171,4
2019-11-19_12-21-27_i=29752_id=2349_cn=1574166081921992000_thr=622_descr_Out_.jpg,51,136,4
2019-11-19_12-21-29_i=29775_id=2350_cn=1574166091181176000_thr=510_descr_In_looks_different.jpg,12,114,4
2019-11-19_12-21-40_i=29934_id=2490_cn=1574166103349109000_thr=764_descr_Sgl_looks_different.jpg,200,11,4
2019-11-19_12-21-41_i=29943_id=2499_cn=1574166104159377000_thr=764_descr_Sgl_looks_different.jpg,157,12,4
2019-11-19_12-21-51_i=30042_id=2776_cn=1574166104268598000_thr=999_descr__.jpg,107,202,4
2019-11-19_12-21-54_i=30075_id=2868_cn=1574166104268598000_thr=542_descr__looks_different.jpg,104,159,4
2019-11-19_12-21-55_i=30084_id=2889_cn=1574166104268598000_thr=583_descr__.jpg,72,169,4
2019-11-19_12-22-14_i=30264_id=3183_cn=1574166138230769000_thr=539_descr_In_looks_different.jpg,187,95,6
2019-11-19_12-31-32_i=38510_id=3916_cn=1574166695660717000_thr=546_descr_In_looks_different.jpg,220,103,6
2019-11-19_12-33-32_i=40429_id=3978_cn=-3978_thr=521_descr__looks_different.jpg,9,118,6
2019-11-19_12-33-42_i=40508_id=4116_cn=1574166816289740000_thr=866_descr__looks_different.jpg,94,157,6
2019-11-19_12-34-08_i=40703_id=4368_cn=1574166852866810000_thr=538_descr_In_.jpg,28,130,6
2019-11-19_12-34-14_i=40745_id=4453_cn=1574166859514447000_thr=502_descr_In_.jpg,247,117,6
2019-11-19_12-34-35_i=40990_id=4525_cn=1574166880106655000_thr=676_descr_In@bord_different_place.jpg,74,133,6
2019-11-19_12-34-36_i=40993_id=4528_cn=1574166880106655000_thr=967_descr__.jpg,48,188,6
2019-11-19_12-34-36_i=41000_id=4539_cn=1574166881826400000_thr=739_descr_Out_.jpg,73,220,6
2019-11-19_12-34-38_i=41018_id=4560_cn=1574166880106655000_thr=976_descr__.jpg,181,43,6
2019-11-19_12-34-43_i=41042_id=4602_cn=1574166887018609000_thr=744_descr_Out_.jpg,30,45,6
2019-11-19_12-38-43_i=44134_id=4867_cn=1574167127253201000_thr=982_descr__looks_different.jpg,212,73,6
2019-11-19_12-38-43_i=44134_id=4868_cn=1574167130074309000_thr=912_descr_In@bord_.jpg,111,116,6
2019-11-19_12-38-43_i=44136_id=4871_cn=1574167127253201000_thr=994_descr__.jpg,216,69,6
2019-11-19_12-38-48_i=44162_id=4922_cn=-4922_thr=653_descr__.jpg,63,221,6
2019-11-19_12-39-19_i=44274_id=5086_cn=1574167149557347000_thr=984_descr__.jpg,65,168,6
2019-11-19_12-39-27_i=44297_id=5137_cn=1574167178761810000_thr=996_descr_In_looks_different.jpg,188,42,6
2019-11-19_12-39-27_i=44299_id=5145_cn=1574167178845804000_thr=994_descr_In@bord_.jpg,163,169,6
2019-11-19_12-39-28_i=44301_id=5150_cn=1574167180131749000_thr=723_descr_Sgl_.jpg,0,188,6
2019-11-19_12-39-29_i=44307_id=5157_cn=1574167178845913000_thr=990_descr_Out_.jpg,133,76,6
2019-11-19_12-47-12_i=49411_id=5403_cn=1574167640613554000_thr=761_descr_In_.jpg,241,114,6
2019-11-19_12-48-41_i=49777_id=5557_cn=1574167733787606000_thr=866_descr_In@bord_looks_different.jpg,16,230,8
2019-11-19_12-51-09_i=50234_id=5748_cn=1574167890324551000_thr=925_descr_Sgl_looks_different.jpg,136,36,7
2019-11-19_13-04-23_i=55299_id=6935_cn=1574168676519825000_thr=577_descr_In_.jpg,234,98,6
2019-11-19_13-06-13_i=55646_id=7059_cn=1574168770340594000_thr=827_descr_Out_looks_different.jpg,28,123,6
2019-11-19_13-06-22_i=55658_id=7061_cn=1574168809771067000_thr=626_descr_In_looks_different.jpg,238,109,6
2019-11-19_13-07-24_i=55953_id=7090_cn=1574168863509880000_thr=999_descr_Sg@bord_.jpg,56,121,6
2019-11-19_13-07-55_i=56178_id=7107_cn=1574168900647176000_thr=670_descr_In_crossing.jpg,208,161,4
2019-11-19_13-09-16_i=56283_id=7199_cn=1574168923087108000_thr=745_descr_Out@bord_looks_different.jpg,160,166,6
2019-11-19_13-09-59_i=56334_id=7211_cn=1574169028581420000_thr=728_descr_Sgl_.jpg,141,112,6
2019-11-19_13-10-02_i=56336_id=7215_cn=1574169028686791000_thr=939_descr__.jpg,181,179,6
2019-11-19_13-10-15_i=56352_id=7246_cn=1574169028686791000_thr=931_descr__.jpg,192,177,6
2019-11-19_13-10-50_i=56395_id=7308_cn=1574169082834762000_thr=581_descr_In_looks_different.jpg,218,155,6
2019-11-19_13-11-15_i=56420_id=7353_cn=1574169100990093000_thr=737_descr_Out_.jpg,237,126,6
2019-11-19_13-11-41_i=56449_id=7366_cn=1574169125965970000_thr=996_descr__.jpg,189,225,6
2019-11-19_13-25-52_i=59455_id=7843_cn=1574169973357185000_thr=625_descr_Out_looks_different.jpg,123,115,6
2019-11-19_13-26-00_i=59460_id=7844_cn=1574169994109989000_thr=704_descr_In@bord_looks_different.jpg,187,147,6
2019-11-19_13-28-54_i=59658_id=7985_cn=1574170166809907000_thr=762_descr_Out_.jpg,128,148,6
2019-11-19_13-48-06_i=63310_id=8613_cn=1574171303629972000_thr=745_descr_In@bord_different_place.jpg,183,99,6
2019-11-19_13-54-34_i=64602_id=8843_cn=1574171712192127000_thr=988_descr_Sg@bord_.jpg,212,103,6
2019-11-19_13-56-50_i=64729_id=8971_cn=1574171850366632000_thr=959_descr_Sg@bord_.jpg,157,47,6
2019-11-19_13-58-40_i=64821_id=9221_cn=1574171845917666000_thr=998_descr__.jpg,230,146,6
2019-11-19_13-58-56_i=64833_id=9248_cn=1574171850411274000_thr=926_descr_Out@bord_looks_different.jpg,164,160,6
2019-11-19_14-01-46_i=64985_id=9318_cn=1574172156094843000_thr=632_descr_In@bord_.jpg,91,125,6
2019-11-19_14-09-40_i=65670_id=9566_cn=1574172604196411000_thr=868_descr_Sgl_crossing.jpg,70,195,4
2019-11-19_14-09-40_i=65670_id=9567_cn=1574172604196595000_thr=865_descr_In_.jpg,173,152,4
2019-11-19_14-09-40_i=65674_id=9581_cn=-9581_thr=534_descr__.jpg,245,120,6
2019-11-19_14-09-46_i=65692_id=9643_cn=1574172637063684000_thr=972_descr__.jpg,26,1,6
2019-11-19_14-09-46_i=65692_id=9645_cn=1574172637122221000_thr=704_descr_In_.jpg,32,197,4
2019-11-19_14-10-10_i=65708_id=9682_cn=1574172637122221000_thr=863_descr__crossing.jpg,138,195,4
2019-11-19_14-11-37_i=65753_id=9775_cn=1574172779509487000_thr=992_descr_Sgl_looks_different.jpg,240,235,6
2019-11-19_14-11-55_i=65762_id=9792_cn=-9792_thr=541_descr__looks_different.jpg,192,189,6
2019-11-19_14-14-43_i=65835_id=9915_cn=1574172969318705000_thr=855_descr_Sgl_.jpg,148,157,6
2019-11-19_14-16-59_i=66023_id=10142_cn=1574172969519649000_thr=549_descr_Out_.jpg,67,237,6
2019-11-19_14-20-08_i=1609_id=2409_cn=1574173210866128000_thr=512_descr_In_.jpg,225,104,6
2019-11-19_14-20-09_i=1620_id=2438_cn=1574173210866128000_thr=694_descr__.jpg,235,102,6
2019-11-19_14-22-23_i=3323_id=4402_cn=1574173346264022000_thr=543_descr_Out_looks_different.jpg,67,157,6
2019-11-19_14-28-06_i=7772_id=8612_cn=1574173690540405000_thr=748_descr_Out_.jpg,167,102,6
2019-11-19_14-28-25_i=7952_id=8776_cn=1574173710135776000_thr=695_descr_Out_.jpg,172,104,6
2019-11-19_14-38-18_i=15230_id=15546_cn=-15546_thr=646_descr__.jpg,138,89,6
2019-11-19_14-47-42_i=719_id=1138_cn=1574174863972394000_thr=953_descr_In@bord_looks_different.jpg,135,164,6
2019-11-19_14-47-45_i=757_id=1208_cn=1574174817576734000_thr=608_descr_Out_.jpg,246,107,6
2019-11-19_14-47-48_i=809_id=1286_cn=1574174870963149000_thr=925_descr_In_looks_different.jpg,144,115,6
2019-11-19_14-48-29_i=1411_id=1769_cn=1574174910974173000_thr=758_descr_Out@bord_.jpg,40,50,6
2019-11-19_14-49-15_i=2084_id=2208_cn=1574174958345855000_thr=951_descr_In@bord_.jpg,236,224,6
2019-11-19_14-49-18_i=2116_id=2259_cn=1574174960402876000_thr=636_descr_Out_looks_different.jpg,206,162,6
2019-11-19_14-49-41_i=2416_id=2590_cn=1574174962140599000_thr=968_descr__crossing.jpg,38,18,4
2019-11-19_14-49-52_i=2555_id=2784_cn=1574174962140599000_thr=962_descr__crossing.jpg,47,199,6
2019-11-19_14-49-54_i=2576_id=2820_cn=1574174997710988000_thr=590_descr_In@bord_crossing.jpg,185,113,6
2019-11-19_14-49-59_i=2631_id=2956_cn=1574174993354199000_thr=876_descr__.jpg,27,174,6
2019-11-19_14-53-18_i=5532_id=3476_cn=1574175201117485000_thr=757_descr_Sg@bord_looks_different.jpg,118,170,7
2019-11-19_14-55-49_i=7784_id=3578_cn=1574175352411280000_thr=885_descr_Out@bord_.jpg,147,21,6
2019-11-19_15-05-11_i=15552_id=4724_cn=1574175915110445000_thr=652_descr_In_.jpg,87,127,8
2019-11-19_15-05-12_i=15554_id=4726_cn=1574175915521733000_thr=981_descr_In_looks_different.jpg,107,161,8
2019-11-19_15-05-12_i=15563_id=4735_cn=1574175916647688000_thr=831_descr_Sg@bord_looks_different.jpg,68,143,8
2019-11-19_15-07-18_i=17381_id=4899_cn=1574176041785552000_thr=944_descr_In@bord_looks_different.jpg,89,165,8
2019-11-19_15-07-54_i=17902_id=4953_cn=1574176078305044000_thr=714_descr_Sg@bord_different_place.jpg,104,37,6
2019-11-19_15-07-54_i=17909_id=4967_cn=1574176079530987000_thr=698_descr_In@bord_looks_different.jpg,103,251,6
2019-11-19_15-07-56_i=17923_id=4981_cn=1574176081694108000_thr=802_descr_Sg@bord_looks_different.jpg,112,152,6
2019-11-19_15-08-50_i=18711_id=5039_cn=1574176136299363000_thr=756_descr_In@bord_looks_different.jpg,142,121,8
2019-11-19_15-15-59_i=23461_id=5760_cn=1574176569089401000_thr=527_descr_In_.jpg,157,215,6
2019-11-19_15-16-17_i=23525_id=5866_cn=1574176584933915000_thr=774_descr__.jpg,96,26,6
2019-11-19_15-16-33_i=23574_id=6054_cn=1574176591908882000_thr=995_descr__.jpg,200,212,6
2019-11-19_15-16-33_i=23574_id=6055_cn=1574176584933915000_thr=991_descr__looks_different.jpg,95,236,6
2019-11-19_15-16-49_i=23606_id=6173_cn=1574176584933915000_thr=991_descr__.jpg,237,182,6
2019-11-19_15-17-46_i=23707_id=6460_cn=1574176679016768000_thr=729_descr_Out_.jpg,196,230,6
2019-11-19_15-18-34_i=23769_id=6551_cn=1574176717544701000_thr=821_descr__.jpg,115,153,6
2019-11-19_15-18-41_i=23779_id=6578_cn=1574176717544701000_thr=987_descr__.jpg,65,153,6
2019-11-19_15-22-10_i=23978_id=6694_cn=1574176969734705000_thr=921_descr_Sgl_looks_different.jpg,73,144,6
2019-11-19_15-22-14_i=23982_id=6698_cn=1574176974351062000_thr=707_descr_Sgl_different_place.jpg,3,114,6
2019-11-19_15-23-03_i=24027_id=6744_cn=1574176978792431000_thr=973_descr__.jpg,91,190,4
2019-11-19_15-25-35_i=24157_id=6880_cn=1574177177001122000_thr=694_descr_In_crossing.jpg,83,147,4
2019-11-19_15-38-49_i=370_id=734_cn=1574177930025291000_thr=554_descr_Out@bord_.jpg,67,204,6
2019-11-19_15-42-19_i=3090_id=6210_cn=1574178143424450000_thr=660_descr_Out_.jpg,6,111,6
2019-11-19_17-11-42_i=37889_id=40279_cn=1574183507434015000_thr=662_descr_In_.jpg,62,220,6
2019-11-19_17-13-53_i=39644_id=40347_cn=-40347_thr=526_descr__looks_different.jpg,16,225,6
2019-11-19_17-13-58_i=39667_id=40356_cn=1574183647237486000_thr=852_descr_In_looks_different.jpg,218,175,6
2019-11-19_17-13-59_i=39668_id=40357_cn=1574183647307091000_thr=781_descr_Sgl_.jpg,249,178,6
2019-11-19_17-14-37_i=39826_id=40521_cn=1574183686568650000_thr=539_descr_In_looks_different.jpg,156,155,6
2019-11-19_17-14-45_i=39858_id=40542_cn=1574183695097128000_thr=570_descr_In_.jpg,141,156,6
2019-11-19_17-57-20_i=68136_id=56145_cn=-56145_thr=622_descr__crossing.jpg,156,133,6
2019-11-19_18-04-12_i=72884_id=60948_cn=1574186665197408000_thr=563_descr__crossing.jpg,41,227,6
2019-11-19_19-46-20_i=160067_id=148348_cn=1574192781246983000_thr=521_descr_In@bord_.jpg,214,177,6
2019-11-19_20-37-52_i=204979_id=193345_cn=1574195873878282000_thr=502_descr_Out@bord_.jpg,194,178,6
2019-11-20_03-04-48_i=14_id=28_cn=1574219089032588000_thr=501_descr_Out_.jpg,198,91,6
2019-11-20_07-15-30_i=225262_id=225230_cn=1574234131613781000_thr=752_descr_In@bord_.jpg,80,152,6
2019-11-20_08-04-08_i=268525_id=268917_cn=1574237050119245000_thr=629_descr_Out_looks_different.jpg,230,135,6
2019-11-20_08-16-51_i=279982_id=280489_cn=1574237814270489000_thr=531_descr_Out_.jpg,26,98,6
2019-11-20_08-16-53_i=279998_id=280503_cn=1574237813938883000_thr=932_descr_Out@bord_.jpg,253,225,6
2019-11-20_08-28-32_i=290494_id=291100_cn=1574238516712506000_thr=636_descr_In_crossing.jpg,146,34,0
2019-11-20_08-48-46_i=308015_id=308854_cn=1574239719177973000_thr=977_descr_Out@bord_.jpg,219,167,6
2019-11-20_08-49-07_i=308263_id=309100_cn=1574239752235410000_thr=918_descr__crossing.jpg,31,244,6
2019-11-20_08-49-42_i=308515_id=309408_cn=1574239786144631000_thr=868_descr_Out_.jpg,228,208,0
2019-11-20_09-04-57_i=318134_id=319458_cn=1574240708778989000_thr=586_descr_Out@bord_looks_different.jpg,116,101,6
2019-11-20_09-14-45_i=322961_id=324587_cn=1574241307155049000_thr=555_descr_In_crossing.jpg,62,219,6
2019-11-20_09-21-45_i=325136_id=325295_cn=1574241638927275000_thr=680_descr_Out_.jpg,54,132,6
2019-11-20_09-21-48_i=325142_id=325299_cn=1574241736456127000_thr=643_descr_In_looks_different.jpg,60,136,6
2019-11-20_09-23-13_i=325252_id=325355_cn=1574241809459645000_thr=983_descr_Sgl_.jpg,128,186,0
2019-11-20_09-28-05_i=325713_id=325697_cn=-325697_thr=650_descr__.jpg,100,140,8
2019-11-20_09-28-26_i=325741_id=325747_cn=1574242112884761000_thr=998_descr__.jpg,4,197,8
2019-11-20_09-28-27_i=325743_id=325751_cn=1574242135136980000_thr=984_descr_Sg@bord_.jpg,201,57,8
2019-11-20_09-28-33_i=325750_id=325754_cn=1574242141336570000_thr=793_descr_Sg@bord_.jpg,170,204,6
2019-11-20_09-31-49_i=326674_id=325870_cn=1574242326132379000_thr=792_descr_Sg@bord_looks_different.jpg,108,249,6
2019-11-20_09-31-49_i=326677_id=325873_cn=1574242326241426000_thr=780_descr_Out_.jpg,149,58,6
2019-11-20_09-31-49_i=326678_id=325874_cn=1574242329532713000_thr=866_descr_In_looks_different.jpg,135,44,6
2019-11-20_09-31-53_i=326695_id=325891_cn=1574242329532713000_thr=919_descr_Out_looks_different.jpg,129,33,6
2019-11-20_09-31-56_i=326696_id=325892_cn=1574242343051083000_thr=993_descr_In_looks_different.jpg,132,20,0
2019-11-20_09-31-59_i=326701_id=325900_cn=1574242346460199000_thr=939_descr_Out_.jpg,247,227,6
2019-11-20_09-32-09_i=326714_id=325921_cn=1574242343051083000_thr=909_descr__looks_different.jpg,0,58,0
2019-11-20_09-32-12_i=326718_id=325930_cn=1574242343051083000_thr=992_descr__crossing.jpg,228,18,0
2019-11-20_09-33-17_i=326790_id=326049_cn=1574242343051083000_thr=979_descr__.jpg,92,142,0
2019-11-20_09-34-06_i=326840_id=326100_cn=1574242476720502000_thr=948_descr_Sgl_looks_different.jpg,60,148,0
2019-11-20_09-36-35_i=327604_id=326130_cn=1574242624292734000_thr=513_descr_In@bord_looks_different.jpg,173,147,2
2019-11-20_09-36-57_i=327631_id=326149_cn=1574242624292734000_thr=501_descr_Out@bord_looks_different.jpg,184,213,2
2019-11-20_09-38-59_i=327812_id=326203_cn=1574242758245653000_thr=708_descr_Sg@bord_looks_different.jpg,9,184,6
2019-11-20_09-40-36_i=328086_id=326286_cn=1574242847160981000_thr=570_descr_Out_.jpg,63,248,7
2019-11-20_09-41-12_i=328127_id=326312_cn=1574242904823069000_thr=847_descr_Sgl_.jpg,44,170,6
2019-11-20_09-41-37_i=328154_id=326336_cn=1574242911967406000_thr=914_descr_Out_looks_different.jpg,53,136,7
2019-11-20_09-45-42_i=330041_id=326442_cn=1574243156863783000_thr=628_descr_Out_looks_different.jpg,198,5,6
2019-11-20_09-45-53_i=330052_id=326448_cn=1574243182014928000_thr=663_descr__crossing.jpg,137,217,6
2019-11-20_09-47-09_i=330368_id=326481_cn=1574243251976269000_thr=911_descr__looks_different.jpg,190,161,6
2019-11-20_09-47-10_i=330373_id=326490_cn=-326490_thr=586_descr__looks_different.jpg,145,176,6
2019-11-20_09-47-10_i=330376_id=326494_cn=1574243259577730000_thr=866_descr_Out@bord_looks_different.jpg,172,168,6
2019-11-20_09-47-35_i=330404_id=326526_cn=1574243280045344000_thr=989_descr__looks_different.jpg,203,153,0
2019-11-20_09-47-39_i=330410_id=326533_cn=1574243297110015000_thr=997_descr_In@bord_looks_different.jpg,177,148,0
2019-11-20_09-49-49_i=330919_id=326611_cn=1574243429640168000_thr=857_descr_Sg@bord_looks_different.jpg,15,203,6
2019-11-20_09-53-08_i=331315_id=326698_cn=1574243620778223000_thr=904_descr_In_.jpg,61,145,3
2019-11-20_09-54-15_i=331377_id=326755_cn=1574243620778223000_thr=858_descr_Out_.jpg,95,163,3
2019-11-20_09-54-15_i=331378_id=326756_cn=1574243699857344000_thr=570_descr_In_looks_different.jpg,105,162,3
2019-11-20_09-54-45_i=331403_id=326761_cn=1574243723536297000_thr=515_descr_In_looks_different.jpg,164,189,3
2019-11-20_09-55-14_i=331429_id=326774_cn=1574243756241415000_thr=820_descr_In_.jpg,176,189,3
2019-11-20_09-55-37_i=331449_id=326783_cn=1574243779659592000_thr=580_descr_In_looks_different.jpg,221,235,4
2019-11-20_10-12-34_i=335483_id=327472_cn=1574244805192528000_thr=923_descr_Sgl_.jpg,237,127,6
2019-11-20_10-14-54_i=336531_id=327512_cn=1574244948700566000_thr=819_descr_In_.jpg,219,204,6
2019-11-20_10-15-36_i=336557_id=327566_cn=1574244990929940000_thr=953_descr__looks_different.jpg,19,7,6
2019-11-20_10-15-36_i=336558_id=327570_cn=1574244955245379000_thr=659_descr__crossing.jpg,210,196,6
2019-11-20_10-15-42_i=336562_id=327578_cn=1574244955245379000_thr=842_descr_Out_looks_different.jpg,240,204,6
2019-11-20_10-17-00_i=336604_id=327673_cn=1574245083395263000_thr=948_descr_Sgl_.jpg,66,127,6
2019-11-20_10-22-38_i=337648_id=327742_cn=1574245391165078000_thr=702_descr_In_looks_different.jpg,242,117,6
2019-11-20_10-23-59_i=337706_id=327799_cn=1574245511397244000_thr=590_descr_In_different_place.jpg,255,114,6
2019-11-20_10-31-57_i=338264_id=328076_cn=1574245873483476000_thr=935_descr_Out@bord_.jpg,190,141,7
2019-11-20_10-38-07_i=338563_id=328183_cn=1574246352890597000_thr=596_descr_In_different_place.jpg,31,114,6
2019-11-20_10-38-26_i=338577_id=328201_cn=1574246352890597000_thr=811_descr__.jpg,63,137,6
2019-11-20_10-39-03_i=338594_id=328208_cn=1574246429336114000_thr=878_descr_Sgl_looks_different.jpg,86,139,6
2019-11-20_10-46-29_i=298_id=17_cn=1574246791093005000_thr=701_descr_In@bord_.jpg,171,11,6
2019-11-20_10-54-17_i=7319_id=774_cn=1574247256808519000_thr=811_descr_Out_.jpg,12,143,4
2019-11-20_10-54-17_i=7321_id=776_cn=1574247259433666000_thr=585_descr_Out_.jpg,8,145,4
2019-11-20_10-54-18_i=7334_id=785_cn=1574247259806921000_thr=604_descr_Out_.jpg,20,141,4
2019-11-20_10-54-19_i=7347_id=786_cn=1574247261256954000_thr=708_descr_In_looks_different.jpg,31,144,4
2019-11-20_10-54-29_i=7492_id=899_cn=1574247271287428000_thr=856_descr_In_.jpg,219,150,4
2019-11-20_10-54-30_i=7509_id=915_cn=1574247261256954000_thr=969_descr__crossing.jpg,39,198,4
2019-11-20_10-58-15_i=10891_id=1010_cn=1574247496614544000_thr=542_descr_Out@bord_.jpg,169,168,4
2019-11-20_11-04-20_i=16368_id=2078_cn=1574247863138611000_thr=999_descr_In@bord_looks_different.jpg,183,141,6
2019-11-20_11-04-23_i=16404_id=2131_cn=1574247865936707000_thr=864_descr_In_different_place.jpg,119,237,6
2019-11-20_11-05-47_i=17664_id=2390_cn=1574247948521221000_thr=676_descr_In_.jpg,11,111,6
2019-11-20_11-11-51_i=22882_id=3734_cn=1574248292245509000_thr=975_descr__.jpg,200,167,6
2019-11-20_11-11-53_i=22897_id=3773_cn=1574248292245509000_thr=939_descr__.jpg,178,155,2
2019-11-20_11-12-39_i=23297_id=4153_cn=1574248364498252000_thr=937_descr_Sgl_.jpg,47,133,4
2019-11-20_11-19-29_i=28844_id=4780_cn=1574248775273681000_thr=659_descr_In@bord_.jpg,49,63,6
2019-11-20_11-21-54_i=30537_id=6280_cn=1574248922041681000_thr=614_descr_In_.jpg,18,140,4
2019-11-20_11-21-55_i=30541_id=6284_cn=1574248922041681000_thr=583_descr_Out_.jpg,22,143,4
2019-11-20_11-25-09_i=33187_id=7708_cn=1574249116307064000_thr=560_descr_Out_.jpg,225,119,6
2019-11-20_11-40-47_i=44605_id=15398_cn=1574250060674719000_thr=728_descr_In@bord_looks_different.jpg,7,208,6
2019-11-20_11-40-56_i=44631_id=15419_cn=1574250060674719000_thr=709_descr_Out_looks_different.jpg,0,87,6
2019-11-20_11-47-40_i=48865_id=19585_cn=1574250468714658000_thr=745_descr_Out_.jpg,222,138,6
2019-11-20_11-55-35_i=55416_id=25511_cn=1574250947383459000_thr=722_descr__looks_different.jpg,95,181,4
2019-11-20_11-59-34_i=57251_id=27359_cn=1574251187214705000_thr=571_descr_Out@bord_.jpg,139,123,6
2019-11-20_12-19-27_i=65489_id=32910_cn=1574252417139124000_thr=676_descr_In_looks_different.jpg,207,103,4
2019-11-20_12-19-32_i=65492_id=32913_cn=1574252417139124000_thr=674_descr_Out_.jpg,209,103,4
2019-11-20_12-27-44_i=69609_id=33011_cn=1574252888553012000_thr=775_descr_In_.jpg,139,137,2
2019-11-20_12-34-00_i=69997_id=33227_cn=1574253275659925000_thr=835_descr_Sgl_.jpg,82,10,6
2019-11-20_12-36-54_i=72011_id=33239_cn=1574253440032758000_thr=574_descr_In_.jpg,241,106,6
2019-11-20_12-54-00_i=76316_id=33576_cn=1574254466472623000_thr=952_descr_In_.jpg,33,192,6
2019-11-20_13-05-30_i=77128_id=33855_cn=1574255184910060000_thr=921_descr_In_different_place.jpg,254,122,6
2019-11-20_13-07-15_i=77254_id=33876_cn=1574255263838892000_thr=997_descr_Sgl_crossing.jpg,74,246,7
2019-11-20_13-13-26_i=78235_id=34059_cn=1574255672900503000_thr=974_descr_Sgl_looks_different.jpg,57,145,6
2019-11-20_13-28-25_i=79272_id=34391_cn=1574256549931315000_thr=593_descr_Out_.jpg,46,120,6
2019-11-20_13-32-26_i=79394_id=34524_cn=1574256821226828000_thr=670_descr_In@bord_different_place.jpg,11,166,6
2019-11-20_13-35-09_i=556_id=164_cn=1574256910484207000_thr=728_descr_Out_.jpg,244,117,6
2019-11-20_13-39-47_i=4728_id=731_cn=1574257188978949000_thr=905_descr_In_looks_different.jpg,228,210,6
2019-11-20_13-40-58_i=5794_id=996_cn=1574257259502823000_thr=884_descr_Out_.jpg,197,199,6
2019-11-20_13-47-33_i=11708_id=1611_cn=1574257654708415000_thr=586_descr_In_.jpg,197,179,6
2019-11-20_13-47-40_i=11812_id=1751_cn=1574257654708415000_thr=990_descr__.jpg,180,176,6
2019-11-20_13-47-40_i=11812_id=1753_cn=1574257662965289000_thr=853_descr_In@bord_.jpg,131,113,8
2019-11-20_13-47-41_i=11821_id=1777_cn=1574257654708415000_thr=992_descr__.jpg,170,175,6
2019-11-20_13-47-41_i=11821_id=1778_cn=1574257662965289000_thr=975_descr__looks_different.jpg,90,182,8
2019-11-20_13-47-42_i=11837_id=1825_cn=1574257664024897000_thr=664_descr_Out@bord_looks_different.jpg,30,84,8
2019-11-20_13-47-42_i=11842_id=1838_cn=1574257665787023000_thr=858_descr_In@bord_looks_different.jpg,66,226,8
2019-11-20_13-47-43_i=11852_id=1858_cn=1574257666553045000_thr=665_descr_In@bord_.jpg,102,190,6
2019-11-20_13-47-43_i=11853_id=1859_cn=1574257654708415000_thr=969_descr__.jpg,170,174,6
2019-11-20_13-47-44_i=11865_id=1874_cn=1574257667387948000_thr=780_descr_In_looks_different.jpg,28,81,6
2019-11-20_13-49-44_i=13567_id=3570_cn=1574257786190173000_thr=750_descr_Sg@bord_.jpg,194,104,6
2019-11-20_14-01-34_i=24316_id=4685_cn=1574258494644179000_thr=978_descr__looks_different.jpg,103,45,6
2019-11-20_14-01-37_i=24360_id=4729_cn=1574258494644179000_thr=546_descr_Out_.jpg,246,218,6
2019-11-20_14-01-50_i=24536_id=4936_cn=1574258511071015000_thr=922_descr__.jpg,75,168,6
2019-11-20_14-01-57_i=24629_id=5015_cn=1574258519614327000_thr=534_descr_In_looks_different.jpg,66,127,6
2019-11-20_14-02-01_i=24692_id=5096_cn=1574258517787246000_thr=540_descr_Out_.jpg,97,132,6
2019-11-20_14-10-23_i=32263_id=6646_cn=1574259025694359000_thr=996_descr_Sgl_.jpg,241,106,4
2019-11-20_14-11-07_i=32930_id=6738_cn=1574259069477040000_thr=581_descr_In_crossing.jpg,214,17,4
2019-11-20_14-11-15_i=33044_id=6827_cn=1574259069477040000_thr=500_descr_Out_looks_different.jpg,66,120,4
2019-11-20_14-11-21_i=33137_id=6848_cn=1574259083481650000_thr=505_descr_In_looks_different.jpg,235,105,4
2019-11-20_14-28-52_i=48898_id=7849_cn=1574260133923709000_thr=661_descr_In@bord_looks_different.jpg,89,87,8
2019-11-20_14-31-04_i=50860_id=8169_cn=1574260266725588000_thr=820_descr_Sg@bord_looks_different.jpg,106,8,6
2019-11-20_14-32-47_i=52374_id=8658_cn=-8658_thr=524_descr__.jpg,239,114,6
2019-11-20_14-32-49_i=52402_id=8711_cn=1574260355863765000_thr=950_descr__crossing.jpg,25,17,6
2019-11-20_14-39-38_i=58578_id=9431_cn=1574260781628203000_thr=773_descr_Sgl_.jpg,68,174,6
2019-11-20_14-40-30_i=59366_id=9453_cn=1574260832418254000_thr=713_descr_Out_.jpg,252,25,4
2019-11-20_14-40-31_i=59379_id=9467_cn=1574260832734441000_thr=882_descr_Out_looks_different.jpg,237,122,4
2019-11-20_14-40-31_i=59380_id=9468_cn=1574260833947455000_thr=788_descr_In_looks_different.jpg,202,28,4
2019-11-20_14-40-32_i=59402_id=9485_cn=1574260835811184000_thr=966_descr_Sgl_.jpg,154,187,3
2019-11-20_14-42-43_i=61371_id=9670_cn=1574260965972721000_thr=503_descr_In_different_place.jpg,252,111,4
2019-11-20_14-43-55_i=62426_id=9901_cn=1574261037907130000_thr=663_descr_Out_looks_different.jpg,241,111,4
2019-11-20_14-50-47_i=68620_id=10073_cn=1574261449222369000_thr=922_descr_Out_.jpg,189,80,7
2019-11-20_14-53-31_i=71083_id=10317_cn=1574261614043220000_thr=855_descr_Sg@bord_.jpg,57,13,1
2019-11-20_14-53-31_i=71084_id=10318_cn=1574261614129624000_thr=941_descr_Sgl_looks_different.jpg,26,144,1
2019-11-20_14-53-31_i=71085_id=10319_cn=1574261613165794000_thr=897_descr_Out@bord_looks_different.jpg,237,73,1
2019-11-20_15-09-05_i=85099_id=10880_cn=1574262548556776000_thr=673_descr_In_.jpg,41,130,4
2019-11-20_15-09-10_i=85157_id=10933_cn=1574262553932014000_thr=689_descr_In_.jpg,108,250,4
2019-11-20_15-09-11_i=85162_id=10938_cn=1574262548556776000_thr=873_descr_Out_.jpg,25,206,4
2019-11-20_15-09-14_i=85196_id=10965_cn=1574262553932014000_thr=805_descr__crossing.jpg,35,233,4
2019-11-20_15-09-19_i=85258_id=11023_cn=1574262559309911000_thr=882_descr_Out_looks_different.jpg,215,222,4
2019-11-20_15-10-39_i=86511_id=11032_cn=1574262642192269000_thr=701_descr_Out_.jpg,25,139,6
2019-11-20_15-31-27_i=105163_id=12305_cn=-12305_thr=652_descr__.jpg,138,142,6
2019-11-20_15-41-17_i=113810_id=13143_cn=1574264480003354000_thr=719_descr_Sgl_.jpg,7,196,6
2019-11-20_15-45-34_i=117395_id=14000_cn=1574264738916713000_thr=999_descr_In@bord_looks_different.jpg,237,167,6
2019-11-20_15-45-35_i=117404_id=14013_cn=1574264739919751000_thr=950_descr_In_.jpg,22,221,6
2019-11-20_15-45-36_i=117411_id=14025_cn=1574264740894522000_thr=939_descr_Out@bord_.jpg,5,187,6
2019-11-20_15-45-38_i=117426_id=14056_cn=1574264741955043000_thr=803_descr_Out@bord_.jpg,57,184,6
2019-11-20_15-46-48_i=118497_id=14127_cn=1574264812526061000_thr=941_descr_Out_.jpg,26,219,6
2019-11-20_15-47-13_i=118699_id=14304_cn=1574264838260853000_thr=616_descr_In_.jpg,250,107,6
2019-11-20_15-51-42_i=122547_id=14650_cn=1574265107758327000_thr=869_descr_In@bord_.jpg,248,105,1
2019-11-20_15-51-43_i=122553_id=14662_cn=1574265108797328000_thr=995_descr_In@bord_looks_different.jpg,199,160,1
2019-11-20_15-51-44_i=122557_id=14667_cn=1574265109300078000_thr=995_descr_In@bord_looks_different.jpg,222,54,1
2019-11-20_15-52-13_i=122773_id=14817_cn=1574265138204799000_thr=920_descr_Out_.jpg,186,242,4
2019-11-20_15-52-18_i=122809_id=14842_cn=1574265143862312000_thr=521_descr_In_looks_different.jpg,5,215,4
2019-11-20_15-53-06_i=123482_id=14897_cn=1574265187049025000_thr=985_descr__.jpg,212,55,4
2019-11-20_15-53-09_i=123504_id=14931_cn=1574265187049025000_thr=614_descr__.jpg,132,233,4
2019-11-20_15-53-21_i=123577_id=15057_cn=1574265187049025000_thr=695_descr_Out_.jpg,78,142,6
2019-11-20_15-53-22_i=123582_id=15062_cn=1574265195524962000_thr=770_descr__.jpg,112,137,4
2019-11-20_15-55-51_i=125635_id=15183_cn=1574265354721759000_thr=854_descr__.jpg,26,236,6
2019-11-20_15-55-51_i=125635_id=15184_cn=1574265357009455000_thr=677_descr_In_.jpg,114,8,3
2019-11-20_15-55-52_i=125639_id=15191_cn=1574265357009455000_thr=951_descr__looks_different.jpg,107,43,3
2019-11-20_15-55-52_i=125639_id=15192_cn=-15192_thr=561_descr__crossing.jpg,87,175,6
2019-11-20_15-55-52_i=125644_id=15199_cn=1574265358480162000_thr=963_descr_Sgl_.jpg,5,94,3
2019-11-20_15-55-52_i=125646_id=15203_cn=1574265359263271000_thr=889_descr_In@bord_.jpg,143,141,3
2019-11-20_15-55-54_i=125652_id=15217_cn=-15217_thr=534_descr__.jpg,231,225,3
2019-11-20_15-55-54_i=125657_id=15226_cn=1574265361783078000_thr=736_descr_Sgl_.jpg,103,232,3
2019-11-20_15-55-54_i=125658_id=15228_cn=1574265357009455000_thr=951_descr__looks_different.jpg,178,132,3
2019-11-20_15-55-56_i=125664_id=15241_cn=1574265362786576000_thr=637_descr_In_crossing.jpg,240,175,3
2019-11-20_15-55-57_i=125672_id=15257_cn=1574265364663704000_thr=770_descr_Sgl_crossing.jpg,7,253,0
2019-11-20_15-55-57_i=125674_id=15260_cn=1574265365575481000_thr=975_descr_Sg@bord_crossing.jpg,14,152,3
2019-11-20_15-55-57_i=125675_id=15264_cn=1574265360068790000_thr=861_descr__looks_different.jpg,154,46,0
2019-11-20_15-55-58_i=125676_id=15266_cn=1574265360068790000_thr=930_descr__looks_different.jpg,109,26,0
2019-11-20_15-56-13_i=125737_id=15424_cn=1574265365687123000_thr=998_descr__.jpg,73,239,3
2019-11-20_16-01-07_i=130062_id=15495_cn=1574265677731728000_thr=990_descr_In_looks_different.jpg,63,175,6
2019-11-20_16-01-10_i=130075_id=15514_cn=1574265681398193000_thr=566_descr_In_.jpg,170,178,6
2019-11-20_16-01-12_i=130080_id=15519_cn=1574265682583358000_thr=968_descr_In_looks_different.jpg,220,233,6
2019-11-20_16-01-15_i=130091_id=15539_cn=1574265686145700000_thr=767_descr_Sg@bord_looks_different.jpg,131,113,6
2019-11-20_16-04-45_i=131486_id=15908_cn=1574265892664768000_thr=995_descr_Sgl_.jpg,175,225,4
2019-11-20_16-04-50_i=131514_id=15918_cn=1574265901494049000_thr=752_descr_Sgl_.jpg,16,224,6
2019-11-20_16-07-15_i=132477_id=16238_cn=1574266049507006000_thr=660_descr_In@bord_.jpg,217,153,6
2019-11-20_16-07-36_i=132529_id=16341_cn=1574266073384115000_thr=922_descr_In_looks_different.jpg,130,192,6
2019-11-20_16-07-40_i=132539_id=16373_cn=1574266077758164000_thr=845_descr_In_looks_different.jpg,134,40,6
2019-11-20_16-07-42_i=132543_id=16386_cn=1574266079842073000_thr=773_descr_Sgl_looks_different.jpg,130,89,6
2019-11-20_16-07-43_i=132545_id=16392_cn=1574266082147160000_thr=827_descr_Sg@bord_looks_different.jpg,118,161,6
2019-11-20_16-07-55_i=132568_id=16449_cn=1574266093950171000_thr=878_descr_In_.jpg,54,195,6
2019-11-20_16-08-09_i=132593_id=16485_cn=-16485_thr=590_descr__looks_different.jpg,74,12,7
2019-11-20_16-10-39_i=132817_id=16853_cn=1574266230776247000_thr=795_descr_Out_.jpg,17,105,6
2019-11-20_16-11-19_i=132871_id=16943_cn=1574266301883302000_thr=717_descr_Out_.jpg,108,212,4
2019-11-20_16-31-01_i=143467_id=17398_cn=1574267491554969000_thr=848_descr_In@bord_looks_different.jpg,122,233,3
2019-11-20_16-31-08_i=143472_id=17403_cn=1574267495056873000_thr=722_descr_Sg@bord_looks_different.jpg,21,14,3
2019-11-20_16-31-11_i=143477_id=17408_cn=1574267501707524000_thr=544_descr_In@bord_.jpg,114,2,3
2019-11-20_16-41-57_i=149434_id=17657_cn=1574268086386301000_thr=651_descr_Out_.jpg,196,33,6
2019-11-20_18-21-36_i=194621_id=20102_cn=1574274120042891000_thr=801_descr_Out@bord_.jpg,167,193,6
2019-11-20_19-21-57_i=239627_id=20430_cn=1574277758799648000_thr=588_descr_In@bord_different_place.jpg,42,44,6
2019-11-20_23-30-38_i=449167_id=21132_cn=1574292667160557000_thr=952_descr_In_looks_different.jpg,105,66,6
2019-11-21_01-13-33_i=532025_id=21460_cn=1574298842475962000_thr=539_descr_In@bord_looks_different.jpg,187,78,6
2019-11-21_07-57-35_i=883930_id=21917_cn=1574323096166993000_thr=662_descr_In@bord_.jpg,42,176,6
2019-11-21_08-12-17_i=897015_id=21926_cn=1574323958530675000_thr=611_descr_In@bord_.jpg,16,190,6
2019-11-21_08-29-41_i=910338_id=22035_cn=1574325003094729000_thr=913_descr_In_.jpg,184,124,3
2019-11-21_08-33-54_i=910547_id=22313_cn=1574325141192047000_thr=709_descr_Out_looks_different.jpg,54,214,6
2019-11-21_08-38-27_i=778_id=123_cn=1574325509401009000_thr=977_descr__.jpg,167,58,0
2019-11-21_08-38-28_i=787_id=142_cn=1574325509401009000_thr=737_descr_Out@bord_.jpg,248,114,0
2019-11-21_08-45-37_i=7228_id=408_cn=1574325938735268000_thr=862_descr_Sg@bord_looks_different.jpg,126,99,0
2019-11-21_08-45-38_i=7242_id=416_cn=1574325939561381000_thr=984_descr_In@bord_.jpg,192,118,0
2019-11-21_08-46-38_i=8143_id=566_cn=-566_thr=583_descr__crossing.jpg,63,183,6
2019-11-21_08-55-54_i=16489_id=948_cn=1574326553963350000_thr=968_descr__crossing.jpg,44,4,2
2019-11-21_08-59-28_i=19689_id=1153_cn=1574326767719869000_thr=741_descr__crossing.jpg,14,250,0
2019-11-21_09-00-15_i=20395_id=1210_cn=1574326814198179000_thr=915_descr__.jpg,243,33,7
2019-11-21_09-00-17_i=20434_id=1292_cn=1574326814198179000_thr=990_descr__.jpg,86,187,7
2019-11-21_09-15-40_i=34269_id=2313_cn=1574327742422000000_thr=920_descr_In@bord_.jpg,185,177,0
2019-11-21_09-15-42_i=34302_id=2361_cn=1574327745281621000_thr=964_descr_In@bord_looks_different.jpg,233,143,0
2019-11-21_09-15-42_i=34308_id=2377_cn=1574327742131871000_thr=998_descr__looks_different.jpg,221,87,0
2019-11-21_09-15-42_i=34308_id=2378_cn=1574327745281621000_thr=998_descr__.jpg,158,130,0
2019-11-21_09-15-42_i=34308_id=2379_cn=1574327745620061000_thr=998_descr_Sg@bord_looks_different.jpg,238,245,0
2019-11-21_09-15-43_i=34311_id=2387_cn=1574327745281621000_thr=998_descr__looks_different.jpg,182,72,0
2019-11-21_09-15-43_i=34311_id=2388_cn=1574327742131871000_thr=987_descr_Out_looks_different.jpg,148,112,0
2019-11-21_09-15-43_i=34312_id=2391_cn=1574327745281621000_thr=993_descr__.jpg,243,44,0
2019-11-21_09-15-43_i=34314_id=2400_cn=1574327746357672000_thr=902_descr_In_.jpg,82,78,0
2019-11-21_09-15-43_i=34320_id=2417_cn=1574327746919729000_thr=999_descr_Sg@bord_looks_different.jpg,15,191,0
2019-11-21_09-15-45_i=34343_id=2463_cn=1574327745281621000_thr=999_descr__looks_different.jpg,178,135,0
2019-11-21_09-15-47_i=34361_id=2485_cn=1574327745281621000_thr=948_descr_Out_looks_different.jpg,212,43,0
2019-11-21_09-16-05_i=34635_id=2581_cn=1574327767735536000_thr=982_descr_Sgl_looks_different.jpg,42,38,6
2019-11-21_09-16-05_i=34636_id=2582_cn=1574327767808758000_thr=996_descr_Sgl_looks_different.jpg,45,132,6
2019-11-21_09-16-56_i=35357_id=3256_cn=1574327819000949000_thr=956_descr__crossing.jpg,229,200,6
2019-11-21_09-17-23_i=35664_id=3869_cn=1574327846552802000_thr=896_descr_Sgl_looks_different.jpg,63,23,6
2019-11-21_09-17-44_i=35874_id=4235_cn=-4235_thr=650_descr__looks_different.jpg,112,160,6
2019-11-21_09-17-48_i=35909_id=4275_cn=1574327872704211000_thr=975_descr_Out@bord_looks_different.jpg,184,190,3
2019-11-21_09-17-50_i=35920_id=4293_cn=1574327873185785000_thr=956_descr__looks_different.jpg,245,214,3
2019-11-21_09-17-50_i=35923_id=4303_cn=1574327874868331000_thr=737_descr_Sgl_.jpg,247,164,3
2019-11-21_09-17-51_i=35931_id=4322_cn=1574327875843469000_thr=960_descr_In_.jpg,145,15,3
2019-11-21_09-17-51_i=35931_id=4323_cn=-4323_thr=582_descr__.jpg,58,195,3
2019-11-21_09-17-52_i=35942_id=4346_cn=1574327877401079000_thr=950_descr_Sg@bord_.jpg,229,132,6
2019-11-21_09-21-13_i=38307_id=4951_cn=1574328070562180000_thr=944_descr_Out_looks_different.jpg,67,146,6
2019-11-21_09-22-28_i=39468_id=4990_cn=1574328151879755000_thr=948_descr_Out@bord_looks_different.jpg,75,28,3
2019-11-21_09-24-23_i=40767_id=5355_cn=1574328267414419000_thr=997_descr__looks_different.jpg,33,199,6
2019-11-21_09-24-23_i=40767_id=5356_cn=1574328268034728000_thr=720_descr_Sgl_.jpg,61,170,6
2019-11-21_09-24-24_i=40773_id=5365_cn=1574328267414419000_thr=999_descr__.jpg,54,74,6
2019-11-21_09-26-01_i=41869_id=5651_cn=1574328367796669000_thr=575_descr_In_looks_different.jpg,182,238,3
2019-11-21_09-26-03_i=41877_id=5665_cn=1574328369299474000_thr=960_descr_Sg@bord_looks_different.jpg,237,182,6
2019-11-21_09-26-03_i=41877_id=5666_cn=1574328367796669000_thr=940_descr__looks_different.jpg,207,12,3
2019-11-21_09-26-03_i=41878_id=5670_cn=1574328369343649000_thr=987_descr_In@bord_looks_different.jpg,255,188,3
2019-11-21_09-26-04_i=41889_id=5701_cn=1574328367796669000_thr=998_descr__looks_different.jpg,232,15,3
2019-11-21_09-26-07_i=41903_id=5746_cn=1574328369343649000_thr=775_descr__looks_different.jpg,98,23,3
2019-11-21_09-26-07_i=41903_id=5747_cn=1574328374494519000_thr=677_descr_In@bord_.jpg,27,102,3
2019-11-21_09-26-08_i=41906_id=5755_cn=1574328369343649000_thr=998_descr__.jpg,91,34,3
2019-11-21_09-26-08_i=41906_id=5756_cn=1574328367796669000_thr=974_descr__.jpg,19,10,4
2019-11-21_09-26-08_i=41906_id=5758_cn=1574328375351211000_thr=592_descr_In_looks_different.jpg,70,93,3
2019-11-21_09-26-10_i=41918_id=5802_cn=1574328369343649000_thr=503_descr_Out_.jpg,125,50,3
2019-11-21_09-26-10_i=41920_id=5807_cn=1574328367796669000_thr=941_descr__.jpg,36,54,3
2019-11-21_09-26-10_i=41920_id=5809_cn=1574328375351211000_thr=553_descr__looks_different.jpg,238,146,3
2019-11-21_09-26-11_i=41925_id=5824_cn=1574328367796669000_thr=995_descr__looks_different.jpg,38,62,4
2019-11-21_09-26-11_i=41926_id=5830_cn=1574328367796669000_thr=952_descr__looks_different.jpg,64,52,4
2019-11-21_09-26-12_i=41929_id=5842_cn=-5842_thr=509_descr__crossing.jpg,230,218,3
2019-11-21_09-27-17_i=42731_id=5939_cn=1574328446359480000_thr=806_descr_Sgl_.jpg,193,169,6
2019-11-21_09-27-26_i=42765_id=5989_cn=1574328450399440000_thr=960_descr__.jpg,83,175,6
2019-11-21_09-28-55_i=43894_id=6068_cn=1574328546215487000_thr=796_descr_In@bord_crossing.jpg,89,167,3
2019-11-21_09-28-55_i=43894_id=6069_cn=1574328531248242000_thr=766_descr__looks_different.jpg,237,141,6
2019-11-21_09-29-03_i=43920_id=6134_cn=1574328546215487000_thr=988_descr__.jpg,251,98,6
2019-11-21_09-29-10_i=43943_id=6158_cn=1574328546215487000_thr=980_descr_Out_.jpg,225,195,6
2019-11-21_09-33-39_i=46624_id=6470_cn=1574328822199381000_thr=995_descr__.jpg,171,185,8
2019-11-21_09-35-27_i=47238_id=6696_cn=1574328941229633000_thr=901_descr_Out_.jpg,97,152,6
2019-11-21_09-39-50_i=49613_id=6925_cn=1574329199773743000_thr=995_descr__looks_different.jpg,11,71,6
2019-11-21_09-39-50_i=49613_id=6927_cn=1574329204985130000_thr=579_descr_In@bord_different_place.jpg,232,171,6
2019-11-21_09-39-55_i=49626_id=6965_cn=1574329204985130000_thr=970_descr__.jpg,129,69,6
2019-11-21_09-39-55_i=49627_id=6969_cn=-6969_thr=696_descr__looks_different.jpg,73,47,6
2019-11-21_09-39-56_i=49629_id=6973_cn=1574329204985130000_thr=993_descr__.jpg,171,98,6
2019-11-21_09-39-56_i=49630_id=6977_cn=1574329204985130000_thr=987_descr__.jpg,158,109,6
2019-11-21_09-39-58_i=49634_id=6996_cn=1574329204985130000_thr=892_descr__looks_different.jpg,136,116,6
2019-11-21_09-40-00_i=49639_id=7012_cn=1574329212694362000_thr=994_descr__.jpg,193,172,6
2019-11-21_09-40-01_i=49640_id=7019_cn=1574329217169174000_thr=968_descr_In_.jpg,37,221,6
2019-11-21_09-40-03_i=49647_id=7047_cn=1574329221933559000_thr=871_descr_In_looks_different.jpg,24,216,6
2019-11-21_09-40-07_i=49655_id=7080_cn=1574329187211552000_thr=886_descr__.jpg,149,246,6
2019-11-21_09-40-11_i=49663_id=7100_cn=1574329212694362000_thr=997_descr__.jpg,194,110,6
2019-11-21_09-42-04_i=50097_id=7245_cn=1574329338484520000_thr=693_descr__.jpg,6,114,6
2019-11-21_09-47-27_i=51742_id=7537_cn=1574329606063405000_thr=946_descr_Out@bord_looks_different.jpg,25,183,6
2019-11-21_09-56-28_i=55898_id=7819_cn=1574330209708616000_thr=944_descr_Out@bord_looks_different.jpg,64,0,6
2019-11-21_09-56-33_i=55912_id=7832_cn=1574330226056651000_thr=895_descr_Out@bord_looks_different.jpg,127,232,0
2019-11-21_09-59-01_i=57211_id=7890_cn=1574330329257628000_thr=990_descr__crossing.jpg,223,245,2
2019-11-21_10-09-46_i=59250_id=8349_cn=1574331005192118000_thr=681_descr_In@bord_.jpg,35,162,4
2019-11-21_10-09-46_i=59253_id=8352_cn=1574331005192118000_thr=830_descr_Out_looks_different.jpg,50,250,4
2019-11-21_10-10-00_i=59283_id=8381_cn=1574331009800418000_thr=999_descr__.jpg,100,101,4
2019-11-21_10-10-14_i=59293_id=8401_cn=1574331009800418000_thr=999_descr__looks_different.jpg,123,90,4
2019-11-21_10-10-23_i=59300_id=8424_cn=1574331057523798000_thr=864_descr__.jpg,171,150,4
2019-11-21_10-10-23_i=59301_id=8427_cn=1574331057523798000_thr=861_descr__.jpg,157,162,6
2019-11-21_10-14-53_i=59721_id=8540_cn=1574331324292022000_thr=539_descr_In_looks_different.jpg,235,117,4
2019-11-21_10-14-53_i=59727_id=8546_cn=1574331324292022000_thr=803_descr_Out_.jpg,15,134,4
2019-11-21_10-18-02_i=60181_id=8676_cn=1574331547201500000_thr=997_descr_In_different_place.jpg,30,12,4
2019-11-21_10-20-32_i=61533_id=8678_cn=1574331661308183000_thr=959_descr_In@bord_crossing.jpg,191,156,6
2019-11-21_10-24-22_i=61676_id=8807_cn=1574331922043913000_thr=996_descr_Sgl_.jpg,155,174,1
2019-11-21_10-26-18_i=61784_id=8858_cn=1574331955595794000_thr=988_descr__.jpg,40,151,6
2019-11-21_10-27-30_i=61823_id=8865_cn=1574332083023674000_thr=789_descr_Sgl_.jpg,99,230,1
2019-11-21_10-59-30_i=66865_id=9463_cn=1574333832845838000_thr=973_descr_Out@bord_looks_different.jpg,48,99,5
2019-11-21_11-12-41_i=67373_id=9662_cn=1574334799889341000_thr=533_descr_Out_.jpg,1,113,6
2019-11-21_11-13-59_i=67448_id=9666_cn=1574334878354039000_thr=766_descr_Sg@bord_looks_different.jpg,217,122,5
2019-11-21_11-18-29_i=67921_id=9759_cn=1574335196683917000_thr=543_descr_In@bord_looks_different.jpg,108,110,5
2019-11-21_11-21-01_i=68061_id=9776_cn=1574335301967824000_thr=985_descr_Sgl_different_place.jpg,136,210,5
2019-11-21_11-39-11_i=8254_id=405_cn=1574336352682866000_thr=805_descr_Sg@bord_.jpg,104,37,1
2019-11-21_11-39-11_i=8255_id=406_cn=1574336352809296000_thr=736_descr_Sg@bord_looks_different.jpg,134,68,1
2019-11-21_11-39-11_i=8256_id=407_cn=1574336352875198000_thr=960_descr_Sg@bord_looks_different.jpg,151,119,1
2019-11-21_11-39-12_i=8265_id=413_cn=1574336353478222000_thr=534_descr_In_looks_different.jpg,25,239,1
2019-11-21_11-40-45_i=9667_id=444_cn=1574336446836456000_thr=816_descr_Sg@bord_looks_different.jpg,111,136,6
2019-11-21_11-41-42_i=10516_id=540_cn=1574336498912416000_thr=686_descr__.jpg,60,33,5
2019-11-21_11-41-42_i=10518_id=544_cn=1574336504813646000_thr=896_descr_In@bord_different_place.jpg,50,143,6
2019-11-21_11-41-42_i=10519_id=545_cn=1574336498912416000_thr=988_descr__.jpg,19,199,5
2019-11-21_11-49-05_i=17168_id=1687_cn=1574336940021806000_thr=676_descr_Out@bord_looks_different.jpg,115,163,4
2019-11-21_11-51-01_i=18910_id=1919_cn=1574337061994336000_thr=900_descr_Out_looks_different.jpg,122,63,4
2019-11-21_11-55-42_i=23116_id=2146_cn=1574337343332720000_thr=940_descr_Out_.jpg,246,218,4
2019-11-21_11-58-09_i=25323_id=2506_cn=1574337479225048000_thr=678_descr_Out_.jpg,19,119,6
2019-11-21_11-59-10_i=26246_id=2537_cn=1574337552214509000_thr=874_descr_Sgl_.jpg,99,6,5
2019-11-21_12-05-22_i=31585_id=5329_cn=1574337925145427000_thr=890_descr_In@bord_looks_different.jpg,113,222,0
2019-11-21_12-11-11_i=36818_id=5539_cn=1574338273578293000_thr=683_descr_In_looks_different.jpg,208,2,0
2019-11-21_12-12-49_i=38293_id=5601_cn=1574338372743158000_thr=983_descr_In@bord_different_place.jpg,60,254,4
2019-11-21_12-14-00_i=39271_id=5896_cn=1574338441339123000_thr=556_descr_Out_.jpg,255,113,6
2019-11-21_12-18-32_i=43325_id=6732_cn=1574338714758453000_thr=716_descr_Out_.jpg,167,192,1
2019-11-21_12-19-15_i=43998_id=6779_cn=1574338756124655000_thr=970_descr__crossing.jpg,21,20,7
2019-11-21_12-19-38_i=44283_id=6946_cn=1574338780748933000_thr=581_descr_Out_looks_different.jpg,249,118,6
2019-11-21_12-20-17_i=44871_id=7004_cn=1574338820065414000_thr=915_descr_Sgl_.jpg,23,77,2
2019-11-21_12-21-50_i=46322_id=7088_cn=1574338912642658000_thr=560_descr_In@bord_looks_different.jpg,165,111,7
2019-11-21_12-21-51_i=46333_id=7097_cn=1574338913684861000_thr=721_descr_In_looks_different.jpg,253,115,4
2019-11-21_12-22-05_i=46541_id=7161_cn=1574338926968430000_thr=559_descr_Out@bord_.jpg,168,230,6
2019-11-21_12-24-29_i=48500_id=7877_cn=1574339057643082000_thr=524_descr_Out_looks_different.jpg,166,159,6
2019-11-21_12-25-44_i=49545_id=8131_cn=1574339148093475000_thr=541_descr_In@bord_looks_different.jpg,51,151,7
2019-11-21_12-25-47_i=49573_id=8159_cn=1574339148093475000_thr=756_descr_Out@bord_looks_different.jpg,202,1,7
2019-11-21_12-26-22_i=50106_id=8181_cn=1574339182840988000_thr=535_descr_Out_.jpg,3,136,6
2019-11-21_12-44-41_i=66236_id=9776_cn=1574340280786206000_thr=943_descr_Out_looks_different.jpg,85,55,0
2019-11-21_12-45-11_i=66583_id=9979_cn=1574340301893665000_thr=512_descr__looks_different.jpg,95,161,6
2019-11-21_12-45-12_i=66589_id=9993_cn=1574340301893665000_thr=549_descr_Out_.jpg,123,205,6
2019-11-21_12-53-24_i=73162_id=10639_cn=-10639_thr=561_descr__.jpg,108,148,6
2019-11-21_12-56-33_i=75363_id=10968_cn=1574340999318378000_thr=717_descr_In@bord_crossing.jpg,187,197,6
2019-11-21_12-57-50_i=75996_id=11089_cn=1574341080996220000_thr=607_descr_In_looks_different.jpg,73,131,6
2019-11-21_12-58-02_i=76035_id=11155_cn=1574341080996220000_thr=621_descr_Out_.jpg,100,166,6
2019-11-21_12-58-03_i=76037_id=11158_cn=1574341095944964000_thr=989_descr_Sgl_looks_different.jpg,88,72,6
2019-11-21_13-03-50_i=79939_id=11466_cn=1574341432127709000_thr=962_descr_Out@bord_looks_different.jpg,164,200,0
2019-11-21_13-03-54_i=79946_id=11473_cn=1574341451495350000_thr=867_descr_In@bord_.jpg,184,101,0
2019-11-21_13-03-54_i=79947_id=11474_cn=1574341451495350000_thr=938_descr_Out@bord_.jpg,169,172,0
2019-11-21_13-03-56_i=79951_id=11478_cn=1574341447676543000_thr=932_descr_Out@bord_looks_different.jpg,194,2,0
2019-11-21_13-06-26_i=81679_id=11494_cn=1574341595004064000_thr=627_descr_In@bord_.jpg,154,155,6
2019-11-21_13-10-41_i=84294_id=11619_cn=1574341848487567000_thr=525_descr_Out_.jpg,116,153,6
2019-11-21_13-17-28_i=88791_id=11855_cn=1574342269396152000_thr=995_descr_Out_.jpg,33,209,6
2019-11-21_13-25-38_i=94425_id=11961_cn=1574342752730962000_thr=995_descr_Sgl_.jpg,189,118,1
2019-11-21_13-28-32_i=96787_id=11968_cn=1574342922733511000_thr=921_descr_Out_.jpg,33,233,6
2019-11-21_13-29-50_i=96933_id=12040_cn=-12040_thr=562_descr__.jpg,95,14,6
2019-11-21_13-32-14_i=97355_id=12157_cn=1574343150076023000_thr=989_descr__crossing.jpg,4,162,6
2019-11-21_13-32-15_i=97365_id=12169_cn=-12169_thr=618_descr__.jpg,124,217,6
2019-11-21_13-32-52_i=97421_id=12219_cn=1574343161595613000_thr=948_descr__crossing.jpg,227,51,7
2019-11-21_13-32-55_i=97426_id=12224_cn=1574343161595613000_thr=993_descr__crossing.jpg,213,19,7
2019-11-21_13-39-23_i=97927_id=12689_cn=1574343592830599000_thr=982_descr_Sgl_.jpg,183,23,6
2019-11-21_13-39-45_i=97954_id=12728_cn=1574343614173650000_thr=932_descr__.jpg,108,228,6
2019-11-21_13-39-49_i=97957_id=12738_cn=1574343623488783000_thr=792_descr__.jpg,5,196,5
2019-11-21_13-40-14_i=97983_id=12808_cn=1574343658351307000_thr=963_descr_In_crossing.jpg,252,179,6
2019-11-21_13-40-14_i=97983_id=12809_cn=1574343658351416000_thr=905_descr_In@bord_.jpg,119,62,5
2019-11-21_13-40-18_i=97984_id=12811_cn=1574343658351416000_thr=938_descr_Out_.jpg,121,22,5
2019-11-21_13-40-18_i=97985_id=12816_cn=-12816_thr=598_descr__looks_different.jpg,155,23,5
2019-11-21_13-44-03_i=98201_id=12884_cn=1574343903563896000_thr=952_descr_Sgl_different_place.jpg,209,198,5
2019-11-21_13-44-03_i=98201_id=12886_cn=-12886_thr=541_descr__.jpg,12,147,2
2019-11-21_13-48-29_i=98362_id=12959_cn=-12959_thr=616_descr__crossing.jpg,255,154,7
2019-11-21_13-51-37_i=127_id=53_cn=1574344299876528000_thr=802_descr_Out@bord_looks_different.jpg,129,176,1
2019-11-21_13-51-37_i=128_id=55_cn=1574344299993035000_thr=820_descr_Sgl_looks_different.jpg,149,228,1
2019-11-21_13-51-37_i=131_id=61_cn=1574344300206128000_thr=860_descr_Out@bord_.jpg,109,140,1
2019-11-21_13-51-42_i=188_id=178_cn=1574344299310714000_thr=771_descr__crossing.jpg,1,9,6
2019-11-21_13-52-38_i=1018_id=586_cn=1574344360053744000_thr=711_descr_Sg@bord_.jpg,193,147,1
2019-11-21_13-52-40_i=1049_id=615_cn=1574344360130867000_thr=566_descr_Out_.jpg,157,177,1
2019-11-21_13-52-42_i=1076_id=617_cn=1574344363717104000_thr=807_descr_In_looks_different.jpg,155,165,1
2019-11-21_13-52-43_i=1092_id=626_cn=1574344363717104000_thr=504_descr_Out_.jpg,154,148,1
2019-11-21_13-53-10_i=1488_id=805_cn=1574344391955507000_thr=569_descr_In_looks_different.jpg,175,180,1
2019-11-21_13-53-11_i=1507_id=833_cn=1574344391955507000_thr=585_descr__crossing.jpg,11,221,1
2019-11-21_13-53-12_i=1515_id=840_cn=1574344391955507000_thr=997_descr__crossing.jpg,23,47,1
2019-11-21_13-53-12_i=1521_id=846_cn=1574344391955507000_thr=983_descr__crossing.jpg,52,221,1
2019-11-21_13-53-13_i=1532_id=870_cn=1574344395874666000_thr=999_descr_Out_looks_different.jpg,75,103,1
2019-11-21_13-53-13_i=1535_id=876_cn=1574344396216886000_thr=987_descr_Out_.jpg,36,229,1
2019-11-21_13-53-13_i=1537_id=879_cn=1574344396468600000_thr=569_descr_In_.jpg,14,45,1
2019-11-21_13-53-36_i=1875_id=1069_cn=1574344419068169000_thr=809_descr_Sgl_.jpg,112,173,5
2019-11-21_13-53-42_i=1952_id=1200_cn=1574344421577729000_thr=974_descr__.jpg,180,180,6
2019-11-21_13-53-56_i=2150_id=1359_cn=1574344438752070000_thr=521_descr_In@bord_looks_different.jpg,219,155,5
2019-11-21_13-54-03_i=2243_id=1531_cn=1574344446296236000_thr=736_descr_In@bord_looks_different.jpg,27,68,6
2019-11-21_13-55-03_i=3176_id=1772_cn=1574344504557308000_thr=999_descr__.jpg,245,192,1
2019-11-21_13-55-33_i=3600_id=2094_cn=1574344534818412000_thr=596_descr__looks_different.jpg,90,164,7
2019-11-21_13-55-39_i=3683_id=2204_cn=-2204_thr=510_descr__crossing.jpg,184,100,2
2019-11-21_13-55-42_i=3713_id=2209_cn=-2209_thr=554_descr__crossing.jpg,35,155,6
2019-11-21_13-56-11_i=4147_id=2326_cn=1574344573059243000_thr=697_descr__.jpg,5,140,6
2019-11-21_13-56-29_i=4404_id=2476_cn=1574344592319997000_thr=880_descr_In_looks_different.jpg,71,9,1
2019-11-21_13-57-10_i=4842_id=3052_cn=1574344631255041000_thr=717_descr__.jpg,58,144,6
2019-11-21_13-57-13_i=4859_id=3092_cn=1574344636855538000_thr=967_descr_Sgl_.jpg,215,205,5
2019-11-21_13-57-28_i=5035_id=3166_cn=1574344651772230000_thr=525_descr_In_.jpg,50,157,6
2019-11-21_13-58-29_i=5654_id=3575_cn=1574344712828987000_thr=507_descr_In_looks_different.jpg,226,123,6
2019-11-21_14-01-50_i=8115_id=4264_cn=1574344913691543000_thr=751_descr_In_looks_different.jpg,43,130,6
2019-11-21_14-01-52_i=8140_id=4294_cn=1574344914127177000_thr=529_descr__crossing.jpg,52,208,6
2019-11-21_14-02-50_i=8720_id=4511_cn=1574344974405828000_thr=597_descr_In_looks_different.jpg,49,157,6
2019-11-21_14-03-15_i=8907_id=4671_cn=1574344995713929000_thr=959_descr_Out@bord_.jpg,55,212,6
2019-11-21_14-05-19_i=9992_id=5133_cn=1574345126335717000_thr=574_descr__.jpg,51,211,5
2019-11-21_14-05-42_i=10133_id=5211_cn=1574345147056168000_thr=724_descr_In@bord_crossing.jpg,69,121,5
2019-11-21_14-06-34_i=10478_id=5345_cn=-5345_thr=677_descr__.jpg,72,133,6
2019-11-21_14-09-11_i=11883_id=5645_cn=1574345356504760000_thr=622_descr_In_looks_different.jpg,229,131,7
2019-11-21_14-09-49_i=12347_id=5692_cn=1574345391480008000_thr=987_descr__crossing.jpg,253,6,5
2019-11-21_14-09-51_i=12358_id=5713_cn=1574345391480008000_thr=825_descr__crossing.jpg,252,11,5
2019-11-21_14-11-57_i=13463_id=5958_cn=1574345516534307000_thr=879_descr_Out@bord_.jpg,154,2,5
2019-11-21_14-11-58_i=13464_id=5961_cn=1574345527481113000_thr=864_descr_Sg@bord_different_place.jpg,70,31,5
2019-11-21_14-13-34_i=13806_id=6193_cn=1574345627001543000_thr=649_descr_In_.jpg,36,154,6
2019-11-21_14-14-22_i=13969_id=6275_cn=1574345675439268000_thr=994_descr_Sg@bord_looks_different.jpg,246,210,5
2019-11-21_14-16-27_i=14283_id=6534_cn=1574345803291480000_thr=984_descr_Sgl_.jpg,170,22,5
2019-11-21_14-17-53_i=14493_id=6668_cn=1574345888587655000_thr=801_descr_Sgl_looks_different.jpg,238,207,6
2019-11-21_14-17-53_i=14494_id=6670_cn=1574345888640670000_thr=999_descr_Sgl_.jpg,184,169,2
2019-11-21_14-19-08_i=14746_id=6703_cn=1574345958258338000_thr=997_descr_Sgl_looks_different.jpg,32,164,6
2019-11-21_14-21-35_i=15179_id=6875_cn=1574346119226529000_thr=842_descr_Out_.jpg,215,218,6
2019-11-21_14-21-38_i=15181_id=6878_cn=1574346121776504000_thr=679_descr_In_looks_different.jpg,175,177,6
2019-11-21_14-21-43_i=15190_id=6895_cn=-6895_thr=585_descr__.jpg,225,102,6
2019-11-21_14-38-13_i=16939_id=7519_cn=1574347117387938000_thr=998_descr_In_different_place.jpg,89,67,7
2019-11-21_14-38-13_i=16939_id=7520_cn=-7520_thr=679_descr__.jpg,235,203,7
2019-11-21_14-38-13_i=16940_id=7522_cn=1574347117498492000_thr=620_descr_In_.jpg,237,192,7
2019-11-21_14-42-17_i=17404_id=7662_cn=1574347357109474000_thr=528_descr_Out_.jpg,16,134,6
2019-11-21_14-48-07_i=17901_id=7816_cn=1574347692371251000_thr=784_descr_Out_.jpg,216,114,6
2019-11-21_14-55-41_i=18339_id=8101_cn=1574348188422780000_thr=718_descr_Sgl_looks_different.jpg,70,174,6
2019-11-21_15-00-05_i=18899_id=8198_cn=1574348427184170000_thr=583_descr__.jpg,207,125,6
2019-11-21_15-08-09_i=760_id=379_cn=1574348890883985000_thr=523_descr_In_looks_different.jpg,227,129,6
2019-11-21_15-09-04_i=1595_id=712_cn=-712_thr=648_descr__.jpg,253,147,6
2019-11-21_15-10-02_i=2476_id=818_cn=1574349002803128000_thr=527_descr_Out_.jpg,255,153,6
2019-11-21_15-12-51_i=5012_id=1616_cn=1574349172872661000_thr=868_descr_Out_looks_different.jpg,113,43,6
2019-11-21_15-13-49_i=5885_id=1956_cn=1574349231193722000_thr=616_descr_In_looks_different.jpg,23,152,6
2019-11-21_15-14-44_i=6686_id=2622_cn=1574349268063631000_thr=624_descr_Out@bord_.jpg,247,149,6
2019-11-21_15-15-15_i=7145_id=2940_cn=1574349318982498000_thr=752_descr_Sgl_.jpg,75,141,2
2019-11-21_15-15-19_i=7187_id=3006_cn=1574349322406733000_thr=635_descr_In_crossing.jpg,74,188,2
2019-11-21_15-15-20_i=7200_id=3034_cn=1574349322406733000_thr=621_descr_Out_.jpg,67,174,2
2019-11-21_15-15-32_i=7330_id=3301_cn=1574349323028452000_thr=739_descr_Out@bord_.jpg,189,159,2
2019-11-21_15-15-58_i=7596_id=3651_cn=1574349358376098000_thr=954_descr__.jpg,74,161,2
2019-11-21_15-15-59_i=7603_id=3673_cn=1574349358376098000_thr=789_descr_Out_looks_different.jpg,41,181,2
2019-11-21_15-15-59_i=7604_id=3676_cn=1574349363772565000_thr=807_descr_Sgl_looks_different.jpg,62,186,2
2019-11-21_15-15-59_i=7604_id=3678_cn=-3678_thr=549_descr__.jpg,15,152,2
2019-11-21_15-17-01_i=8028_id=4353_cn=1574349424657545000_thr=963_descr__.jpg,44,144,6
2019-11-21_15-18-57_i=9355_id=4626_cn=1574349541694845000_thr=994_descr__.jpg,237,244,6
2019-11-21_15-19-02_i=9386_id=4686_cn=1574349550857055000_thr=986_descr_In@bord_looks_different.jpg,26,78,6
2019-11-21_15-19-14_i=9435_id=4818_cn=1574349541694845000_thr=821_descr_Out@bord_.jpg,106,204,6
2019-11-21_15-25-52_i=11972_id=5509_cn=-5509_thr=581_descr__.jpg,225,115,2
2019-11-21_15-33-18_i=14598_id=6054_cn=1574350412221929000_thr=569_descr_In_looks_different.jpg,204,124,2
2019-11-21_15-40-20_i=16870_id=6461_cn=1574350786163574000_thr=993_descr_Out_looks_different.jpg,40,230,6
2019-11-21_15-41-13_i=17024_id=6569_cn=1574350886592246000_thr=737_descr__.jpg,234,101,6
2019-11-21_15-42-10_i=17154_id=6717_cn=-6717_thr=505_descr__.jpg,198,119,6
2019-11-21_15-43-26_i=17289_id=6852_cn=1574351029725451000_thr=834_descr_In_.jpg,224,62,6
2019-11-21_15-51-44_i=19224_id=7080_cn=1574351526089847000_thr=723_descr_Sgl_looks_different.jpg,254,131,6
2019-11-21_15-51-44_i=19224_id=7081_cn=-7081_thr=598_descr__.jpg,37,126,4
2019-11-21_16-00-46_i=22025_id=7367_cn=-7367_thr=518_descr__.jpg,171,115,6
2019-11-21_16-19-30_i=24435_id=8605_cn=1574353216081157000_thr=868_descr_Sgl_.jpg,12,121,6
2019-11-21_16-19-35_i=24436_id=8608_cn=1574353216173623000_thr=902_descr_In_.jpg,223,25,3
2019-11-21_16-19-35_i=24437_id=8612_cn=1574353216173623000_thr=961_descr_Out_.jpg,191,48,3
2019-11-21_16-19-36_i=24438_id=8615_cn=1574353221049901000_thr=990_descr_Sgl_.jpg,130,22,3
2019-11-21_16-19-36_i=24438_id=8616_cn=1574353221050031000_thr=636_descr_In_.jpg,91,228,6
2019-11-21_16-19-36_i=24439_id=8619_cn=-8619_thr=583_descr__looks_different.jpg,157,231,3
2019-11-21_16-19-41_i=24442_id=8627_cn=1574353226574046000_thr=937_descr__.jpg,185,213,3
2019-11-21_16-22-37_i=527_id=59_cn=1574353355904495000_thr=990_descr_Out@bord_.jpg,234,188,6
2019-11-21_16-23-01_i=888_id=75_cn=1574353382848874000_thr=963_descr_In_looks_different.jpg,236,224,6
2019-11-21_16-24-20_i=2070_id=248_cn=1574353462176645000_thr=997_descr_In_.jpg,115,151,6
2019-11-21_16-29-10_i=6402_id=1638_cn=1574353743884187000_thr=844_descr__looks_different.jpg,25,118,6
2019-11-21_16-31-32_i=8551_id=2639_cn=1574353894432520000_thr=642_descr_In@bord_looks_different.jpg,81,166,6
2019-11-21_16-31-53_i=8823_id=3146_cn=1574353916672715000_thr=719_descr_In_looks_different.jpg,12,174,4
2019-11-21_16-32-17_i=9076_id=3791_cn=1574353904433372000_thr=564_descr_Out@bord_.jpg,104,232,6
2019-11-21_16-33-11_i=9610_id=4783_cn=1574353990415130000_thr=661_descr__.jpg,132,164,6
2019-11-21_16-40-11_i=16081_id=4906_cn=1574354414130763000_thr=784_descr_In@bord_.jpg,206,4,6
2019-11-21_16-40-15_i=16124_id=4949_cn=1574354414130763000_thr=976_descr_Out@bord_.jpg,174,177,0
2019-11-21_16-42-46_i=18137_id=5477_cn=1574354569335676000_thr=991_descr_Out@bord_looks_different.jpg,181,160,0
2019-11-21_16-42-46_i=18138_id=5478_cn=1574354570116766000_thr=979_descr_In@bord_looks_different.jpg,211,137,0
2019-11-21_16-42-47_i=18146_id=5487_cn=1574354570516464000_thr=994_descr_Out@bord_.jpg,208,164,0
2019-11-21_16-44-20_i=19641_id=5498_cn=1574354663059025000_thr=851_descr_In_crossing.jpg,11,85,6
2019-11-21_16-44-24_i=19694_id=5549_cn=1574354668540206000_thr=945_descr_Sg@bord_looks_different.jpg,99,138,6
2019-11-21_16-44-39_i=19864_id=5591_cn=1574354681971315000_thr=932_descr_Out_.jpg,79,135,6
2019-11-21_16-45-09_i=20207_id=5773_cn=1574354713026011000_thr=982_descr_Sg@bord_looks_different.jpg,134,212,6
2019-11-21_16-45-09_i=20208_id=5775_cn=1574354713127294000_thr=961_descr_In@bord_looks_different.jpg,140,148,6
2019-11-21_16-45-09_i=20210_id=5781_cn=1574354713477201000_thr=990_descr_In@bord_.jpg,178,93,6
2019-11-21_16-45-09_i=20214_id=5792_cn=1574354713477067000_thr=996_descr__looks_different.jpg,205,89,6
2019-11-21_16-45-10_i=20219_id=5809_cn=1574354713477284000_thr=642_descr_Out_looks_different.jpg,75,188,6
2019-11-21_16-45-59_i=20966_id=5839_cn=1574354762760652000_thr=907_descr_Out_.jpg,25,66,6
2019-11-21_16-46-29_i=21316_id=5948_cn=1574354792527327000_thr=994_descr_Out_.jpg,6,84,6
2019-11-21_16-47-32_i=22186_id=5991_cn=1574354856348129000_thr=744_descr_Out_.jpg,36,128,6
2019-11-21_16-48-13_i=22806_id=6028_cn=1574354900013471000_thr=995_descr_Sg@bord_looks_different.jpg,14,50,6
2019-11-21_16-52-01_i=24317_id=7222_cn=1574355130487959000_thr=843_descr_Sgl_.jpg,10,130,6
2019-11-21_16-53-54_i=24756_id=7756_cn=1574355164419002000_thr=912_descr__looks_different.jpg,91,8,6
2019-11-21_17-06-36_i=32970_id=8325_cn=-8325_thr=525_descr__crossing.jpg,44,132,6
2019-11-21_17-23-38_i=46979_id=8513_cn=1574357027048019000_thr=826_descr_Out_.jpg,69,117,6
2019-11-21_17-30-58_i=50844_id=8744_cn=1574357466207172000_thr=810_descr_In@bord_looks_different.jpg,192,164,6
2019-11-21_17-32-04_i=51249_id=8785_cn=1574357531723758000_thr=690_descr_In@bord_crossing.jpg,16,120,6
2019-11-21_17-34-17_i=52062_id=8907_cn=1574357646452260000_thr=515_descr_Out@bord_.jpg,5,98,6
2019-11-21_17-58-34_i=71635_id=9175_cn=1574359121511363000_thr=607_descr_Out@bord_.jpg,74,122,6
2019-11-21_18-04-13_i=76011_id=9295_cn=1574359461264541000_thr=667_descr_In@bord_different_place.jpg,51,104,6
2019-11-21_18-13-42_i=82371_id=9508_cn=1574360031513089000_thr=684_descr_In@bord_looks_different.jpg,52,124,6
2019-11-22_08-25-04_i=827089_id=10985_cn=1574411115490351000_thr=780_descr_Out@bord_.jpg,46,130,6
2019-11-22_08-34-49_i=833302_id=11114_cn=1574411704287826000_thr=764_descr_Out_.jpg,123,151,6
2019-11-22_08-35-20_i=833359_id=11163_cn=1574411725323379000_thr=595_descr__.jpg,143,3,6
2019-11-22_08-35-20_i=833359_id=11164_cn=1574411727993149000_thr=507_descr_Out_.jpg,78,147,6
2019-11-22_08-40-46_i=835463_id=11340_cn=1574412071753200000_thr=510_descr_In_.jpg,133,171,6
2019-11-22_08-56-03_i=843401_id=11669_cn=1574412975655775000_thr=933_descr_Out@bord_.jpg,25,219,6
2019-11-22_08-57-32_i=843824_id=11747_cn=1574413040665414000_thr=570_descr_Out_.jpg,215,250,4
2019-11-22_09-09-00_i=846120_id=12309_cn=1574413769553070000_thr=877_descr_In_.jpg,188,5,6
2019-11-22_09-10-06_i=846310_id=12341_cn=-12341_thr=658_descr__.jpg,242,114,2
2019-11-22_09-11-14_i=846386_id=12392_cn=1574413882147437000_thr=994_descr__.jpg,175,192,6
2019-11-22_09-11-33_i=846405_id=12414_cn=1574413882147437000_thr=611_descr_Out_.jpg,221,217,6
2019-11-22_09-12-10_i=846451_id=12419_cn=1574413950915815000_thr=845_descr_In_.jpg,33,137,2
2019-11-22_09-12-10_i=846451_id=12420_cn=1574413946861699000_thr=844_descr__.jpg,114,146,6
2019-11-22_09-12-10_i=846457_id=12431_cn=1574413946861699000_thr=784_descr__.jpg,105,141,6
2019-11-22_09-12-10_i=846457_id=12432_cn=1574413950915815000_thr=539_descr_Out_.jpg,3,121,2
2019-11-22_09-13-19_i=846757_id=12473_cn=1574414013632887000_thr=847_descr_Out@bord_.jpg,172,66,5
2019-11-22_09-14-15_i=847018_id=12476_cn=1574414074363676000_thr=949_descr_In_.jpg,237,240,3
2019-11-22_09-15-25_i=847746_id=12491_cn=1574414158076023000_thr=733_descr_In_.jpg,40,180,5
2019-11-22_09-16-54_i=847830_id=12553_cn=1574414246716660000_thr=579_descr__crossing.jpg,217,240,5
2019-11-22_09-30-57_i=851382_id=13028_cn=1574415019526047000_thr=999_descr_Out_.jpg,225,65,0
2019-11-22_09-46-42_i=855456_id=13445_cn=1574416028591010000_thr=502_descr_In_.jpg,108,0,7
2019-11-22_09-47-18_i=855497_id=13477_cn=1574416028591010000_thr=853_descr__crossing.jpg,202,232,7
2019-11-22_09-47-38_i=855514_id=13487_cn=1574416028591010000_thr=515_descr__crossing.jpg,67,204,7
2019-11-22_09-49-04_i=855582_id=13538_cn=1574416139802011000_thr=573_descr_Out_looks_different.jpg,28,162,7
2019-11-22_09-49-40_i=855610_id=13552_cn=1574416225795563000_thr=636_descr_In_.jpg,130,170,2
2019-11-22_09-49-45_i=855613_id=13558_cn=1574416231143336000_thr=958_descr_In_.jpg,237,66,7
2019-11-22_09-50-00_i=855624_id=13580_cn=1574416231143336000_thr=911_descr__.jpg,232,63,7
2019-11-22_09-50-25_i=855645_id=13617_cn=1574416231143336000_thr=958_descr_Out_.jpg,222,71,7
2019-11-22_09-50-53_i=855666_id=13637_cn=1574416302495905000_thr=970_descr_In_.jpg,127,164,6
2019-11-22_09-50-53_i=855666_id=13639_cn=1574416302503959000_thr=634_descr_In_looks_different.jpg,181,203,6
2019-11-22_09-51-09_i=855676_id=13670_cn=1574416302495905000_thr=662_descr_Out_.jpg,67,143,6
2019-11-22_09-51-09_i=855679_id=13676_cn=1574416302496013000_thr=550_descr_Out_looks_different.jpg,203,254,6
2019-11-22_09-51-25_i=855689_id=13692_cn=1574416308171344000_thr=739_descr_Out_.jpg,156,149,6
2019-11-22_09-52-45_i=855852_id=13717_cn=1574416395086939000_thr=984_descr_In_looks_different.jpg,185,200,5
2019-11-22_09-52-45_i=855854_id=13719_cn=1574416395086939000_thr=899_descr_Out_looks_different.jpg,199,45,5
2019-11-22_10-08-06_i=856962_id=14072_cn=1574417343204919000_thr=999_descr_Sg@bord_looks_different.jpg,158,111,8
2019-11-22_10-13-05_i=857134_id=14244_cn=1574417621201894000_thr=509_descr__looks_different.jpg,209,182,6
2019-11-22_10-13-14_i=857138_id=14249_cn=1574417621201894000_thr=697_descr_Out_looks_different.jpg,217,233,6
2019-11-22_10-21-25_i=1472_id=270_cn=-270_thr=696_descr__.jpg,63,229,6
2019-11-22_10-21-27_i=1486_id=297_cn=1574418085749519000_thr=644_descr_Out_.jpg,207,175,6
2019-11-22_10-21-37_i=1621_id=512_cn=1574418084811555000_thr=623_descr_Out_.jpg,65,133,6
2019-11-22_10-28-41_i=7996_id=1745_cn=1574418524458284000_thr=895_descr__.jpg,91,167,6
2019-11-22_10-28-43_i=8018_id=1775_cn=1574418526508500000_thr=680_descr_In_crossing.jpg,222,227,6
2019-11-22_10-28-48_i=8071_id=1891_cn=1574418526508500000_thr=866_descr_Out@bord_looks_different.jpg,205,48,6
2019-11-22_10-31-05_i=10151_id=2113_cn=1574418660431520000_thr=995_descr__.jpg,85,159,1
2019-11-22_10-31-07_i=10182_id=2155_cn=1574418660431520000_thr=722_descr_Out_.jpg,53,140,6
2019-11-22_10-34-18_i=13046_id=2748_cn=1574418848310155000_thr=830_descr__crossing.jpg,254,225,1
2019-11-22_10-34-19_i=13059_id=2761_cn=1574418848310155000_thr=987_descr__crossing.jpg,42,237,1
2019-11-22_10-34-52_i=13575_id=2794_cn=-2794_thr=606_descr__crossing.jpg,92,154,6
2019-11-22_10-34-52_i=13576_id=2796_cn=-2796_thr=564_descr__looks_different.jpg,135,115,6
2019-11-22_10-35-08_i=13778_id=2940_cn=1574418910922568000_thr=731_descr_Sg@bord_.jpg,215,106,6
2019-11-22_10-36-17_i=14827_id=3096_cn=1574418970538239000_thr=803_descr_Out@bord_.jpg,3,167,7
2019-11-22_10-49-58_i=27153_id=4227_cn=1574419801284231000_thr=820_descr_In@bord_.jpg,170,86,1
2019-11-22_10-50-25_i=27565_id=4261_cn=1574419827231930000_thr=780_descr_Out@bord_.jpg,157,207,6
2019-11-22_10-50-31_i=27642_id=4336_cn=1574419834156014000_thr=789_descr_In@bord_looks_different.jpg,188,231,3
2019-11-22_10-50-34_i=27680_id=4375_cn=1574419834156014000_thr=854_descr_Out@bord_looks_different.jpg,177,193,3
2019-11-22_10-51-35_i=28621_id=4376_cn=1574419897915206000_thr=679_descr_In@bord_different_place.jpg,53,147,6
2019-11-22_10-52-49_i=29721_id=4518_cn=1574419971650166000_thr=984_descr_In@bord_.jpg,153,193,2
2019-11-22_10-52-49_i=29722_id=4519_cn=1574419971650166000_thr=946_descr_Out@bord_.jpg,169,235,2
2019-11-22_10-52-51_i=29749_id=4546_cn=1574419969910696000_thr=981_descr_Out@bord_.jpg,177,162,6
2019-11-22_10-54-27_i=31123_id=4964_cn=1574420068363730000_thr=893_descr__crossing.jpg,5,232,7
2019-11-22_10-54-28_i=31132_id=4972_cn=1574420071394677000_thr=729_descr_Sgl_.jpg,223,120,6
2019-11-22_10-54-28_i=31132_id=4973_cn=1574420068363730000_thr=708_descr__.jpg,238,223,7
2019-11-22_10-54-41_i=31272_id=5065_cn=1574420080485985000_thr=594_descr_Out_looks_different.jpg,220,121,7
2019-11-22_10-54-42_i=31286_id=5066_cn=1574420085405367000_thr=729_descr_In_looks_different.jpg,3,116,7
2019-11-22_10-55-18_i=31834_id=5142_cn=1574420115323165000_thr=982_descr_Out_.jpg,56,71,4
2019-11-22_10-57-29_i=33723_id=5505_cn=1574420252750918000_thr=964_descr_In@bord_looks_different.jpg,113,162,0
2019-11-22_10-57-30_i=33729_id=5511_cn=1574420253594176000_thr=703_descr_Sgl_.jpg,122,122,0
2019-11-22_10-57-30_i=33730_id=5512_cn=1574420253611028000_thr=981_descr_Sgl_looks_different.jpg,122,214,0
2019-11-22_10-57-31_i=33746_id=5528_cn=1574420254482337000_thr=904_descr_Out@bord_.jpg,149,235,0
2019-11-22_10-57-32_i=33752_id=5534_cn=1574420255300295000_thr=897_descr_Out@bord_.jpg,194,102,0
2019-11-22_10-57-32_i=33755_id=5537_cn=1574420256075084000_thr=695_descr_Out@bord_.jpg,221,67,0
2019-11-22_10-58-15_i=34362_id=5620_cn=1574420297750691000_thr=891_descr_In@bord_different_place.jpg,84,152,6
2019-11-22_10-58-40_i=34623_id=5854_cn=1574420313758227000_thr=724_descr_Out_.jpg,83,132,6
2019-11-22_10-59-34_i=35454_id=5885_cn=1574420377268078000_thr=680_descr_In@bord_.jpg,157,172,6
2019-11-22_11-10-54_i=45494_id=6577_cn=1574421058951939000_thr=916_descr_In_looks_different.jpg,167,1,3
2019-11-22_11-11-47_i=46130_id=6762_cn=1574421111278063000_thr=994_descr__crossing.jpg,46,184,6
2019-11-22_11-14-15_i=47828_id=7211_cn=1574421258781302000_thr=973_descr_Sgl_looks_different.jpg,7,99,6
2019-11-22_11-15-04_i=48413_id=7309_cn=1574421302857106000_thr=800_descr_Out@bord_.jpg,44,60,6
2019-11-22_11-15-17_i=48531_id=7367_cn=1574421322894965000_thr=927_descr__.jpg,214,155,1
2019-11-22_11-15-41_i=48686_id=7505_cn=-7505_thr=657_descr__looks_different.jpg,49,7,1
2019-11-22_11-15-50_i=48741_id=7602_cn=1574421348189429000_thr=876_descr__looks_different.jpg,215,35,6
2019-11-22_11-15-58_i=48779_id=7686_cn=1574421348189429000_thr=998_descr_Out_.jpg,240,115,6
2019-11-22_11-15-59_i=48784_id=7693_cn=1574421367192342000_thr=573_descr_In_.jpg,139,250,6
2019-11-22_11-16-40_i=49168_id=7743_cn=1574421404984866000_thr=738_descr_Sgl_.jpg,79,140,6
2019-11-22_11-16-53_i=49237_id=7806_cn=1574421421888228000_thr=966_descr_In_looks_different.jpg,11,108,7
2019-11-22_11-17-21_i=49457_id=7872_cn=-7872_thr=582_descr__.jpg,26,115,6
2019-11-22_11-17-50_i=49570_id=7989_cn=1574421479707504000_thr=915_descr_Sg@bord_different_place.jpg,102,53,6
2019-11-22_11-17-51_i=49572_id=7993_cn=1574421479885770000_thr=772_descr_Sgl_different_place.jpg,69,48,1
2019-11-22_11-17-51_i=49572_id=7994_cn=-7994_thr=617_descr__.jpg,196,223,1
2019-11-22_11-17-51_i=49573_id=7995_cn=1574421479885644000_thr=974_descr_Out@bord_.jpg,200,123,6
2019-11-22_11-19-24_i=49991_id=8228_cn=1574421571279528000_thr=777_descr_Sg@bord_different_place.jpg,111,9,6
2019-11-22_11-25-59_i=53778_id=8416_cn=1574421971704793000_thr=986_descr__looks_different.jpg,213,99,6
2019-11-22_11-26-23_i=53837_id=8477_cn=1574421999162496000_thr=909_descr_In@bord_looks_different.jpg,199,96,6
2019-11-22_11-27-10_i=54160_id=8503_cn=1574422038007685000_thr=984_descr_Out@bord_looks_different.jpg,229,92,6
2019-11-22_11-29-50_i=54876_id=8700_cn=1574422198134867000_thr=982_descr_Out_looks_different.jpg,81,82,7
2019-11-22_11-34-31_i=56473_id=8904_cn=1574422481661363000_thr=989_descr_In@bord_looks_different.jpg,155,181,6
2019-11-22_11-36-32_i=57008_id=9061_cn=1574422600333800000_thr=922_descr__crossing.jpg,22,196,7
2019-11-22_11-36-34_i=57012_id=9063_cn=1574422600333800000_thr=712_descr__crossing.jpg,250,228,7
2019-11-22_11-36-38_i=57020_id=9067_cn=1574422613703108000_thr=771_descr_In_.jpg,97,145,7
2019-11-22_11-36-40_i=57027_id=9071_cn=1574422600333800000_thr=596_descr_Out_looks_different.jpg,10,180,7
2019-11-22_11-48-04_i=60665_id=9572_cn=1574423294640303000_thr=979_descr_Sg@bord_.jpg,7,209,0
2019-11-22_11-48-04_i=60669_id=9574_cn=1574423296920979000_thr=951_descr_In@bord_.jpg,166,234,7
2019-11-22_11-48-14_i=60701_id=9588_cn=1574423312147919000_thr=682_descr_In@bord_crossing.jpg,56,142,6
2019-11-22_11-49-05_i=60833_id=9627_cn=1574423356314554000_thr=510_descr_Out_.jpg,161,207,6
2019-11-22_11-51-59_i=61434_id=9719_cn=1574423535269621000_thr=948_descr__looks_different.jpg,183,68,6
2019-11-22_11-53-35_i=61619_id=9805_cn=1574423628011668000_thr=730_descr_Sg@bord_crossing.jpg,79,160,2
2019-11-22_11-55-24_i=61874_id=9924_cn=1574423749140263000_thr=963_descr_In_different_place.jpg,40,21,6
2019-11-22_12-12-30_i=65171_id=10648_cn=1574424702329335000_thr=540_descr__.jpg,41,126,7
2019-11-22_12-14-51_i=65290_id=10788_cn=-10788_thr=502_descr__crossing.jpg,244,206,0
2019-11-22_12-15-26_i=65316_id=10805_cn=1574424966337020000_thr=993_descr_Sgl_looks_different.jpg,16,189,6
2019-11-22_12-30-20_i=8028_id=958_cn=1574425822108948000_thr=913_descr_In@bord_looks_different.jpg,205,147,6
2019-11-22_12-31-56_i=9462_id=1488_cn=1574425918668977000_thr=988_descr_Out_looks_different.jpg,122,99,6
2019-11-22_12-43-37_i=19975_id=2181_cn=1574426617553589000_thr=963_descr_Out_.jpg,199,254,3
2019-11-22_12-43-38_i=19991_id=2198_cn=1574426615962634000_thr=875_descr__.jpg,133,37,3
2019-11-22_12-45-15_i=21444_id=2384_cn=1574426717867585000_thr=969_descr_Out@bord_looks_different.jpg,224,24,1
2019-11-22_12-45-15_i=21445_id=2386_cn=1574426718110700000_thr=935_descr_In@bord_looks_different.jpg,217,212,1
2019-11-22_12-45-15_i=21446_id=2387_cn=1574426718199962000_thr=998_descr_Sg@bord_.jpg,212,145,1
2019-11-22_12-45-15_i=21447_id=2389_cn=1574426718288686000_thr=978_descr_Sgl_looks_different.jpg,22,109,1
2019-11-22_12-46-06_i=22206_id=2631_cn=1574426768823053000_thr=984_descr_In@bord_looks_different.jpg,177,169,7
2019-11-22_12-52-36_i=28058_id=3777_cn=1574427158342698000_thr=686_descr_In@bord_looks_different.jpg,167,15,6
2019-11-22_12-54-11_i=29467_id=4133_cn=1574427251712980000_thr=533_descr_Out_looks_different.jpg,100,5,6
2019-11-22_12-54-17_i=29560_id=4260_cn=1574427258556546000_thr=761_descr_Out_looks_different.jpg,221,33,6
2019-11-22_12-54-45_i=29986_id=4389_cn=-4389_thr=612_descr__.jpg,142,159,6
2019-11-22_12-56-25_i=31444_id=5047_cn=1574427384555149000_thr=678_descr__crossing.jpg,225,187,6
2019-11-22_12-58-51_i=1432_id=472_cn=1574427529068076000_thr=557_descr_Out_.jpg,194,193,6
2019-11-22_12-58-58_i=1515_id=642_cn=1574427540715731000_thr=689_descr_In@bord_.jpg,96,190,6
2019-11-22_12-59-37_i=2124_id=876_cn=1574427580089123000_thr=955_descr_In@bord_looks_different.jpg,2,182,6
2019-11-22_12-59-41_i=2167_id=986_cn=1574427580089123000_thr=999_descr__looks_different.jpg,235,123,3
2019-11-22_12-59-43_i=2192_id=1034_cn=1574427580909945000_thr=886_descr__looks_different.jpg,49,244,0
2019-11-22_12-59-44_i=2199_id=1046_cn=1574427580909945000_thr=746_descr_Out@bord_looks_different.jpg,126,207,0
2019-11-22_12-59-48_i=2255_id=1102_cn=1574427588865754000_thr=872_descr_Out@bord_looks_different.jpg,8,113,6
2019-11-22_13-01-01_i=3389_id=1121_cn=1574427661275865000_thr=545_descr__crossing.jpg,227,214,4
2019-11-22_13-01-21_i=3676_id=1433_cn=1574427682564338000_thr=734_descr_Out_looks_different.jpg,211,226,3
2019-11-22_13-02-02_i=4281_id=1715_cn=1574427724986741000_thr=998_descr_Sgl_looks_different.jpg,69,31,7
2019-11-22_13-02-02_i=4283_id=1717_cn=1574427725063799000_thr=999_descr_Sgl_looks_different.jpg,51,44,7
2019-11-22_13-02-02_i=4286_id=1721_cn=1574427725383637000_thr=965_descr_In_looks_different.jpg,150,189,7
2019-11-22_13-02-02_i=4289_id=1726_cn=1574427720718253000_thr=956_descr_Out_.jpg,46,185,7
2019-11-22_13-02-21_i=4545_id=1934_cn=1574427744150029000_thr=551_descr_In_looks_different.jpg,127,155,6
2019-11-22_13-02-41_i=4797_id=2251_cn=1574427764448126000_thr=696_descr_Out_looks_different.jpg,136,253,6
2019-11-22_13-02-42_i=4799_id=2255_cn=1574427763376914000_thr=949_descr__looks_different.jpg,217,243,0
2019-11-22_13-02-43_i=4815_id=2295_cn=1574427767366467000_thr=992_descr_Sg@bord_looks_different.jpg,70,209,3
2019-11-22_13-02-44_i=4820_id=2311_cn=1574427766861656000_thr=986_descr__.jpg,29,239,3
2019-11-22_13-02-44_i=4820_id=2313_cn=1574427767856072000_thr=950_descr_Out_.jpg,226,215,6
2019-11-22_13-02-44_i=4821_id=2315_cn=1574427766861656000_thr=974_descr__looks_different.jpg,22,107,3
2019-11-22_13-02-46_i=4838_id=2358_cn=1574427768775401000_thr=998_descr_Out@bord_.jpg,222,70,6
2019-11-22_13-03-03_i=4993_id=2492_cn=1574427785275696000_thr=663_descr_Out_looks_different.jpg,127,154,2
2019-11-22_13-03-47_i=5371_id=2778_cn=1574427832306099000_thr=997_descr_In@bord_looks_different.jpg,132,106,6
2019-11-22_13-04-38_i=5854_id=3000_cn=1574427881479909000_thr=715_descr_Out@bord_.jpg,89,112,6
2019-11-22_13-11-27_i=11384_id=3707_cn=1574428290508896000_thr=951_descr_In@bord_looks_different.jpg,184,25,6
2019-11-22_13-12-31_i=12015_id=3976_cn=1574428356565978000_thr=858_descr_Sgl_.jpg,234,120,6
2019-11-22_13-17-18_i=15901_id=4256_cn=1574428644033837000_thr=573_descr_In@bord_.jpg,68,131,6
2019-11-22_13-22-04_i=20150_id=4336_cn=1574428928002165000_thr=979_descr_Sgl_looks_different.jpg,156,156,3
2019-11-22_13-22-04_i=20154_id=4338_cn=1574428928695591000_thr=790_descr_In_looks_different.jpg,106,242,3
2019-11-22_13-22-04_i=20156_id=4340_cn=1574428928695591000_thr=930_descr_Out_looks_different.jpg,117,1,3
2019-11-22_13-22-38_i=20371_id=4523_cn=1574428929300244000_thr=563_descr_Out_.jpg,15,108,3
2019-11-22_13-22-39_i=20376_id=4524_cn=1574428964896297000_thr=595_descr_In_.jpg,10,106,3
2019-11-22_13-22-43_i=20402_id=4550_cn=1574428964896297000_thr=604_descr_Out_.jpg,6,105,3
2019-11-22_13-22-48_i=20433_id=4559_cn=1574428972819899000_thr=566_descr_Out_looks_different.jpg,155,90,3
2019-11-22_13-34-26_i=30594_id=5060_cn=1574429673299423000_thr=893_descr_Out@bord_.jpg,142,225,6
2019-11-22_13-34-28_i=30601_id=5071_cn=1574429674734643000_thr=998_descr_Sg@bord_.jpg,228,91,1
2019-11-22_13-35-14_i=30976_id=5278_cn=1574429721193394000_thr=792_descr_In@bord_.jpg,221,216,3
2019-11-22_13-35-14_i=30976_id=5279_cn=1574429721193476000_thr=613_descr_In_.jpg,113,121,6
2019-11-22_13-35-14_i=30977_id=5281_cn=1574429721193394000_thr=883_descr__.jpg,254,207,3
2019-11-22_13-35-14_i=30977_id=5283_cn=1574429721193476000_thr=771_descr_Out_.jpg,124,156,6
2019-11-22_13-35-18_i=30998_id=5309_cn=1574429726859516000_thr=767_descr_In@bord_looks_different.jpg,158,132,3
2019-11-22_13-45-49_i=36407_id=6241_cn=1574430360733207000_thr=999_descr_In@bord_looks_different.jpg,209,50,6
2019-11-22_13-45-59_i=36438_id=6291_cn=-6291_thr=553_descr__crossing.jpg,128,151,6
2019-11-22_13-45-59_i=36439_id=6292_cn=1574430371479191000_thr=895_descr_Sg@bord_looks_different.jpg,202,151,6
2019-11-22_13-47-10_i=37194_id=6344_cn=1574430438542646000_thr=985_descr_In_looks_different.jpg,252,218,6
2019-11-22_13-47-27_i=37253_id=6427_cn=1574430438542646000_thr=942_descr_Out_.jpg,136,147,6
2019-11-22_13-52-33_i=39331_id=6790_cn=1574430758528096000_thr=536_descr__.jpg,233,117,6
2019-11-22_13-52-35_i=39333_id=6794_cn=1574430758528096000_thr=600_descr_Out_looks_different.jpg,219,114,6
2019-11-22_13-55-42_i=41347_id=6934_cn=1574430954002236000_thr=924_descr__looks_different.jpg,2,167,6
2019-11-22_13-58-11_i=42050_id=7083_cn=1574431101364328000_thr=914_descr_In_different_place.jpg,13,36,6
2019-11-22_14-05-18_i=44256_id=7567_cn=1574431531657695000_thr=731_descr__.jpg,243,112,6
2019-11-22_14-06-53_i=44535_id=7687_cn=1574431637239370000_thr=981_descr_In_looks_different.jpg,123,12,6
2019-11-22_14-15-43_i=48829_id=8003_cn=1574432154569024000_thr=852_descr__.jpg,226,227,6
2019-11-22_14-18-28_i=49214_id=8282_cn=1574432321570174000_thr=887_descr_In@bord_.jpg,154,99,3
2019-11-22_14-26-36_i=54765_id=8429_cn=1574432812473501000_thr=890_descr_Sgl_.jpg,87,59,6
2019-11-22_14-31-16_i=56117_id=8652_cn=1574433098547223000_thr=921_descr__.jpg,125,178,3
2019-11-22_14-31-19_i=56124_id=8667_cn=1574433098547223000_thr=997_descr__.jpg,142,35,0
2019-11-22_14-31-22_i=56130_id=8679_cn=1574433109137405000_thr=967_descr__.jpg,71,55,3
2019-11-22_14-31-22_i=56131_id=8681_cn=1574433098547223000_thr=999_descr__.jpg,171,76,3
2019-11-22_14-31-22_i=56131_id=8683_cn=1574433112649189000_thr=773_descr_Sgl_.jpg,81,159,3
2019-11-22_14-31-25_i=56133_id=8688_cn=1574433109137405000_thr=990_descr__looks_different.jpg,101,22,3
2019-11-22_14-31-25_i=56133_id=8689_cn=1574433098547223000_thr=969_descr__looks_different.jpg,147,29,3
2019-11-22_14-31-28_i=56136_id=8698_cn=1574433116253050000_thr=995_descr__.jpg,175,207,0
2019-11-22_14-31-28_i=56136_id=8699_cn=1574433109137405000_thr=967_descr_Out_looks_different.jpg,42,243,3
2019-11-22_14-31-28_i=56137_id=8702_cn=1574433119872199000_thr=855_descr_In_.jpg,87,21,3
2019-11-22_14-31-38_i=56151_id=8736_cn=1574433098547223000_thr=980_descr__.jpg,203,18,3
2019-11-22_14-32-19_i=56240_id=8745_cn=1574433155724608000_thr=795_descr_Sg@bord_.jpg,86,223,3
2019-11-22_14-36-52_i=58162_id=8890_cn=1574433448286979000_thr=978_descr_Sg@bord_.jpg,221,145,1
2019-11-22_14-39-45_i=60351_id=8894_cn=1574433603349001000_thr=915_descr_In@bord_.jpg,208,160,1
2019-11-22_14-39-46_i=60365_id=8906_cn=1574433620247954000_thr=895_descr_Sgl_looks_different.jpg,22,23,1
2019-11-22_14-39-47_i=60371_id=8911_cn=1574433624636620000_thr=794_descr_Sgl_.jpg,205,222,1
2019-11-22_14-39-50_i=60375_id=8916_cn=-8916_thr=567_descr__looks_different.jpg,37,34,1
2019-11-22_14-41-02_i=60438_id=9046_cn=1574433711262023000_thr=854_descr_Sgl_.jpg,134,164,6
2019-11-22_14-41-07_i=60441_id=9051_cn=1574433716407686000_thr=987_descr_Sgl_looks_different.jpg,111,174,1
2019-11-22_14-41-07_i=60443_id=9055_cn=1574433716491727000_thr=683_descr_In_looks_different.jpg,133,187,1
2019-11-22_14-50-19_i=62010_id=9323_cn=1574434219074314000_thr=842_descr_Out_.jpg,17,212,6
2019-11-22_14-50-19_i=62010_id=9324_cn=1574434284270092000_thr=615_descr__.jpg,76,220,6
2019-11-22_14-51-45_i=62056_id=9334_cn=1574434342453327000_thr=987_descr_Sgl_looks_different.jpg,205,186,6
2019-11-22_14-51-45_i=62057_id=9335_cn=1574434349765961000_thr=956_descr_In_.jpg,109,155,6
2019-11-22_15-16-14_i=3060_id=294_cn=1574435775664307000_thr=661_descr_In@bord_.jpg,132,166,7
2019-11-22_15-16-14_i=3062_id=296_cn=1574435775664307000_thr=897_descr_Out@bord_looks_different.jpg,82,156,7
2019-11-22_15-16-16_i=3093_id=328_cn=1574435775895246000_thr=995_descr__.jpg,169,21,7
2019-11-22_15-18-39_i=5242_id=606_cn=1574435921168715000_thr=943_descr_In@bord_looks_different.jpg,156,73,6
2019-11-22_15-18-40_i=5249_id=613_cn=1574435921168715000_thr=985_descr_Out_.jpg,169,198,0
2019-11-22_15-18-42_i=5282_id=646_cn=1574435921806159000_thr=995_descr_Out@bord_.jpg,186,166,0
2019-11-22_15-21-14_i=7563_id=668_cn=1574436075924896000_thr=741_descr_In_different_place.jpg,132,63,7
2019-11-22_15-27-16_i=12993_id=1184_cn=1574436438517809000_thr=971_descr_In_looks_different.jpg,135,52,5
2019-11-22_15-27-35_i=13282_id=1289_cn=1574436453523266000_thr=683_descr__.jpg,40,79,5
2019-11-22_15-27-37_i=13306_id=1303_cn=1574436459036117000_thr=609_descr_In_crossing.jpg,204,227,5
2019-11-22_15-27-37_i=13308_id=1305_cn=1574436459036117000_thr=949_descr_Out_looks_different.jpg,187,185,5
2019-11-22_15-29-54_i=15362_id=1438_cn=1574436595745820000_thr=730_descr_Out@bord_looks_different.jpg,26,84,5
2019-11-22_15-29-57_i=15405_id=1483_cn=1574436598883178000_thr=980_descr_In@bord_looks_different.jpg,223,118,5
2019-11-22_15-29-57_i=15407_id=1485_cn=1574436598883178000_thr=673_descr_Out@bord_.jpg,252,88,5
2019-11-22_15-31-08_i=16473_id=1606_cn=1574436664921156000_thr=841_descr__crossing.jpg,230,219,5
2019-11-22_15-39-39_i=24138_id=3735_cn=1574437181109592000_thr=503_descr_In_.jpg,3,191,5
2019-11-22_15-40-29_i=24885_id=3748_cn=1574437229717096000_thr=578_descr_Out@bord_.jpg,81,115,6
2019-11-22_15-41-07_i=25452_id=3962_cn=1574437266905296000_thr=538_descr__crossing.jpg,211,238,5
2019-11-22_15-42-18_i=26517_id=4052_cn=1574437339571000000_thr=584_descr_In_crossing.jpg,98,194,5
2019-11-22_15-42-19_i=26530_id=4063_cn=1574437340459488000_thr=952_descr_In@bord_looks_different.jpg,202,16,5
2019-11-22_15-43-46_i=27848_id=4134_cn=1574437427396834000_thr=825_descr_Out_.jpg,10,34,5
2019-11-22_15-50-08_i=33575_id=4616_cn=1574437809948118000_thr=772_descr_In@bord_.jpg,175,218,5
2019-11-22_15-53-00_i=36155_id=4906_cn=1574437982048676000_thr=594_descr_In_.jpg,164,246,5
2019-11-22_15-53-06_i=36236_id=5035_cn=1574437985732685000_thr=902_descr_Out_.jpg,65,25,6
2019-11-22_15-55-20_i=38248_id=5425_cn=1574438123312573000_thr=995_descr_In_crossing.jpg,42,98,7
2019-11-22_15-57-05_i=39831_id=5501_cn=1574438227274965000_thr=658_descr_In@bord_looks_different.jpg,176,147,5
2019-11-22_15-59-07_i=41651_id=5878_cn=1574438344381062000_thr=586_descr_Out_looks_different.jpg,32,228,6
2019-11-22_15-59-12_i=41738_id=5889_cn=1574438353056763000_thr=798_descr__crossing.jpg,33,194,6
2019-11-22_16-01-49_i=44082_id=6233_cn=-6233_thr=542_descr__.jpg,245,98,6
2019-11-22_16-01-50_i=44091_id=6240_cn=1574438512417776000_thr=559_descr_In_.jpg,158,251,7
2019-11-22_16-01-50_i=44095_id=6248_cn=1574438512417776000_thr=818_descr_Out_.jpg,18,246,7
2019-11-22_16-12-11_i=53386_id=7382_cn=1574439128046116000_thr=997_descr__crossing.jpg,4,72,2
2019-11-22_16-12-16_i=53449_id=7446_cn=1574439128046116000_thr=771_descr__looks_different.jpg,109,2,2
2019-11-22_16-18-58_i=59508_id=8413_cn=1574439540501453000_thr=516_descr_In@bord_.jpg,96,106,6
2019-11-22_16-33-46_i=72850_id=9631_cn=1574440428446717000_thr=621_descr_In@bord_.jpg,236,169,6
2019-11-22_16-36-08_i=74976_id=9824_cn=1574440571259319000_thr=923_descr_In@bord_.jpg,227,150,6
2019-11-22_16-36-45_i=75514_id=10025_cn=1574440591211737000_thr=994_descr__crossing.jpg,47,220,7
2019-11-22_16-36-46_i=75519_id=10030_cn=1574440591211737000_thr=937_descr__crossing.jpg,23,77,7
2019-11-22_16-36-54_i=75627_id=10108_cn=1574440616692826000_thr=568_descr_In_looks_different.jpg,58,15,7
2019-11-22_16-36-56_i=75656_id=10132_cn=1574440618951835000_thr=848_descr_Sg@bord_looks_different.jpg,125,148,6
2019-11-22_16-36-56_i=75659_id=10135_cn=1574440619153541000_thr=809_descr_Out@bord_.jpg,167,38,6
2019-11-22_16-39-55_i=78381_id=10425_cn=1574440798126392000_thr=603_descr_In_looks_different.jpg,56,8,5
2019-11-22_16-39-56_i=78400_id=10444_cn=1574440799671890000_thr=854_descr_Sgl_looks_different.jpg,67,63,5
2019-11-22_16-39-57_i=78411_id=10451_cn=1574440800596641000_thr=909_descr_Sgl_looks_different.jpg,246,73,5
2019-11-22_16-40-03_i=78476_id=10502_cn=1574440806044086000_thr=723_descr_Sgl_looks_different.jpg,221,15,5
2019-11-22_16-41-43_i=79972_id=10765_cn=1574440905779915000_thr=722_descr_Sg@bord_looks_different.jpg,58,135,5
2019-11-22_16-42-14_i=80438_id=10868_cn=1574440936001772000_thr=506_descr_Out_looks_different.jpg,35,113,6
2019-11-22_16-42-30_i=80615_id=10997_cn=1574440952703677000_thr=963_descr_Out@bord_.jpg,219,114,5
2019-11-22_16-42-33_i=80655_id=11036_cn=1574440956544999000_thr=864_descr_In@bord_looks_different.jpg,63,181,5
2019-11-22_16-43-41_i=81709_id=11091_cn=1574441024367602000_thr=812_descr_Out@bord_.jpg,42,143,6
2019-11-22_16-43-42_i=81720_id=11100_cn=1574441024763172000_thr=666_descr_Out@bord_.jpg,10,103,6
2019-11-22_16-43-42_i=81725_id=11104_cn=1574441026059529000_thr=782_descr_In@bord_looks_different.jpg,62,107,6
2019-11-22_16-44-24_i=82360_id=11160_cn=1574441067213395000_thr=781_descr_Sgl_.jpg,17,200,5
2019-11-22_16-44-29_i=82422_id=11203_cn=1574441073230363000_thr=997_descr_In_looks_different.jpg,90,126,5
2019-11-22_16-46-41_i=84471_id=11238_cn=1574441204140332000_thr=920_descr_In_looks_different.jpg,229,15,5
2019-11-22_16-46-41_i=84473_id=11240_cn=1574441204140332000_thr=772_descr_Out_looks_different.jpg,209,233,5
2019-11-22_16-46-42_i=84483_id=11249_cn=1574441205302163000_thr=932_descr_In@bord_looks_different.jpg,222,222,5
2019-11-22_16-47-43_i=85374_id=11314_cn=1574441265968397000_thr=925_descr_Sgl_.jpg,63,101,5
2019-11-22_16-47-43_i=85381_id=11321_cn=1574441266743212000_thr=755_descr_In_looks_different.jpg,66,125,5
2019-11-22_16-47-50_i=85463_id=11393_cn=1574441273796876000_thr=935_descr_Sgl_looks_different.jpg,245,186,6
2019-11-22_16-50-02_i=87478_id=11410_cn=1574441402916208000_thr=604_descr_Out@bord_looks_different.jpg,80,131,6
2019-11-22_16-52-20_i=89523_id=11543_cn=1574441543850439000_thr=974_descr_Sgl_.jpg,50,248,3
2019-11-22_16-52-38_i=89768_id=11602_cn=1574441561041475000_thr=902_descr_Sg@bord_looks_different.jpg,138,116,6
2019-11-22_16-52-39_i=89789_id=11621_cn=1574441563240569000_thr=804_descr_Sg@bord_looks_different.jpg,79,150,6
2019-11-22_16-54-41_i=91516_id=11838_cn=1574441683468899000_thr=648_descr_In_looks_different.jpg,39,150,4
2019-11-22_16-54-42_i=91540_id=11848_cn=1574441685533680000_thr=714_descr_Out_.jpg,57,157,4
2019-11-22_16-54-42_i=91541_id=11849_cn=1574441685188393000_thr=503_descr_Out_looks_different.jpg,47,162,4
2019-11-22_16-54-50_i=91640_id=11894_cn=1574441694124152000_thr=596_descr_In_looks_different.jpg,55,187,2
2019-11-22_16-54-55_i=91693_id=11943_cn=1574441699218752000_thr=563_descr_In_.jpg,137,243,2
2019-11-22_16-54-57_i=91709_id=11959_cn=-11959_thr=681_descr__crossing.jpg,6,19,4
2019-11-22_16-54-57_i=91710_id=11961_cn=1574441700628054000_thr=539_descr_In_.jpg,106,33,4
2019-11-22_16-54-57_i=91713_id=11966_cn=1574441700628054000_thr=978_descr__.jpg,87,70,2
2019-11-22_16-54-58_i=91719_id=11975_cn=1574441700628054000_thr=736_descr_Out_looks_different.jpg,100,57,4
2019-11-22_17-09-59_i=105298_id=12141_cn=1574442602796247000_thr=817_descr_Sgl_different_place.jpg,58,212,6
2019-11-22_18-12-58_i=162004_id=12741_cn=1574446380820237000_thr=800_descr_Out_looks_different.jpg,83,31,3
2019-11-22_18-20-24_i=168692_id=12884_cn=1574446828681184000_thr=829_descr_Sgl_looks_different.jpg,138,55,6
2019-11-22_18-20-37_i=168826_id=12929_cn=1574446839925345000_thr=651_descr_Out_looks_different.jpg,243,40,3
2019-11-23_00-47-45_i=517318_id=13435_cn=1574470067028377000_thr=529_descr_Out@bord_.jpg,63,207,6
2019-11-23_07-52-25_i=899513_id=13580_cn=1574495544621262000_thr=694_descr_Out_looks_different.jpg,101,39,6
2019-11-23_09-09-41_i=969034_id=13951_cn=1574500186706687000_thr=972_descr_Out_.jpg,222,21,3
2019-11-23_09-09-45_i=969057_id=13994_cn=1574500191469595000_thr=924_descr_In_looks_different.jpg,114,178,6
2019-11-23_09-09-45_i=969058_id=13997_cn=1574500191469595000_thr=732_descr_Out@bord_.jpg,105,174,6
2019-11-23_09-24-56_i=982793_id=14020_cn=1574501097695730000_thr=682_descr__crossing.jpg,215,215,7
2019-11-23_09-25-22_i=982926_id=14143_cn=1574501097695730000_thr=918_descr__looks_different.jpg,73,27,7
2019-11-23_09-26-34_i=983669_id=14333_cn=1574501189118143000_thr=998_descr_Out_looks_different.jpg,69,76,6
2019-11-23_09-26-41_i=983696_id=14380_cn=1574501205697492000_thr=994_descr__.jpg,93,98,6
2019-11-23_09-26-42_i=983702_id=14390_cn=1574501212803357000_thr=838_descr_Sgl_looks_different.jpg,243,179,6
2019-11-23_09-27-35_i=984371_id=14415_cn=1574501261767830000_thr=605_descr_Out_looks_different.jpg,185,163,5
2019-11-23_09-27-37_i=984390_id=14425_cn=-14425_thr=523_descr__crossing.jpg,249,23,5
2019-11-23_09-27-52_i=984439_id=14503_cn=1574501283366800000_thr=945_descr__looks_different.jpg,167,24,5
2019-11-23_09-29-35_i=985583_id=14640_cn=1574501375553002000_thr=997_descr__looks_different.jpg,183,145,5
2019-11-23_09-29-38_i=985589_id=14650_cn=1574501375553002000_thr=999_descr__looks_different.jpg,200,123,5
2019-11-23_09-29-38_i=985589_id=14651_cn=1574501392015010000_thr=772_descr_Out_crossing.jpg,227,210,5
2019-11-23_09-29-40_i=985594_id=14656_cn=1574501375553002000_thr=979_descr__.jpg,154,42,5
2019-11-23_09-31-49_i=987287_id=14701_cn=1574501519918255000_thr=621_descr_In_crossing.jpg,211,253,5
2019-11-23_09-34-50_i=989121_id=14910_cn=1574501689015613000_thr=998_descr__looks_different.jpg,135,166,5
2019-11-23_09-38-10_i=991014_id=15048_cn=-15048_thr=522_descr__crossing.jpg,181,155,5
2019-11-23_09-38-10_i=991022_id=15050_cn=1574501903023477000_thr=705_descr_In_looks_different.jpg,244,199,5
2019-11-23_09-38-23_i=991056_id=15082_cn=1574501915494932000_thr=967_descr_Out_.jpg,94,10,5
2019-11-23_09-42-17_i=992764_id=15327_cn=1574502108478174000_thr=573_descr_Out_.jpg,80,228,6
2019-11-23_09-46-58_i=994192_id=15618_cn=1574502433589847000_thr=583_descr_In_looks_different.jpg,216,186,6
2019-11-23_09-47-04_i=994212_id=15639_cn=1574502448409126000_thr=802_descr_Sgl_.jpg,14,133,6
2019-11-23_09-48-40_i=994453_id=15726_cn=1574502543095344000_thr=636_descr_In_.jpg,41,6,5
2019-11-23_09-49-29_i=994516_id=15841_cn=1574502600418838000_thr=656_descr_In_.jpg,255,189,6
2019-11-23_09-51-32_i=994640_id=16084_cn=1574502557932904000_thr=993_descr_Out_.jpg,118,16,6
2019-11-23_09-51-36_i=994645_id=16095_cn=1574502729524609000_thr=951_descr_Out_.jpg,113,9,5
2019-11-23_09-55-56_i=996481_id=16230_cn=1574503000631557000_thr=823_descr_In@bord_looks_different.jpg,237,91,5
2019-11-23_09-57-50_i=996781_id=16295_cn=1574503117297388000_thr=806_descr_In@bord_different_place.jpg,136,131,5
2019-11-23_10-04-12_i=998903_id=16441_cn=1574503486763543000_thr=970_descr_In@bord_looks_different.jpg,126,111,5
2019-11-23_10-05-42_i=998975_id=16558_cn=1574503498527693000_thr=795_descr__crossing.jpg,229,236,5
2019-11-23_10-22-39_i=6055_id=192_cn=-192_thr=605_descr__crossing.jpg,129,150,6
2019-11-23_10-32-04_i=14528_id=573_cn=-573_thr=526_descr__crossing.jpg,199,52,5
2019-11-23_10-32-05_i=14544_id=590_cn=1574505127393799000_thr=710_descr_Sgl_.jpg,26,58,5
2019-11-23_11-30-12_i=66853_id=1216_cn=1574508613947516000_thr=765_descr_Sgl_different_place.jpg,223,228,6
2019-11-23_11-30-12_i=66855_id=1220_cn=1574508614136252000_thr=873_descr_Out_.jpg,237,246,6
2019-11-23_11-30-16_i=66919_id=1229_cn=1574508618182696000_thr=776_descr_In@bord_.jpg,60,83,5
2019-11-23_11-32-47_i=69184_id=1455_cn=-1455_thr=565_descr__crossing.jpg,142,158,5
2019-11-23_11-32-49_i=69210_id=1469_cn=1574508769444139000_thr=779_descr__crossing.jpg,238,63,5
2019-11-23_11-34-56_i=71116_id=1741_cn=1574508897529863000_thr=720_descr_Sg@bord_looks_different.jpg,78,132,5
2019-11-23_11-35-01_i=71188_id=1840_cn=1574508900496638000_thr=975_descr__looks_different.jpg,187,226,5
2019-11-23_11-35-02_i=71204_id=1868_cn=1574508903693727000_thr=848_descr__crossing.jpg,79,232,5
2019-11-23_11-37-28_i=73391_id=1891_cn=1574509048473001000_thr=830_descr_Out_.jpg,47,236,5
2019-11-23_11-54-36_i=88816_id=2381_cn=1574510079001530000_thr=990_descr_In_.jpg,193,141,6
2019-11-23_12-13-14_i=105591_id=2613_cn=1574511196130479000_thr=992_descr_Out@bord_.jpg,199,156,6
2019-11-23_12-40-50_i=130431_id=2781_cn=1574512851679340000_thr=581_descr__looks_different.jpg,5,175,6
2019-11-23_12-42-57_i=132321_id=3140_cn=1574512979675232000_thr=718_descr_Out_.jpg,247,222,4
2019-11-23_12-43-00_i=132360_id=3160_cn=1574512981661683000_thr=613_descr_Out_.jpg,229,231,4
2019-11-23_12-43-06_i=132448_id=3172_cn=1574512988775690000_thr=531_descr_In_looks_different.jpg,237,232,4
2019-11-23_12-43-08_i=132478_id=3188_cn=-3188_thr=574_descr__crossing.jpg,197,2,4
2019-11-23_12-46-43_i=135726_id=3343_cn=1574513204477896000_thr=826_descr_Out_.jpg,11,159,4
2019-11-23_12-49-40_i=138372_id=3606_cn=1574513382392811000_thr=733_descr_Out@bord_looks_different.jpg,63,94,5
2019-11-23_12-50-07_i=138781_id=3683_cn=-3683_thr=509_descr__.jpg,200,236,5
2019-11-23_12-59-07_i=146854_id=4577_cn=1574513950063735000_thr=585_descr_In_.jpg,213,155,6
2019-11-23_12-59-07_i=146861_id=4586_cn=1574513948016895000_thr=980_descr__.jpg,185,36,6
2019-11-23_13-03-31_i=150825_id=5094_cn=1574514205493404000_thr=589_descr_Out@bord_looks_different.jpg,236,159,6
2019-11-23_13-06-16_i=153265_id=5487_cn=1574514380480769000_thr=629_descr_In_looks_different.jpg,246,193,5
2019-11-23_13-06-16_i=153267_id=5490_cn=1574514380480769000_thr=752_descr__.jpg,255,203,5
2019-11-23_13-13-22_i=159293_id=6297_cn=1574514805392095000_thr=919_descr__looks_different.jpg,213,248,5
2019-11-23_13-13-22_i=159295_id=6300_cn=-6300_thr=544_descr__crossing.jpg,221,23,5
2019-11-23_13-19-16_i=164142_id=6753_cn=1574515163650559000_thr=795_descr_In@bord_looks_different.jpg,176,242,3
2019-11-23_13-19-16_i=164144_id=6756_cn=1574515163756323000_thr=911_descr_In@bord_looks_different.jpg,197,63,3
2019-11-23_13-20-35_i=164702_id=6957_cn=-6957_thr=580_descr__.jpg,59,118,5
2019-11-23_13-23-25_i=167086_id=7041_cn=1574515410590986000_thr=508_descr_In@bord_different_place.jpg,96,188,3
2019-11-23_13-23-25_i=167090_id=7045_cn=1574515411528893000_thr=775_descr_Sgl_different_place.jpg,88,24,3
2019-11-23_13-24-05_i=167414_id=7119_cn=1574515450823705000_thr=870_descr_In_looks_different.jpg,132,207,7
2019-11-23_13-24-23_i=167496_id=7239_cn=1574515472210854000_thr=684_descr_In_looks_different.jpg,238,198,5
2019-11-23_13-24-25_i=167506_id=7258_cn=1574515453843678000_thr=697_descr_Out_.jpg,224,119,3
2019-11-23_13-25-44_i=168272_id=7316_cn=1574515549463780000_thr=582_descr_In@bord_.jpg,98,127,5
2019-11-23_13-25-44_i=168273_id=7318_cn=1574515549463780000_thr=708_descr_Out@bord_.jpg,101,146,5
2019-11-23_13-28-01_i=169397_id=7558_cn=1574515692872679000_thr=876_descr_Sgl_looks_different.jpg,249,238,5
2019-11-23_13-28-02_i=169400_id=7562_cn=1574515692935524000_thr=716_descr_Sgl_looks_different.jpg,244,223,5
2019-11-23_13-28-05_i=169411_id=7569_cn=1574515695447788000_thr=713_descr_Out_looks_different.jpg,13,189,6
2019-11-23_13-29-27_i=170319_id=7644_cn=1574515755718604000_thr=907_descr__crossing.jpg,252,3,5
2019-11-23_13-31-58_i=171871_id=7816_cn=1574515930152849000_thr=951_descr_Out_looks_different.jpg,9,193,5
2019-11-23_13-35-03_i=173806_id=7998_cn=1574516113076348000_thr=986_descr_In@bord_looks_different.jpg,201,18,5
2019-11-23_13-37-18_i=175138_id=8134_cn=1574516246087934000_thr=984_descr_Out_.jpg,47,82,5
2019-11-23_13-38-25_i=175748_id=8202_cn=1574516313982750000_thr=608_descr_Out_.jpg,1,134,6
2019-11-23_13-39-52_i=176572_id=8272_cn=1574516399331249000_thr=760_descr_Sg@bord_looks_different.jpg,136,121,5
2019-11-23_13-42-49_i=178073_id=8499_cn=1574516575525982000_thr=836_descr_Sgl_.jpg,35,112,5
2019-11-23_13-42-51_i=178099_id=8518_cn=1574516583793015000_thr=944_descr_Sg@bord_looks_different.jpg,199,213,5
2019-11-23_13-47-56_i=181772_id=8670_cn=1574516866481595000_thr=998_descr__looks_different.jpg,70,246,5
2019-11-23_13-48-04_i=181799_id=8716_cn=1574516866481595000_thr=801_descr_Out@bord_looks_different.jpg,191,174,6
2019-11-23_13-49-23_i=182192_id=8867_cn=1574516968993969000_thr=668_descr_Out_.jpg,163,131,6
2019-11-23_13-51-34_i=183570_id=9004_cn=1574517083536803000_thr=900_descr__.jpg,214,0,3
2019-11-23_13-53-52_i=184824_id=9091_cn=1574517241743355000_thr=934_descr_Out_looks_different.jpg,221,33,5
2019-11-23_13-53-55_i=184842_id=9103_cn=1574517252559566000_thr=980_descr_Out@bord_.jpg,225,35,8
2019-11-23_13-53-57_i=184845_id=9106_cn=1574517254574988000_thr=960_descr_Out@bord_.jpg,193,47,8
2019-11-23_13-54-58_i=185107_id=9186_cn=1574517316851348000_thr=769_descr_In_looks_different.jpg,24,130,6
2019-11-23_13-55-42_i=185191_id=9272_cn=1574517353059303000_thr=759_descr__.jpg,40,129,3
2019-11-23_13-55-48_i=185203_id=9285_cn=1574517353059303000_thr=957_descr__.jpg,32,134,3
2019-11-23_13-55-53_i=185208_id=9296_cn=1574517353059303000_thr=951_descr__looks_different.jpg,29,136,3
2019-11-23_13-55-55_i=185213_id=9305_cn=1574517353059303000_thr=770_descr__.jpg,54,151,3
2019-11-23_13-56-36_i=185470_id=9328_cn=1574517407638343000_thr=998_descr_In_.jpg,107,139,5
2019-11-23_14-02-55_i=189006_id=9547_cn=1574517797485609000_thr=785_descr_Sgl_crossing.jpg,87,247,5
2019-11-23_14-03-00_i=189013_id=9549_cn=1574517802255624000_thr=639_descr_In_looks_different.jpg,217,202,5
2019-11-23_14-15-25_i=197994_id=9709_cn=1574518536021757000_thr=619_descr_In_.jpg,174,161,6
2019-11-23_14-15-25_i=198002_id=9717_cn=1574518536021757000_thr=577_descr_Out_.jpg,164,189,6
2019-11-23_14-15-38_i=198034_id=9742_cn=1574518560195511000_thr=999_descr__.jpg,123,86,6
2019-11-23_14-16-03_i=198071_id=9792_cn=1574518590412777000_thr=979_descr_Sgl_.jpg,126,61,0
2019-11-23_14-16-03_i=198071_id=9794_cn=1574518581212096000_thr=564_descr__looks_different.jpg,240,87,0
2019-11-23_14-16-15_i=198087_id=9832_cn=1574518581212096000_thr=999_descr__looks_different.jpg,216,130,0
2019-11-23_14-16-21_i=198093_id=9849_cn=1574518596980591000_thr=921_descr__.jpg,29,195,3
2019-11-23_14-16-21_i=198093_id=9850_cn=1574518612339571000_thr=867_descr_Sgl_looks_different.jpg,18,170,3
2019-11-23_14-16-23_i=198096_id=9856_cn=1574518581212096000_thr=980_descr_Out_looks_different.jpg,238,100,3
2019-11-23_14-16-23_i=198096_id=9858_cn=-9858_thr=523_descr__looks_different.jpg,47,129,3
2019-11-23_14-19-23_i=199461_id=9915_cn=1574518783659077000_thr=998_descr_In_looks_different.jpg,134,142,8
2019-11-23_14-19-43_i=199497_id=9951_cn=1574518819375449000_thr=999_descr_In_looks_different.jpg,172,55,8
2019-11-23_14-19-59_i=199514_id=9968_cn=1574518819375449000_thr=899_descr_Out_.jpg,133,67,8
2019-11-23_14-20-03_i=199517_id=9971_cn=1574518839581960000_thr=767_descr_Sg@bord_.jpg,113,195,8
2019-11-23_14-29-05_i=205879_id=10041_cn=1574519377492343000_thr=899_descr_Sgl_.jpg,90,103,2
2019-11-23_14-29-09_i=205885_id=10042_cn=1574519385419967000_thr=830_descr_In_crossing.jpg,9,220,2
2019-11-23_14-29-33_i=205909_id=10044_cn=1574519401990529000_thr=623_descr_In_.jpg,219,224,2
2019-11-23_14-29-58_i=205942_id=10063_cn=1574519413917185000_thr=554_descr_Out_looks_different.jpg,49,147,7
2019-11-23_14-30-10_i=205955_id=10064_cn=1574519445697976000_thr=522_descr_In_.jpg,3,120,7
2019-11-23_14-44-32_i=213858_id=10306_cn=1574520308358491000_thr=761_descr_In_looks_different.jpg,15,112,5
2019-11-23_14-52-02_i=216510_id=10488_cn=1574520754746096000_thr=741_descr_Sgl_.jpg,115,137,5
2019-11-23_14-52-10_i=216521_id=10511_cn=1574520763600716000_thr=851_descr_Out_looks_different.jpg,131,233,5
2019-11-23_14-52-18_i=216528_id=10525_cn=1574520772511144000_thr=904_descr_In@bord_looks_different.jpg,227,247,5
2019-11-23_14-52-22_i=216532_id=10530_cn=1574520776757350000_thr=991_descr_Sgl_.jpg,82,49,5
2019-11-23_14-55-58_i=217837_id=10619_cn=1574520993280793000_thr=694_descr_Out_looks_different.jpg,208,168,6
2019-11-23_15-08-13_i=221946_id=10867_cn=1574521716605670000_thr=767_descr_Out_.jpg,85,237,5
2019-11-23_15-08-55_i=221991_id=10910_cn=1574521725858746000_thr=917_descr_Out_.jpg,136,48,5
2019-11-23_15-08-59_i=221992_id=10911_cn=1574521776491897000_thr=943_descr_In@bord_looks_different.jpg,160,65,5
2019-11-23_15-17-35_i=224413_id=11154_cn=1574522227127093000_thr=988_descr_Out@bord_.jpg,29,210,6
2019-11-23_15-22-10_i=226645_id=11285_cn=1574522487059246000_thr=894_descr__looks_different.jpg,76,133,7
2019-11-23_15-22-21_i=226655_id=11298_cn=1574522487059246000_thr=542_descr_Out_.jpg,30,131,7
2019-11-23_15-42-37_i=236194_id=11616_cn=1574523780034510000_thr=958_descr_Sgl_.jpg,177,219,7
2019-11-23_15-55-16_i=240972_id=11916_cn=1574524564680638000_thr=999_descr_Sgl_.jpg,187,141,7
2019-11-23_18-06-56_i=81238_id=244_cn=1574532418120302000_thr=545_descr_In_looks_different.jpg,101,204,6
2019-11-23_19-00-25_i=129374_id=319_cn=1574535624718475000_thr=996_descr__.jpg,157,91,6
2019-11-24_09-00-20_i=884903_id=601_cn=1574586021828032000_thr=998_descr_In_looks_different.jpg,188,132,8
2019-11-24_09-00-21_i=884926_id=622_cn=1574586023226202000_thr=795_descr_Sg@bord_looks_different.jpg,234,68,6
2019-11-24_09-10-03_i=893653_id=671_cn=1574586604957410000_thr=964_descr_Out@bord_looks_different.jpg,207,40,3
2019-11-24_09-10-04_i=893663_id=681_cn=1574586605745374000_thr=995_descr_In@bord_.jpg,214,221,3
2019-11-24_09-17-52_i=900688_id=743_cn=1574587074740053000_thr=990_descr_Out_.jpg,176,181,6
2019-11-24_09-17-54_i=900710_id=794_cn=1574587075205283000_thr=946_descr__looks_different.jpg,16,221,3
2019-11-24_09-17-54_i=900720_id=814_cn=1574587075205150000_thr=960_descr__.jpg,37,220,3
2019-11-24_09-17-57_i=900755_id=859_cn=1574587079263103000_thr=966_descr_In@bord_looks_different.jpg,48,167,6
2019-11-24_09-25-11_i=907267_id=917_cn=1574587512611729000_thr=788_descr_In_looks_different.jpg,151,19,3
2019-11-24_09-25-11_i=907270_id=920_cn=1574587512611729000_thr=901_descr_Out@bord_.jpg,65,215,0
2019-11-24_09-25-11_i=907272_id=921_cn=1574587512918234000_thr=522_descr_In@bord_looks_different.jpg,103,135,3
2019-11-24_09-28-25_i=910177_id=934_cn=1574587706902672000_thr=800_descr_Sg@bord_.jpg,246,242,6
2019-11-24_09-28-25_i=910180_id=941_cn=1574587707223246000_thr=989_descr_Out@bord_.jpg,208,92,6
2019-11-24_09-28-27_i=910204_id=986_cn=1574587709497780000_thr=988_descr_Sgl_looks_different.jpg,247,234,6
2019-11-24_09-30-28_i=912030_id=1038_cn=1574587830213569000_thr=915_descr_In@bord_looks_different.jpg,252,158,5
2019-11-24_09-30-30_i=912048_id=1056_cn=1574587831807992000_thr=803_descr_Sgl_.jpg,2,149,4
2019-11-24_09-30-32_i=912084_id=1100_cn=1574587834793755000_thr=708_descr_In_.jpg,244,138,4
2019-11-24_09-36-19_i=917273_id=1604_cn=1574588162811509000_thr=533_descr_Out_.jpg,221,118,6
2019-11-24_09-37-35_i=918427_id=1665_cn=1574588254157161000_thr=783_descr_Out@bord_looks_different.jpg,90,212,5
2019-11-24_09-37-41_i=918527_id=1710_cn=1574588264113816000_thr=998_descr_Sgl_looks_different.jpg,175,201,6
2019-11-24_09-37-43_i=918550_id=1753_cn=-1753_thr=552_descr__crossing.jpg,182,150,6
2019-11-24_09-42-00_i=922394_id=2125_cn=1574588504290482000_thr=735_descr_Out@bord_looks_different.jpg,188,154,6
2019-11-24_09-47-03_i=926947_id=2243_cn=1574588825538483000_thr=628_descr_Out_.jpg,31,207,3
2019-11-24_09-50-23_i=929956_id=2259_cn=1574589023701829000_thr=902_descr__crossing.jpg,194,216,7
2019-11-24_09-55-50_i=934851_id=2748_cn=1574589344936908000_thr=842_descr_Out@bord_.jpg,155,149,6
2019-11-24_09-58-37_i=937361_id=2749_cn=1574589518903822000_thr=953_descr_Sg@bord_.jpg,252,222,5
2019-11-24_10-05-13_i=943301_id=2955_cn=1574589915904241000_thr=863_descr_In_looks_different.jpg,233,195,6
2019-11-24_10-05-13_i=943303_id=2957_cn=1574589916038745000_thr=871_descr_Sg@bord_looks_different.jpg,216,149,6
2019-11-24_10-11-44_i=949162_id=2960_cn=1574590305807887000_thr=733_descr_Sg@bord_looks_different.jpg,76,186,6
2019-11-24_10-13-10_i=950458_id=3025_cn=1574590391695817000_thr=927_descr_Out@bord_.jpg,40,233,0
2019-11-24_10-13-10_i=950459_id=3026_cn=1574590392030968000_thr=794_descr_Sg@bord_looks_different.jpg,57,60,0
2019-11-24_10-13-12_i=950479_id=3046_cn=1574590392117601000_thr=795_descr_Out_.jpg,57,17,0
2019-11-24_10-13-12_i=950480_id=3047_cn=1574590393534144000_thr=868_descr_In_looks_different.jpg,40,157,0
2019-11-24_10-13-12_i=950486_id=3052_cn=1574590394085486000_thr=771_descr_In@bord_looks_different.jpg,83,11,0
2019-11-24_10-13-13_i=950508_id=3073_cn=1574590394085486000_thr=737_descr_Out@bord_.jpg,238,78,0
2019-11-24_10-19-12_i=955883_id=3287_cn=1574590753615261000_thr=793_descr_Sgl_.jpg,79,47,6
2019-11-24_11-36-12_i=1025183_id=4752_cn=1574595373691521000_thr=988_descr__looks_different.jpg,233,232,6
2019-11-24_11-36-20_i=1025280_id=4874_cn=1574595374458423000_thr=730_descr__crossing.jpg,229,188,6
2019-11-24_11-39-37_i=1028253_id=5093_cn=1574595573938812000_thr=674_descr_Out_.jpg,98,21,7
2019-11-24_12-06-56_i=1052828_id=5187_cn=1574597210664491000_thr=784_descr__crossing.jpg,232,151,6
2019-11-24_13-11-44_i=1111176_id=5436_cn=1574601106958540000_thr=787_descr_Sg@bord_.jpg,87,129,6
2019-11-24_14-20-36_i=1173160_id=5531_cn=1574605239094283000_thr=644_descr_Out_.jpg,21,28,7
2019-11-24_14-20-37_i=1173164_id=5533_cn=1574605239618401000_thr=978_descr_In_looks_different.jpg,62,231,7
2019-11-24_14-20-42_i=1173225_id=5591_cn=1574605245369960000_thr=545_descr_In_.jpg,94,5,7
2019-11-24_14-20-43_i=1173235_id=5599_cn=1574605243035361000_thr=883_descr_Out_.jpg,36,245,7
2019-11-24_14-20-43_i=1173236_id=5600_cn=1574605246082776000_thr=792_descr_Sgl_looks_different.jpg,89,69,7
2019-11-24_15-02-52_i=1211179_id=5818_cn=1574607774963314000_thr=872_descr_Out@bord_looks_different.jpg,132,142,6
2019-11-24_15-19-17_i=1225945_id=6073_cn=1574608752638763000_thr=791_descr_Out_.jpg,121,102,0
2019-11-24_17-54-54_i=1366027_id=6486_cn=1574618098020712000_thr=764_descr_In_looks_different.jpg,32,248,3
2019-11-24_18-58-20_i=1423123_id=6616_cn=1574621902304428000_thr=568_descr_Out_looks_different.jpg,74,178,6
2019-11-24_21-54-27_i=1581598_id=6748_cn=1574632471113302000_thr=949_descr__.jpg,245,209,6
2019-11-24_21-56-58_i=1583894_id=6784_cn=1574632622037512000_thr=807_descr_Sg@bord_.jpg,131,119,6
2019-11-24_23-36-05_i=1673099_id=6996_cn=1574638568302854000_thr=509_descr_In_looks_different.jpg,14,136,6
2019-11-25_09-00-49_i=2180255_id=8421_cn=1574672453684109000_thr=875_descr_In_.jpg,229,166,6
2019-11-25_09-00-49_i=2180260_id=8426_cn=1574672453684109000_thr=855_descr_Out_looks_different.jpg,217,150,6
2019-11-25_09-01-21_i=2180667_id=8482_cn=1574672487543199000_thr=983_descr_In_looks_different.jpg,202,242,6
2019-11-25_09-01-53_i=2180938_id=8601_cn=1574672520124258000_thr=877_descr_Sgl_crossing.jpg,243,196,6
2019-11-25_09-04-44_i=2183619_id=8631_cn=1574672686668710000_thr=512_descr_Out_crossing.jpg,243,206,6
2019-11-25_09-04-58_i=2183685_id=8741_cn=1574672695477652000_thr=763_descr_Out_.jpg,36,79,6
2019-11-25_09-06-31_i=2184959_id=8835_cn=1574672796026835000_thr=943_descr_Out@bord_.jpg,245,218,6
2019-11-25_09-07-42_i=2185837_id=8928_cn=1574672867572299000_thr=712_descr_Sgl_looks_different.jpg,27,203,7
2019-11-25_09-07-42_i=2185842_id=8929_cn=1574672868505688000_thr=818_descr_In_looks_different.jpg,84,224,7
2019-11-25_09-07-42_i=2185845_id=8934_cn=-8934_thr=504_descr__.jpg,78,33,7
2019-11-25_09-07-43_i=2185853_id=8940_cn=1574672871287366000_thr=785_descr_Sgl_crossing.jpg,21,243,7
2019-11-25_09-07-43_i=2185854_id=8941_cn=1574672868505688000_thr=926_descr__crossing.jpg,21,218,7
2019-11-25_09-07-43_i=2185854_id=8942_cn=-8942_thr=507_descr__looks_different.jpg,132,152,7
2019-11-25_09-08-14_i=2185990_id=9034_cn=1574672902381728000_thr=511_descr_In_looks_different.jpg,53,132,7
2019-11-25_09-10-16_i=2187121_id=9287_cn=-9287_thr=517_descr__crossing.jpg,33,224,6
2019-11-25_09-10-17_i=2187128_id=9294_cn=1574673023198662000_thr=734_descr_In_looks_different.jpg,121,118,7
2019-11-25_09-13-10_i=2188835_id=9658_cn=1574673199968218000_thr=731_descr_Sgl_.jpg,133,235,6
2019-11-25_09-13-18_i=2188864_id=9684_cn=1574673200046177000_thr=875_descr_Out_.jpg,9,3,3
2019-11-25_09-13-18_i=2188867_id=9685_cn=1574673209882019000_thr=819_descr_Sgl_looks_different.jpg,19,216,3
2019-11-25_09-16-04_i=2190862_id=9807_cn=1574673369994656000_thr=870_descr__looks_different.jpg,250,223,3
2019-11-25_09-16-04_i=2190862_id=9808_cn=1574673371273960000_thr=713_descr_Sg@bord_.jpg,112,124,3
2019-11-25_09-16-04_i=2190867_id=9812_cn=1574673369994656000_thr=997_descr_Out_.jpg,41,62,3
2019-11-25_09-16-04_i=2190873_id=9817_cn=1574673375411889000_thr=648_descr_In_looks_different.jpg,87,222,3
2019-11-25_09-16-06_i=2190882_id=9825_cn=1574673378163838000_thr=999_descr_In_looks_different.jpg,85,58,3
2019-11-25_09-16-10_i=2190895_id=9838_cn=1574673380857085000_thr=859_descr_Out_looks_different.jpg,140,250,3
2019-11-25_09-16-14_i=2190905_id=9848_cn=1574673386157548000_thr=999_descr_In_looks_different.jpg,100,96,3
2019-11-25_09-18-05_i=2191969_id=10012_cn=1574673496940136000_thr=608_descr_In_different_place.jpg,15,6,3
2019-11-25_09-19-52_i=2192475_id=10158_cn=1574673600091001000_thr=729_descr__crossing.jpg,3,216,7
2019-11-25_09-20-35_i=2192584_id=10251_cn=1574673600091001000_thr=570_descr_Out_.jpg,192,207,5
2019-11-25_09-20-55_i=2192634_id=10277_cn=1574673670104559000_thr=968_descr_Sgl_.jpg,83,71,5
2019-11-25_09-21-28_i=2192905_id=10282_cn=1574673698003384000_thr=958_descr_In_.jpg,22,120,3
2019-11-25_09-23-35_i=2193885_id=10462_cn=1574673824672073000_thr=973_descr_Sg@bord_different_place.jpg,30,148,5
2019-11-25_09-25-57_i=2194417_id=10659_cn=1574673976719058000_thr=904_descr_Sgl_.jpg,147,39,3
2019-11-25_09-25-57_i=2194417_id=10660_cn=1574673976719135000_thr=807_descr_Sgl_.jpg,209,214,6
2019-11-25_09-27-38_i=2194806_id=10750_cn=1574674074449560000_thr=759_descr_In@bord_.jpg,148,141,7
2019-11-25_09-28-17_i=2195038_id=10787_cn=1574674107261800000_thr=872_descr_Out_.jpg,245,125,6
2019-11-25_09-29-40_i=2195463_id=10862_cn=1574674190897358000_thr=531_descr_In@bord_.jpg,86,124,6
2019-11-25_09-30-26_i=2195712_id=10916_cn=1574674236014162000_thr=969_descr_Out_looks_different.jpg,3,0,6
2019-11-25_09-30-26_i=2195714_id=10918_cn=1574674245299467000_thr=952_descr_In_.jpg,79,161,4
2019-11-25_09-30-36_i=2195733_id=10926_cn=1574674257087629000_thr=511_descr_In_looks_different.jpg,35,135,4
2019-11-25_09-30-43_i=2195747_id=10931_cn=1574674257087629000_thr=638_descr_Out_.jpg,55,135,4
2019-11-25_09-30-45_i=2195751_id=10932_cn=1574674266742214000_thr=546_descr_In_.jpg,38,141,7
2019-11-25_09-32-53_i=2196523_id=10995_cn=1574674395808416000_thr=540_descr_In_looks_different.jpg,251,119,6
2019-11-25_09-35-56_i=2196811_id=11302_cn=1574674542041797000_thr=943_descr__.jpg,112,251,6
2019-11-25_09-36-38_i=2196866_id=11455_cn=1574674531155626000_thr=988_descr__.jpg,132,8,6
2019-11-25_09-39-24_i=2197058_id=11753_cn=1574674778333244000_thr=995_descr_Out_.jpg,157,201,4
2019-11-25_09-39-27_i=2197061_id=11754_cn=1574674800075107000_thr=518_descr_In_looks_different.jpg,236,232,6
2019-11-25_09-40-31_i=2197399_id=11799_cn=1574674857306011000_thr=996_descr__looks_different.jpg,180,151,3
2019-11-25_09-40-42_i=2197408_id=11810_cn=1574674873196634000_thr=994_descr_Sg@bord_.jpg,206,157,0
2019-11-25_09-41-05_i=2197434_id=11859_cn=1574674857306011000_thr=940_descr_Out@bord_.jpg,215,45,0
2019-11-25_09-47-36_i=2197987_id=12246_cn=1574675301371911000_thr=800_descr_Sgl_.jpg,247,64,7
2019-11-25_09-49-07_i=2198118_id=12250_cn=1574675368870426000_thr=761_descr_Sgl_.jpg,220,102,6
2019-11-25_10-00-08_i=2201483_id=12577_cn=1574676052204980000_thr=993_descr__.jpg,222,27,6
2019-11-25_10-02-28_i=2201570_id=12645_cn=1574676179020012000_thr=999_descr_Sgl_.jpg,139,121,6
2019-11-25_10-02-28_i=2201578_id=12649_cn=1574676194067446000_thr=997_descr_Sgl_.jpg,188,165,0
2019-11-25_10-11-28_i=2202124_id=12840_cn=1574676766425398000_thr=991_descr_In_looks_different.jpg,166,5,6
2019-11-25_10-11-28_i=2202124_id=12841_cn=1574676766425513000_thr=918_descr_Sgl_.jpg,114,184,6
2019-11-25_10-17-32_i=710_id=78_cn=1574677054715110000_thr=746_descr_In@bord_.jpg,133,99,6
2019-11-25_10-17-33_i=729_id=135_cn=1574677056633047000_thr=996_descr_In_looks_different.jpg,125,82,5
2019-11-25_10-17-34_i=734_id=151_cn=1574677057317557000_thr=813_descr_Sgl_looks_different.jpg,24,220,5
2019-11-25_10-17-34_i=739_id=162_cn=1574677057596515000_thr=940_descr_In_looks_different.jpg,74,26,6
2019-11-25_10-17-35_i=749_id=196_cn=1574677056250589000_thr=992_descr__looks_different.jpg,152,157,7
2019-11-25_10-17-35_i=753_id=206_cn=1574677056250589000_thr=954_descr__looks_different.jpg,118,171,7
2019-11-25_10-17-37_i=764_id=234_cn=1574677056250589000_thr=814_descr__.jpg,181,20,7
2019-11-25_10-17-59_i=1105_id=409_cn=1574677078656568000_thr=942_descr__.jpg,190,2,6
2019-11-25_10-18-03_i=1158_id=495_cn=1574677078656568000_thr=974_descr__.jpg,63,148,6
2019-11-25_10-18-34_i=1643_id=592_cn=1574677116020773000_thr=587_descr_In@bord_.jpg,89,142,6
2019-11-25_10-18-35_i=1662_id=613_cn=1574677116337779000_thr=991_descr__.jpg,3,92,6
2019-11-25_10-18-36_i=1673_id=638_cn=1574677118710007000_thr=994_descr__.jpg,108,130,6
2019-11-25_10-18-37_i=1680_id=660_cn=1574677119402347000_thr=839_descr_Out_looks_different.jpg,80,12,6
2019-11-25_10-18-37_i=1689_id=678_cn=1574677118710007000_thr=946_descr__.jpg,93,159,6
2019-11-25_10-19-26_i=2416_id=835_cn=1574677163820076000_thr=988_descr_Out_looks_different.jpg,138,39,6
2019-11-25_10-19-26_i=2424_id=851_cn=1574677168415580000_thr=997_descr__.jpg,179,179,6
2019-11-25_10-19-26_i=2425_id=856_cn=1574677169424061000_thr=763_descr_Out@bord_.jpg,127,28,6
2019-11-25_10-19-35_i=2514_id=1076_cn=1574677178374942000_thr=947_descr_Sg@bord_looks_different.jpg,135,4,6
2019-11-25_10-19-35_i=2517_id=1084_cn=1574677178749286000_thr=968_descr_In@bord_looks_different.jpg,188,92,6
2019-11-25_10-19-38_i=2545_id=1145_cn=1574677177424627000_thr=969_descr__.jpg,157,168,6
2019-11-25_10-19-46_i=2644_id=1275_cn=1574677190128282000_thr=919_descr_In@bord_.jpg,175,181,7
2019-11-25_10-20-57_i=3343_id=2088_cn=1574677262062415000_thr=923_descr_In_looks_different.jpg,84,238,6
2019-11-25_10-26-52_i=7635_id=2875_cn=-2875_thr=588_descr__.jpg,90,104,6
2019-11-25_10-27-28_i=7995_id=2965_cn=1574677653738241000_thr=981_descr_Sgl_.jpg,41,230,4
2019-11-25_10-27-28_i=7995_id=2966_cn=1574677653738344000_thr=940_descr_Sgl_.jpg,134,132,4
2019-11-25_10-27-28_i=7996_id=2968_cn=1574677653858408000_thr=983_descr_In_.jpg,243,241,7
2019-11-25_10-27-28_i=7998_id=2971_cn=1574677653858309000_thr=983_descr_Out@bord_.jpg,146,158,7
2019-11-25_10-27-56_i=8308_id=3004_cn=1574677679499554000_thr=722_descr_In_.jpg,39,101,6
2019-11-25_10-28-06_i=8376_id=3090_cn=1574677681936500000_thr=993_descr_Out_.jpg,54,101,7
2019-11-25_10-28-36_i=8649_id=3166_cn=1574677720127750000_thr=958_descr__.jpg,133,32,7
2019-11-25_10-28-36_i=8650_id=3168_cn=1574677720127750000_thr=947_descr__.jpg,130,49,7
2019-11-25_10-28-37_i=8653_id=3173_cn=1574677720127750000_thr=953_descr__.jpg,74,32,7
2019-11-25_10-28-37_i=8654_id=3175_cn=1574677720127750000_thr=965_descr__looks_different.jpg,65,29,7
2019-11-25_10-28-39_i=8661_id=3191_cn=1574677725779176000_thr=731_descr__looks_different.jpg,28,237,6
2019-11-25_10-36-54_i=13300_id=4042_cn=1574678228935546000_thr=976_descr_In_looks_different.jpg,18,193,5
2019-11-25_10-37-36_i=13396_id=4133_cn=1574678258950751000_thr=719_descr__crossing.jpg,148,248,3
2019-11-25_10-37-43_i=13409_id=4151_cn=1574678268022663000_thr=949_descr__.jpg,47,156,6
2019-11-25_10-37-45_i=13413_id=4159_cn=1574678287790941000_thr=751_descr_Sgl_.jpg,54,152,3
2019-11-25_10-37-45_i=13414_id=4160_cn=1574678287790867000_thr=994_descr__looks_different.jpg,99,152,6
2019-11-25_10-37-50_i=13421_id=4176_cn=1574678293121496000_thr=925_descr_In_looks_different.jpg,101,148,3
2019-11-25_10-38-03_i=13441_id=4231_cn=1574678308590183000_thr=891_descr_In_.jpg,24,114,4
2019-11-25_10-38-07_i=13448_id=4241_cn=1574678311762002000_thr=917_descr_Sgl_.jpg,98,131,3
2019-11-25_10-38-56_i=13513_id=4297_cn=1574678352425494000_thr=595_descr_In_looks_different.jpg,93,141,3
2019-11-25_10-39-06_i=13542_id=4341_cn=1574678352425494000_thr=896_descr_Out_.jpg,120,169,3
2019-11-25_10-58-08_i=18039_id=4912_cn=1574679507806527000_thr=915_descr_In_different_place.jpg,3,85,2
2019-11-25_10-59-54_i=18253_id=4973_cn=1574679630489883000_thr=785_descr_In_looks_different.jpg,183,60,2
2019-11-25_11-01-46_i=18424_id=5046_cn=1574679738746385000_thr=943_descr_Sgl_crossing.jpg,35,118,2
2019-11-25_11-05-42_i=19084_id=5165_cn=1574679979079762000_thr=998_descr_Out_.jpg,100,37,1
2019-11-25_11-05-42_i=19085_id=5166_cn=1574679989331742000_thr=623_descr_In_looks_different.jpg,106,241,1
2019-11-25_11-19-42_i=27111_id=5291_cn=1574680822163006000_thr=998_descr_In_.jpg,154,120,7
2019-11-25_11-23-28_i=27536_id=5380_cn=1574681032115093000_thr=969_descr_Out_.jpg,93,11,7
2019-11-25_11-24-18_i=27715_id=5394_cn=1574681099937603000_thr=971_descr_Sgl_.jpg,122,167,1
2019-11-25_11-40-45_i=31832_id=5796_cn=1574681975379213000_thr=998_descr_Out_.jpg,241,205,3
2019-11-25_11-48-42_i=33524_id=6003_cn=1574682545309056000_thr=988_descr_Out@bord_.jpg,218,81,6
2019-11-25_12-29-23_i=6664_id=539_cn=1574684965224906000_thr=851_descr_In_.jpg,240,139,6
2019-11-25_12-29-24_i=6679_id=564_cn=1574684957476800000_thr=833_descr__.jpg,53,135,6
2019-11-25_12-30-08_i=7356_id=715_cn=1574685009958900000_thr=889_descr_Out_looks_different.jpg,108,2,8
2019-11-25_12-30-10_i=7375_id=734_cn=1574685011526301000_thr=999_descr_In_crossing.jpg,181,121,8
2019-11-25_12-32-41_i=9640_id=964_cn=1574685162305785000_thr=901_descr_Sgl_.jpg,51,124,6
2019-11-25_12-40-14_i=16443_id=1596_cn=1574685615680717000_thr=592_descr_In_looks_different.jpg,136,170,6
2019-11-25_12-48-00_i=23430_id=1970_cn=1574686081637645000_thr=971_descr_Out@bord_.jpg,137,134,8
2019-11-25_12-56-39_i=31217_id=2511_cn=1574686600837599000_thr=707_descr_Sgl_looks_different.jpg,80,192,6
2019-11-25_13-02-01_i=36037_id=3532_cn=1574686920428301000_thr=999_descr__looks_different.jpg,253,86,6
2019-11-25_13-02-18_i=36235_id=4007_cn=-4007_thr=522_descr__.jpg,170,153,6
2019-11-25_13-02-34_i=36426_id=4328_cn=1574686947319835000_thr=978_descr__.jpg,3,97,6
2019-11-25_13-02-40_i=36489_id=4498_cn=1574686933689261000_thr=990_descr__.jpg,229,128,6
2019-11-25_13-02-43_i=36510_id=4580_cn=1574686933689261000_thr=971_descr__.jpg,236,121,6
2019-11-25_13-02-53_i=36595_id=4811_cn=1574686977761839000_thr=503_descr_In@bord_.jpg,155,173,6
2019-11-25_13-02-59_i=36645_id=4906_cn=1574686979111034000_thr=999_descr__.jpg,131,16,6
2019-11-25_13-03-18_i=36794_id=5217_cn=1574686979111034000_thr=968_descr__.jpg,124,255,6
2019-11-25_13-03-25_i=36842_id=5354_cn=-5354_thr=506_descr__.jpg,241,193,6
2019-11-25_13-03-49_i=36977_id=5712_cn=1574687031938205000_thr=549_descr_Out_.jpg,86,143,6
2019-11-25_13-05-22_i=37522_id=6343_cn=1574687128575734000_thr=725_descr_In@bord_.jpg,35,217,2
2019-11-25_13-05-49_i=37648_id=6470_cn=1574687158649302000_thr=945_descr__.jpg,205,25,6
2019-11-25_13-11-34_i=40558_id=6936_cn=1574687508434820000_thr=983_descr_Sgl_.jpg,182,184,6
2019-11-25_13-11-35_i=40560_id=6940_cn=1574687508630054000_thr=881_descr_Sgl_crossing.jpg,174,163,6
2019-11-25_13-11-37_i=40564_id=6947_cn=1574687510036947000_thr=749_descr__looks_different.jpg,78,232,6
2019-11-25_13-11-59_i=40618_id=7056_cn=1574687510234485000_thr=923_descr__.jpg,126,250,6
2019-11-25_13-12-26_i=40669_id=7178_cn=1574687566152020000_thr=924_descr_Sgl_looks_different.jpg,69,126,6
2019-11-25_13-13-34_i=40976_id=7254_cn=1574687587690129000_thr=985_descr__crossing.jpg,0,174,6
2019-11-25_13-16-59_i=43451_id=7307_cn=1574687829237911000_thr=861_descr_In@bord_.jpg,147,7,1
2019-11-25_13-16-59_i=43453_id=7309_cn=1574687829237911000_thr=992_descr_Out@bord_looks_different.jpg,147,86,1
2019-11-25_13-17-02_i=43473_id=7329_cn=1574687842478403000_thr=937_descr_Sg@bord_looks_different.jpg,71,195,1
2019-11-25_13-17-04_i=43477_id=7333_cn=1574687842520139000_thr=930_descr_Out@bord_looks_different.jpg,94,138,1
2019-11-25_13-18-45_i=44168_id=7386_cn=-7386_thr=529_descr__.jpg,28,134,6
2019-11-25_13-23-06_i=45253_id=7657_cn=1574688196702451000_thr=979_descr_Out_looks_different.jpg,43,214,6
2019-11-25_13-29-48_i=49448_id=7855_cn=1574688607761854000_thr=675_descr_In_.jpg,45,28,6
2019-11-25_13-32-15_i=51517_id=7862_cn=1574688750702383000_thr=682_descr_In_.jpg,255,101,6
2019-11-25_13-34-31_i=52745_id=7948_cn=1574688881501814000_thr=996_descr__looks_different.jpg,188,146,1
2019-11-25_13-34-31_i=52754_id=7966_cn=1574688894627549000_thr=929_descr_Sg@bord_looks_different.jpg,161,180,1
2019-11-25_13-41-58_i=56081_id=8294_cn=1574689338686712000_thr=919_descr_In_looks_different.jpg,86,169,6
2019-11-25_13-41-58_i=56083_id=8296_cn=1574689338729094000_thr=942_descr_In@bord_different_place.jpg,167,191,6
2019-11-25_13-41-59_i=56088_id=8301_cn=1574689338729094000_thr=945_descr_Out@bord_.jpg,211,152,6
2019-11-25_13-42-18_i=56118_id=8327_cn=1574689355066404000_thr=898_descr_Out@bord_.jpg,142,95,6
2019-11-25_13-43-04_i=56426_id=8330_cn=1574689398407752000_thr=970_descr_In_looks_different.jpg,69,237,6
2019-11-25_13-43-04_i=56426_id=8331_cn=1574689398407844000_thr=923_descr_In@bord_.jpg,91,174,6
2019-11-25_13-43-04_i=56427_id=8332_cn=1574689398407752000_thr=936_descr__.jpg,58,231,6
2019-11-25_13-44-18_i=57295_id=8345_cn=1574689472856209000_thr=904_descr_In_looks_different.jpg,1,243,3
2019-11-25_13-44-32_i=57328_id=8378_cn=1574689500196588000_thr=990_descr_In_looks_different.jpg,157,29,3
2019-11-25_13-44-39_i=57339_id=8389_cn=1574689510331172000_thr=764_descr_Out_.jpg,196,240,3
2019-11-25_13-44-43_i=57343_id=8394_cn=-8394_thr=602_descr__.jpg,26,131,3
2019-11-25_13-57-47_i=64795_id=8703_cn=1574690287191953000_thr=993_descr_Sg@bord_looks_different.jpg,177,112,6
2019-11-25_14-00-42_i=64973_id=9013_cn=1574690481205111000_thr=998_descr_Sg@bord_.jpg,187,158,1
2019-11-25_14-01-28_i=65126_id=9019_cn=1574690512154977000_thr=989_descr_Sg@bord_.jpg,134,136,3
2019-11-25_14-01-28_i=65127_id=9020_cn=1574690512242292000_thr=990_descr_In@bord_looks_different.jpg,132,191,3
2019-11-25_14-07-44_i=66423_id=9220_cn=1574690908072997000_thr=954_descr_Sg@bord_.jpg,186,221,7
2019-11-25_14-08-58_i=66482_id=9261_cn=1574690983781914000_thr=931_descr_Sgl_.jpg,237,16,0
2019-11-25_14-09-59_i=66772_id=9262_cn=1574691021054583000_thr=755_descr_In@bord_crossing.jpg,84,214,4
2019-11-25_14-09-59_i=66776_id=9266_cn=1574691021054583000_thr=738_descr_Out_.jpg,129,250,4
2019-11-25_14-10-59_i=66832_id=9374_cn=1574691094104589000_thr=949_descr__.jpg,169,36,6
2019-11-25_14-11-34_i=66857_id=9442_cn=1574691130638790000_thr=604_descr_Out@bord_looks_different.jpg,51,56,2
2019-11-25_14-12-04_i=66879_id=9492_cn=1574691175166092000_thr=996_descr__.jpg,178,58,2
2019-11-25_14-12-16_i=66885_id=9508_cn=1574691196040979000_thr=999_descr_Sgl_looks_different.jpg,113,67,6
2019-11-25_14-19-25_i=282_id=141_cn=1574691566685677000_thr=573_descr_Out_looks_different.jpg,50,148,6
2019-11-25_14-19-28_i=332_id=212_cn=1574691570792424000_thr=737_descr__.jpg,66,146,6
2019-11-25_14-20-32_i=1296_id=414_cn=1574691633480205000_thr=959_descr_In_.jpg,13,199,4
2019-11-25_14-20-34_i=1328_id=467_cn=1574691633480205000_thr=996_descr__crossing.jpg,1,246,3
2019-11-25_14-20-46_i=1494_id=699_cn=1574691647862385000_thr=814_descr__.jpg,71,152,3
2019-11-25_14-20-55_i=1636_id=751_cn=1574691657121310000_thr=507_descr_In_looks_different.jpg,33,161,3
2019-11-25_14-21-33_i=2222_id=830_cn=1574691691125159000_thr=972_descr_Out@bord_.jpg,213,164,4
2019-11-25_14-22-30_i=3066_id=1126_cn=1574691751938713000_thr=733_descr_In_.jpg,188,243,8
2019-11-25_14-22-31_i=3084_id=1145_cn=1574691753781789000_thr=717_descr_In@bord_looks_different.jpg,28,242,2
2019-11-25_14-22-33_i=3110_id=1194_cn=1574691751938713000_thr=731_descr_Out_looks_different.jpg,50,245,8
2019-11-25_14-22-38_i=3174_id=1258_cn=1574691755434229000_thr=794_descr__.jpg,60,221,2
2019-11-25_14-22-42_i=3225_id=1329_cn=1574691764021274000_thr=933_descr__.jpg,47,188,2
2019-11-25_14-22-42_i=3225_id=1330_cn=1574691764583172000_thr=878_descr_In_crossing.jpg,181,171,2
2019-11-25_14-22-47_i=3296_id=1396_cn=1574691768540167000_thr=688_descr_Out_.jpg,213,181,2
2019-11-25_14-22-48_i=3323_id=1397_cn=1574691770573807000_thr=710_descr_In_crossing.jpg,239,195,6
2019-11-25_14-22-50_i=3339_id=1410_cn=1574691771939147000_thr=879_descr_In_looks_different.jpg,255,0,7
2019-11-25_14-22-50_i=3340_id=1411_cn=1574691771939147000_thr=967_descr_Out_.jpg,3,12,7
2019-11-25_14-22-50_i=3341_id=1412_cn=1574691772280247000_thr=991_descr_Sgl_looks_different.jpg,7,250,7
2019-11-25_14-22-50_i=3342_id=1413_cn=1574691772356727000_thr=971_descr_In_looks_different.jpg,14,176,7
2019-11-25_14-22-50_i=3342_id=1414_cn=1574691772356949000_thr=732_descr_Sgl_different_place.jpg,33,148,7
2019-11-25_14-22-50_i=3344_id=1417_cn=1574691772811911000_thr=792_descr_Sgl_looks_different.jpg,22,178,7
2019-11-25_14-22-50_i=3349_id=1425_cn=1574691772356727000_thr=812_descr__.jpg,221,198,7
2019-11-25_14-22-53_i=3381_id=1453_cn=1574691772356727000_thr=754_descr__.jpg,118,160,7
2019-11-25_14-23-22_i=3840_id=1580_cn=1574691804099440000_thr=980_descr_In@bord_.jpg,34,189,8
2019-11-25_14-23-23_i=3857_id=1596_cn=1574691804099440000_thr=968_descr_Out_.jpg,29,47,8
2019-11-25_14-23-24_i=3869_id=1602_cn=1574691806486406000_thr=760_descr_In_looks_different.jpg,6,20,8
2019-11-25_14-23-25_i=3889_id=1616_cn=1574691806486406000_thr=636_descr_Out_.jpg,195,211,8
2019-11-25_14-23-30_i=3959_id=1647_cn=1574691812304467000_thr=505_descr_In_looks_different.jpg,59,135,8
2019-11-25_14-26-19_i=6503_id=1652_cn=1574691980523051000_thr=708_descr_In@bord_.jpg,52,216,7
2019-11-25_14-26-24_i=6582_id=1721_cn=1574691986806770000_thr=986_descr_In@bord_.jpg,111,97,7
2019-11-25_14-26-24_i=6587_id=1727_cn=1574691987237870000_thr=838_descr_Sg@bord_.jpg,150,191,6
2019-11-25_14-26-58_i=7088_id=1819_cn=1574692016234096000_thr=542_descr_Out@bord_.jpg,239,35,7
2019-11-25_14-28-01_i=8001_id=2320_cn=1574692084222082000_thr=994_descr_In_looks_different.jpg,192,172,6
2019-11-25_14-28-37_i=8439_id=2680_cn=1574692119617892000_thr=678_descr_In_.jpg,236,97,6
2019-11-25_14-28-53_i=8616_id=2882_cn=1574692136184511000_thr=804_descr_In_.jpg,234,165,6
2019-11-25_14-31-23_i=10799_id=3289_cn=1574692261900073000_thr=780_descr_Out@bord_.jpg,37,90,6
2019-11-25_14-31-42_i=11066_id=3369_cn=1574692306612735000_thr=987_descr_In@bord_crossing.jpg,9,230,5
2019-11-25_14-31-43_i=11072_id=3381_cn=1574692306612735000_thr=816_descr_Out_.jpg,3,27,5
2019-11-25_14-33-04_i=12373_id=3413_cn=1574692388127499000_thr=966_descr_Out@bord_looks_different.jpg,129,55,8
2019-11-25_14-35-47_i=14615_id=3866_cn=1574692549751161000_thr=744_descr_Out@bord_looks_different.jpg,239,117,5
2019-11-25_14-36-37_i=15268_id=3953_cn=1574692601098734000_thr=857_descr_Out_.jpg,28,200,3
2019-11-25_14-36-38_i=15272_id=3955_cn=1574692601684957000_thr=778_descr_In_looks_different.jpg,62,192,3
2019-11-25_14-36-38_i=15283_id=3966_cn=1574692603402409000_thr=838_descr_Sgl_.jpg,44,197,3
2019-11-25_14-36-46_i=15339_id=4012_cn=1574692601684957000_thr=980_descr_Out_looks_different.jpg,78,150,3
2019-11-25_14-36-46_i=15340_id=4013_cn=1574692611301472000_thr=876_descr_Sgl_looks_different.jpg,92,142,0
2019-11-25_14-36-56_i=15426_id=4024_cn=1574692619430004000_thr=807_descr_Out_.jpg,1,120,3
2019-11-25_14-40-16_i=18195_id=4343_cn=1574692821312834000_thr=546_descr_In_looks_different.jpg,21,88,8
2019-11-25_14-40-17_i=18196_id=4344_cn=1574692821312834000_thr=736_descr__crossing.jpg,10,115,8
2019-11-25_14-40-17_i=18206_id=4352_cn=1574692821312834000_thr=938_descr_Out_.jpg,251,225,8
2019-11-25_14-40-18_i=18210_id=4354_cn=1574692824398549000_thr=990_descr__crossing.jpg,25,2,8
2019-11-25_14-40-45_i=18342_id=4532_cn=1574692852768828000_thr=726_descr_Sgl_.jpg,24,171,3
2019-11-25_14-40-45_i=18343_id=4533_cn=1574692852797281000_thr=937_descr_Sgl_.jpg,255,184,4
2019-11-25_14-40-48_i=18356_id=4539_cn=1574692854433687000_thr=841_descr_Out_looks_different.jpg,26,126,4
2019-11-25_14-45-46_i=22511_id=4757_cn=1574693150565238000_thr=863_descr__.jpg,110,29,4
2019-11-25_14-45-46_i=22511_id=4758_cn=-4758_thr=573_descr__crossing.jpg,68,146,6
2019-11-25_14-45-47_i=22514_id=4762_cn=1574693150565238000_thr=982_descr__looks_different.jpg,123,34,4
2019-11-25_14-47-39_i=23643_id=4970_cn=1574693265761732000_thr=996_descr__.jpg,208,183,6
2019-11-25_14-47-40_i=23647_id=4979_cn=1574693270099782000_thr=680_descr_In_looks_different.jpg,31,33,6
2019-11-25_14-47-40_i=23650_id=4984_cn=1574693271550472000_thr=810_descr_Sgl_.jpg,19,185,6
2019-11-25_14-47-47_i=23673_id=5020_cn=1574693270099782000_thr=950_descr__crossing.jpg,230,235,6
2019-11-25_14-47-53_i=23688_id=5040_cn=1574693270099782000_thr=969_descr__crossing.jpg,214,185,6
2019-11-25_14-47-58_i=23702_id=5062_cn=1574693265761732000_thr=662_descr_Out_.jpg,125,147,6
2019-11-25_14-48-38_i=23811_id=5163_cn=1574693318596800000_thr=921_descr_Out_looks_different.jpg,51,150,6
2019-11-25_14-50-09_i=24695_id=5266_cn=1574693409002875000_thr=922_descr__crossing.jpg,41,11,7
2019-11-25_14-50-10_i=24696_id=5267_cn=1574693409002875000_thr=994_descr__crossing.jpg,39,4,7
2019-11-25_14-52-39_i=26004_id=5425_cn=1574693574652304000_thr=693_descr_In@bord_looks_different.jpg,231,17,5
2019-11-25_14-55-47_i=26668_id=5721_cn=1574693758001559000_thr=993_descr_Sgl_.jpg,5,240,6
2019-11-25_14-55-48_i=26672_id=5726_cn=1574693760535524000_thr=894_descr_Sgl_.jpg,163,190,7
2019-11-25_15-03-14_i=29087_id=6151_cn=1574694160955386000_thr=992_descr__looks_different.jpg,194,223,6
2019-11-25_15-04-03_i=29149_id=6194_cn=1574694263152605000_thr=893_descr_Out_.jpg,217,200,6
2019-11-25_15-04-06_i=29153_id=6196_cn=1574694269394810000_thr=984_descr_In_crossing.jpg,5,34,3
2019-11-25_15-10-44_i=30667_id=6482_cn=1574694670199838000_thr=936_descr__looks_different.jpg,180,97,6
2019-11-25_15-13-22_i=31052_id=6578_cn=1574694815369549000_thr=992_descr_Out@bord_.jpg,223,212,4
2019-11-25_15-14-49_i=31193_id=6624_cn=1574694928569615000_thr=983_descr_Sg@bord_.jpg,110,155,4
2019-11-25_15-15-06_i=31208_id=6639_cn=1574694941534106000_thr=798_descr_Sg@bord_different_place.jpg,81,141,4
2019-11-25_15-15-11_i=31213_id=6644_cn=1574694902421149000_thr=782_descr_Out@bord_.jpg,127,180,4
2019-11-25_15-18-18_i=32053_id=6760_cn=1574695085445336000_thr=988_descr__.jpg,137,183,0
2019-11-25_15-18-18_i=32054_id=6763_cn=1574695140945085000_thr=914_descr_Out@bord_.jpg,208,114,6
2019-11-25_15-23-08_i=32900_id=6932_cn=1574695388240502000_thr=980_descr__.jpg,248,165,4
2019-11-25_15-31-31_i=33467_id=7309_cn=1574695959332899000_thr=763_descr_Sgl_crossing.jpg,62,226,6
2019-11-25_15-40-15_i=37354_id=7373_cn=1574696483721285000_thr=653_descr_In_.jpg,226,113,6
2019-11-25_15-41-31_i=37395_id=7418_cn=1574696483721285000_thr=656_descr_Out_.jpg,20,114,6
2019-11-25_15-42-36_i=37424_id=7445_cn=1574696623969457000_thr=999_descr_In_.jpg,47,208,3
2019-11-25_15-42-36_i=37424_id=7446_cn=1574696623969752000_thr=981_descr_In_.jpg,79,203,6
2019-11-25_16-15-28_i=13599_id=1283_cn=1574698528728826000_thr=654_descr__looks_different.jpg,54,139,7
2019-11-25_16-15-32_i=13654_id=1351_cn=1574698532474838000_thr=992_descr__.jpg,167,183,7
2019-11-25_16-15-33_i=13658_id=1358_cn=1574698532474838000_thr=713_descr_Out_.jpg,206,173,7
2019-11-25_16-15-35_i=13689_id=1386_cn=1574698537336610000_thr=967_descr_In_crossing.jpg,7,20,6
2019-11-25_16-15-35_i=13689_id=1387_cn=1574698537336710000_thr=776_descr_In_.jpg,29,17,6
2019-11-25_16-15-35_i=13696_id=1398_cn=1574698537336610000_thr=994_descr__crossing.jpg,244,227,7
2019-11-25_16-15-36_i=13701_id=1408_cn=1574698537336610000_thr=567_descr__crossing.jpg,251,20,7
2019-11-25_16-15-37_i=13713_id=1431_cn=1574698537336610000_thr=996_descr__.jpg,239,225,7
2019-11-25_16-17-24_i=15335_id=1737_cn=1574698645292813000_thr=989_descr_Out@bord_looks_different.jpg,213,118,7
2019-11-25_16-17-25_i=15348_id=1750_cn=1574698646012159000_thr=827_descr_Out_.jpg,156,14,7
2019-11-25_16-21-20_i=18863_id=2158_cn=1574698882653247000_thr=928_descr_Out_.jpg,64,6,6
2019-11-25_16-21-21_i=18875_id=2180_cn=1574698882957978000_thr=902_descr_Out@bord_.jpg,2,212,6
2019-11-25_16-23-18_i=20639_id=2398_cn=1574698999616236000_thr=827_descr_Sg@bord_.jpg,242,142,6
2019-11-25_16-23-19_i=20666_id=2445_cn=1574699000289731000_thr=711_descr__looks_different.jpg,161,24,6
2019-11-25_16-23-19_i=20667_id=2446_cn=1574699000289731000_thr=999_descr__looks_different.jpg,159,115,6
2019-11-25_16-23-22_i=20706_id=2522_cn=1574699004042784000_thr=895_descr__looks_different.jpg,21,121,6
2019-11-25_16-23-25_i=20732_id=2562_cn=1574699007421109000_thr=593_descr_In_looks_different.jpg,207,128,6
2019-11-25_16-24-44_i=21940_id=2574_cn=1574699085930253000_thr=705_descr_Out_.jpg,237,240,6
2019-11-25_16-26-13_i=23276_id=2661_cn=1574699175164917000_thr=512_descr_Out_looks_different.jpg,255,116,6
2019-11-25_16-28-51_i=25644_id=2748_cn=1574699333530581000_thr=867_descr_In_.jpg,232,8,6
2019-11-25_16-30-43_i=27315_id=2957_cn=1574699445467815000_thr=859_descr_In_looks_different.jpg,154,48,6
2019-11-25_16-44-28_i=39695_id=3679_cn=1574700267798767000_thr=993_descr_Out_.jpg,132,89,6
2019-11-25_16-46-38_i=41644_id=3728_cn=1574700399589270000_thr=700_descr_Sg@bord_.jpg,211,136,6
2019-11-25_16-46-40_i=41683_id=3766_cn=1574700403203366000_thr=951_descr_In_looks_different.jpg,237,72,6
2019-11-25_16-47-26_i=42366_id=3811_cn=1574700448790618000_thr=948_descr_In_looks_different.jpg,158,2,6
2019-11-25_16-47-29_i=42407_id=3850_cn=1574700451301178000_thr=677_descr_Out_looks_different.jpg,247,254,6
2019-11-25_17-27-18_i=78256_id=4547_cn=1574702839740901000_thr=575_descr_Out_looks_different.jpg,0,123,6
2019-11-25_17-56-28_i=104495_id=4994_cn=1574704590343384000_thr=750_descr_In_looks_different.jpg,80,245,6
2019-11-25_18-26-59_i=131963_id=5079_cn=1574706419731312000_thr=510_descr_Out@bord_.jpg,79,167,6
2019-11-25_18-41-57_i=145428_id=5590_cn=1574707317453853000_thr=684_descr_Out_.jpg,43,124,6
2019-11-25_22-25-04_i=346236_id=6001_cn=1574720706344800000_thr=848_descr_Out@bord_.jpg,34,198,6
2019-11-25_22-54-53_i=373084_id=6003_cn=1574722494675309000_thr=548_descr_In_.jpg,122,166,6
2019-11-26_08-31-39_i=891824_id=6935_cn=1574757101909517000_thr=720_descr_In_looks_different.jpg,0,38,6
2019-11-26_08-43-25_i=902410_id=7084_cn=1574757807726170000_thr=631_descr__crossing.jpg,26,213,0
2019-11-26_08-47-01_i=905595_id=7195_cn=1574758025205096000_thr=908_descr_Sgl_different_place.jpg,108,60,3
2019-11-26_08-58-10_i=915622_id=7493_cn=1574758682581010000_thr=705_descr__.jpg,65,134,6
2019-11-26_09-01-59_i=918537_id=7857_cn=1574758924167387000_thr=983_descr__looks_different.jpg,216,100,6
2019-11-26_09-14-19_i=928587_id=8368_cn=1574759664789933000_thr=558_descr_In_looks_different.jpg,142,152,6
2019-11-26_09-24-28_i=935067_id=9044_cn=1574760273986173000_thr=809_descr_Out_looks_different.jpg,140,134,6
2019-11-26_09-25-01_i=935373_id=9090_cn=1574760308850521000_thr=943_descr_Sg@bord_looks_different.jpg,155,156,6
2019-11-26_09-25-05_i=935398_id=9136_cn=1574760308882514000_thr=941_descr__looks_different.jpg,89,218,6
2019-11-26_09-25-48_i=935526_id=9252_cn=1574760361952111000_thr=880_descr_Sgl_looks_different.jpg,35,37,6
2019-11-26_09-25-53_i=935541_id=9283_cn=-9283_thr=610_descr__crossing.jpg,215,233,6
2019-11-26_09-25-57_i=935550_id=9293_cn=1574760358340100000_thr=876_descr_Out_.jpg,57,49,6
2019-11-26_09-25-58_i=935555_id=9299_cn=1574760375841202000_thr=896_descr_Sgl_.jpg,39,141,6
2019-11-26_09-26-37_i=935945_id=9304_cn=1574760406839735000_thr=924_descr_Out_.jpg,53,77,6
2019-11-26_09-27-27_i=936053_id=9378_cn=1574760465762689000_thr=558_descr_In_looks_different.jpg,237,122,6
2019-11-26_09-27-37_i=936072_id=9392_cn=1574760471844283000_thr=609_descr_Out_.jpg,249,129,6
2019-11-26_09-28-35_i=936675_id=9395_cn=1574760524969776000_thr=710_descr_In_.jpg,232,119,6
2019-11-26_09-31-28_i=937022_id=9639_cn=1574760701550103000_thr=925_descr_Sgl_crossing.jpg,97,168,6
2019-11-26_09-32-40_i=937425_id=9683_cn=1574760772234465000_thr=800_descr_In@bord_.jpg,79,126,1
2019-11-26_09-36-35_i=938970_id=9919_cn=1574761014367960000_thr=730_descr_Sgl_.jpg,124,139,6
2019-11-26_09-43-59_i=941864_id=10344_cn=1574761461404764000_thr=724_descr_Sg@bord_looks_different.jpg,227,195,6
2019-11-26_09-44-27_i=941998_id=10345_cn=1574761479606122000_thr=993_descr_In_crossing.jpg,119,180,7
2019-11-26_09-44-28_i=942005_id=10352_cn=1574761479606122000_thr=991_descr_Out_.jpg,121,168,7
2019-11-26_09-47-42_i=943379_id=10588_cn=1574761691497385000_thr=575_descr_In_.jpg,232,168,6
2019-11-26_09-48-14_i=943416_id=10650_cn=1574761592992294000_thr=811_descr__.jpg,51,130,6
2019-11-26_09-48-14_i=943416_id=10651_cn=1574761691497385000_thr=507_descr_Out_looks_different.jpg,158,141,6
2019-11-26_09-48-44_i=943454_id=10678_cn=1574761753414496000_thr=742_descr_Sgl_.jpg,224,14,3
2019-11-26_09-49-00_i=943473_id=10683_cn=-10683_thr=535_descr__crossing.jpg,189,214,6
2019-11-26_09-53-37_i=944795_id=10898_cn=1574762033982910000_thr=978_descr_Sgl_different_place.jpg,80,142,7
2019-11-26_09-59-05_i=949684_id=10902_cn=1574762346141719000_thr=541_descr_In@bord_.jpg,115,2,6
2019-11-26_10-25-34_i=963110_id=11759_cn=1574763951099490000_thr=760_descr_Out@bord_.jpg,96,203,6
2019-11-26_10-34-13_i=964707_id=12162_cn=1574764503051458000_thr=957_descr_Sg@bord_looks_different.jpg,200,192,6
2019-11-26_10-38-50_i=964874_id=12436_cn=1574764797491652000_thr=918_descr_Sgl_looks_different.jpg,153,255,4
2019-11-26_10-46-39_i=2875_id=325_cn=1574765198359769000_thr=786_descr__.jpg,109,159,7
2019-11-26_10-46-42_i=2906_id=375_cn=1574765204381639000_thr=877_descr_In_looks_different.jpg,52,129,6
2019-11-26_10-46-47_i=2976_id=529_cn=1574765204650737000_thr=574_descr__.jpg,159,237,7
2019-11-26_10-46-53_i=3055_id=585_cn=1574765213962861000_thr=794_descr_Out_.jpg,208,205,6
2019-11-26_10-47-10_i=3336_id=625_cn=1574765232221984000_thr=725_descr_In_looks_different.jpg,192,158,6
2019-11-26_10-48-23_i=4397_id=1228_cn=1574765306547635000_thr=773_descr_In@bord_.jpg,185,193,4
2019-11-26_10-48-24_i=4400_id=1233_cn=1574765287617994000_thr=999_descr__.jpg,179,101,6
2019-11-26_10-48-26_i=4426_id=1281_cn=1574765287617994000_thr=599_descr_Out_looks_different.jpg,188,100,6
2019-11-26_10-48-54_i=4757_id=1734_cn=1574765337254418000_thr=651_descr_In@bord_looks_different.jpg,91,150,6
2019-11-26_10-49-10_i=4933_id=1912_cn=1574765337254418000_thr=862_descr_Out_.jpg,233,116,4
2019-11-26_10-49-28_i=5146_id=2021_cn=1574765372786925000_thr=738_descr_Sgl_.jpg,69,152,2
2019-11-26_10-50-01_i=5545_id=2223_cn=1574765399982609000_thr=686_descr__.jpg,103,141,4
2019-11-26_10-50-02_i=5548_id=2231_cn=1574765399982609000_thr=659_descr_Out_.jpg,65,130,4
2019-11-26_10-50-02_i=5548_id=2232_cn=1574765399982652000_thr=628_descr__.jpg,237,115,4
2019-11-26_10-50-05_i=5569_id=2266_cn=1574765399982652000_thr=740_descr__crossing.jpg,231,123,4
2019-11-26_10-50-24_i=5714_id=2354_cn=1574765428403774000_thr=662_descr_Out_.jpg,63,128,6
2019-11-26_10-50-26_i=5722_id=2362_cn=1574765431452594000_thr=987_descr_Sgl_different_place.jpg,240,24,3
2019-11-26_10-50-35_i=5777_id=2437_cn=1574765431534114000_thr=890_descr__looks_different.jpg,165,37,6
2019-11-26_10-50-37_i=5790_id=2461_cn=1574765444644292000_thr=763_descr_In_different_place.jpg,0,249,3
2019-11-26_10-50-51_i=5857_id=2608_cn=1574765459670741000_thr=847_descr_Sgl_crossing.jpg,214,6,6
2019-11-26_10-50-51_i=5858_id=2609_cn=1574765459687112000_thr=900_descr_In_looks_different.jpg,165,4,6
2019-11-26_10-52-00_i=6212_id=2834_cn=1574765504291432000_thr=850_descr_Out_.jpg,152,255,6
2019-11-26_10-52-01_i=6213_id=2836_cn=-2836_thr=539_descr__crossing.jpg,217,6,6
2019-11-26_10-52-01_i=6214_id=2838_cn=-2838_thr=646_descr__.jpg,207,250,6
2019-11-26_10-52-19_i=6280_id=2868_cn=1574765551424520000_thr=772_descr_In_different_place.jpg,218,10,6
2019-11-26_10-52-19_i=6281_id=2869_cn=1574765551424520000_thr=973_descr_Out_.jpg,223,38,6
2019-11-26_10-52-53_i=6380_id=2943_cn=1574765563480253000_thr=900_descr__crossing.jpg,137,160,6
2019-11-26_10-53-00_i=6398_id=2968_cn=1574765595778425000_thr=642_descr_In@bord_.jpg,78,221,7
2019-11-26_10-53-02_i=6403_id=2977_cn=1574765595778425000_thr=715_descr__looks_different.jpg,144,23,7
2019-11-26_10-53-05_i=6411_id=2996_cn=1574765601286761000_thr=966_descr_Sgl_.jpg,223,203,4
2019-11-26_10-53-06_i=6412_id=2998_cn=1574765601347997000_thr=627_descr_In_.jpg,51,12,4
2019-11-26_10-54-58_i=6783_id=3153_cn=1574765716474907000_thr=773_descr_In_looks_different.jpg,59,145,6
2019-11-26_10-58-01_i=7188_id=3417_cn=1574765854917648000_thr=975_descr_Out_looks_different.jpg,58,179,6
2019-11-26_10-58-36_i=7446_id=3420_cn=1574765927354364000_thr=987_descr_In_.jpg,77,193,6
2019-11-26_10-59-17_i=7541_id=3474_cn=1574765974001773000_thr=667_descr_In_.jpg,225,108,4
2019-11-26_11-00-14_i=7638_id=3546_cn=1574766041617759000_thr=980_descr_In_looks_different.jpg,59,150,4
2019-11-26_11-00-23_i=7649_id=3556_cn=1574766041617759000_thr=828_descr__crossing.jpg,21,157,4
2019-11-26_11-01-13_i=7721_id=3586_cn=1574766099678169000_thr=847_descr_Sgl_looks_different.jpg,53,130,4
2019-11-26_11-01-43_i=7814_id=3602_cn=1574766115403739000_thr=549_descr_Out_.jpg,254,105,6
2019-11-26_11-02-45_i=8121_id=3631_cn=-3631_thr=587_descr__.jpg,138,178,6
2019-11-26_11-32-53_i=15295_id=4880_cn=1574768019693823000_thr=986_descr_In_.jpg,49,245,6
2019-11-26_11-37-37_i=15544_id=5102_cn=1574768302431511000_thr=834_descr_Out_.jpg,213,51,4
2019-11-26_11-37-37_i=15547_id=5105_cn=1574768309795685000_thr=982_descr_Out@bord_.jpg,10,26,4
2019-11-26_11-40-26_i=15695_id=5183_cn=1574768457525841000_thr=991_descr__.jpg,181,166,1
2019-11-26_11-40-57_i=15713_id=5220_cn=1574768457525841000_thr=940_descr__looks_different.jpg,198,244,1
2019-11-26_11-57-24_i=9782_id=350_cn=1574769445685237000_thr=695_descr_In_.jpg,242,122,6
2019-11-26_11-57-34_i=9937_id=414_cn=1574769456021891000_thr=760_descr_In_.jpg,21,147,6
2019-11-26_11-57-42_i=10053_id=591_cn=1574769455281923000_thr=752_descr__.jpg,61,156,6
2019-11-26_11-57-50_i=10145_id=742_cn=1574769471806858000_thr=541_descr_In_looks_different.jpg,68,134,6
2019-11-26_11-57-59_i=10271_id=860_cn=1574769478810993000_thr=739_descr__crossing.jpg,235,224,3
2019-11-26_11-58-01_i=10300_id=915_cn=1574769478810993000_thr=512_descr__looks_different.jpg,34,48,4
2019-11-26_12-00-26_i=12511_id=1046_cn=1574769627692647000_thr=990_descr_In_looks_different.jpg,75,101,6
2019-11-26_12-05-02_i=16660_id=1498_cn=1574769903935921000_thr=943_descr_In_.jpg,131,222,8
2019-11-26_12-06-00_i=17523_id=1502_cn=1574769961511762000_thr=834_descr_In_crossing.jpg,115,217,6
2019-11-26_12-12-27_i=23333_id=1575_cn=1574770348864263000_thr=800_descr__.jpg,59,34,7
2019-11-26_12-22-38_i=32487_id=1970_cn=1574770960473081000_thr=974_descr_Out@bord_.jpg,212,81,6
2019-11-26_12-22-39_i=32502_id=2004_cn=1574770956981044000_thr=995_descr__.jpg,196,214,6
2019-11-26_12-22-41_i=32520_id=2050_cn=1574770963165255000_thr=839_descr__.jpg,129,221,6
2019-11-26_12-23-12_i=32849_id=2823_cn=1574770963165255000_thr=984_descr__.jpg,139,138,6
2019-11-26_12-41-07_i=47612_id=12010_cn=1574772075224412000_thr=972_descr_In_looks_different.jpg,247,19,7
2019-11-26_12-41-07_i=47613_id=12011_cn=1574772075224412000_thr=990_descr_Out_.jpg,247,81,7
2019-11-26_12-47-44_i=52581_id=12191_cn=1574772475095182000_thr=508_descr_In_.jpg,229,119,6
2019-11-26_12-56-00_i=57456_id=12579_cn=1574772968582929000_thr=747_descr_In@bord_looks_different.jpg,153,85,8
2019-11-26_12-58-56_i=59565_id=12688_cn=1574773150356996000_thr=970_descr_In@bord_looks_different.jpg,119,124,0
2019-11-26_12-58-59_i=59576_id=12699_cn=1574773150356996000_thr=541_descr_Out_.jpg,64,148,0
2019-11-26_12-58-59_i=59579_id=12700_cn=1574773155630905000_thr=896_descr_Sg@bord_looks_different.jpg,45,140,0
2019-11-26_12-59-01_i=59583_id=12704_cn=1574773157406724000_thr=719_descr_In_looks_different.jpg,98,207,0
2019-11-26_13-02-05_i=61127_id=12876_cn=1574773333387451000_thr=630_descr_In_.jpg,235,114,4
2019-11-26_13-02-13_i=61163_id=12893_cn=1574773347759450000_thr=509_descr_In_.jpg,20,144,4
2019-11-26_13-07-24_i=62769_id=13266_cn=1574773652232108000_thr=642_descr_In@bord_different_place.jpg,27,233,2
2019-11-26_13-07-24_i=62772_id=13269_cn=1574773652265046000_thr=866_descr_In@bord_looks_different.jpg,54,227,2
2019-11-26_13-08-03_i=62874_id=13419_cn=1574773652265046000_thr=864_descr_Out@bord_looks_different.jpg,132,157,2
2019-11-26_13-08-57_i=63069_id=13482_cn=1574773733430890000_thr=999_descr_Out_looks_different.jpg,123,41,5
2019-11-26_13-11-17_i=64169_id=13607_cn=1574773818948180000_thr=656_descr_Out_.jpg,20,136,6
2019-11-26_13-24-02_i=70647_id=14208_cn=1574774651330546000_thr=938_descr_Sgl_different_place.jpg,152,193,6
2019-11-26_13-30-26_i=73765_id=14536_cn=1574775038353521000_thr=931_descr_Sg@bord_.jpg,143,98,1
2019-11-26_14-03-04_i=98527_id=15099_cn=1574777004058100000_thr=974_descr_In@bord_.jpg,137,180,7
2019-11-26_14-08-53_i=101041_id=15464_cn=1574777355167941000_thr=905_descr_Sgl_.jpg,62,118,6
2019-11-26_14-17-54_i=107866_id=15612_cn=1574777896319276000_thr=930_descr__looks_different.jpg,118,240,6
2019-11-26_14-22-33_i=109500_id=15862_cn=1574778150287701000_thr=844_descr__.jpg,2,139,4
2019-11-26_14-22-36_i=109506_id=15874_cn=1574778150287701000_thr=756_descr__looks_different.jpg,6,131,4
2019-11-26_14-22-51_i=109526_id=15909_cn=1574778200513645000_thr=948_descr_Sgl_.jpg,116,215,5
2019-11-26_14-26-26_i=110148_id=16037_cn=1574778400369362000_thr=754_descr_Out@bord_.jpg,122,194,5
2019-11-26_14-27-03_i=110209_id=16098_cn=1574778403646202000_thr=977_descr_Out@bord_.jpg,98,137,7
2019-11-26_14-32-30_i=112827_id=16379_cn=1574778719677247000_thr=590_descr_Out_looks_different.jpg,66,131,6
2019-11-26_14-32-34_i=112829_id=16381_cn=1574778636817938000_thr=869_descr_Out_.jpg,13,142,6
2019-11-26_14-45-11_i=117426_id=16827_cn=1574779545376266000_thr=787_descr_Sgl_.jpg,100,155,6
2019-11-26_14-47-17_i=117554_id=16972_cn=1574779673236909000_thr=998_descr_Sgl_crossing.jpg,128,179,6
2019-11-26_14-55-50_i=120168_id=17235_cn=1574780166614017000_thr=947_descr_Out@bord_.jpg,193,253,6
2019-11-26_14-59-08_i=121205_id=17302_cn=1574780366150313000_thr=524_descr_In@bord_looks_different.jpg,97,33,5
2019-11-26_15-00-44_i=121514_id=17350_cn=1574780461746907000_thr=712_descr_Sg@bord_.jpg,112,137,1
2019-11-26_15-00-44_i=121515_id=17351_cn=1574780461781401000_thr=583_descr_In@bord_.jpg,136,155,1
2019-11-26_15-11-40_i=122685_id=18114_cn=1574781121770063000_thr=852_descr_Sgl_.jpg,130,5,7
2019-11-26_15-17-53_i=124685_id=18264_cn=1574781514960398000_thr=726_descr_Out@bord_.jpg,83,112,6
2019-11-26_15-31-05_i=130281_id=18478_cn=1574782291910989000_thr=949_descr_In_different_place.jpg,188,161,3
2019-11-26_15-31-06_i=130296_id=18490_cn=1574782308106948000_thr=969_descr_In_.jpg,211,251,3
2019-11-26_15-32-04_i=130340_id=18553_cn=1574782330048947000_thr=971_descr_Out@bord_.jpg,15,127,6
2019-11-26_15-32-04_i=130341_id=18554_cn=1574782374985397000_thr=942_descr_In@bord_looks_different.jpg,1,142,6
2019-11-26_15-32-10_i=130347_id=18561_cn=1574782380705407000_thr=922_descr_Sgl_.jpg,1,23,3
2019-11-26_15-32-37_i=130364_id=18597_cn=1574782398654878000_thr=999_descr__.jpg,222,155,0
2019-11-26_15-32-49_i=130373_id=18625_cn=1574782398654878000_thr=995_descr__looks_different.jpg,8,206,0
2019-11-26_16-08-49_i=146984_id=19138_cn=1574784588737127000_thr=575_descr_In_.jpg,159,205,6
2019-11-26_16-11-55_i=147168_id=19192_cn=1574784765979746000_thr=763_descr_In_.jpg,38,127,6
2019-11-26_16-29-00_i=151139_id=19482_cn=1574785694036712000_thr=880_descr_Out_.jpg,237,246,3
2019-11-26_16-32-21_i=151355_id=19513_cn=1574785980524808000_thr=949_descr_In_crossing.jpg,204,0,6
2019-11-26_16-41-57_i=156395_id=19541_cn=1574786564534892000_thr=806_descr_In_looks_different.jpg,254,109,6
2019-11-26_17-07-10_i=18273_id=229_cn=1574788031430399000_thr=842_descr_In_looks_different.jpg,250,120,6
2019-11-26_17-31-10_i=39875_id=444_cn=1574789470956281000_thr=819_descr_Out_.jpg,60,32,6
2019-11-26_18-35-43_i=97971_id=1066_cn=1574793343739821000_thr=856_descr__.jpg,146,6,6
2019-11-26_18-36-02_i=98238_id=1352_cn=-1352_thr=630_descr__looks_different.jpg,123,42,0
2019-11-26_18-38-29_i=100467_id=1441_cn=1574793511782914000_thr=956_descr__.jpg,169,49,3
2019-11-26_18-38-29_i=100469_id=1450_cn=1574793511782914000_thr=883_descr__.jpg,166,48,0
2019-11-26_18-38-31_i=100488_id=1479_cn=1574793511782914000_thr=565_descr__.jpg,255,81,3
2019-11-26_19-33-48_i=150242_id=2371_cn=1574796827882961000_thr=572_descr_Out_.jpg,48,51,0
2019-11-26_20-02-56_i=176472_id=2437_cn=1574798578438996000_thr=992_descr_Out@bord_looks_different.jpg,128,145,6
2019-11-26_20-50-30_i=219279_id=2610_cn=1574801432685687000_thr=907_descr_Sgl_looks_different.jpg,228,28,6
2019-11-26_20-50-44_i=219462_id=2830_cn=1574801433398314000_thr=998_descr__.jpg,146,200,6
2019-11-26_20-50-45_i=219473_id=2852_cn=1574801449396878000_thr=548_descr_In_looks_different.jpg,62,163,6
2019-11-26_20-50-46_i=219479_id=2865_cn=1574801449396878000_thr=864_descr_Out_.jpg,68,158,6
2019-11-26_20-50-46_i=219479_id=2866_cn=1574801449584373000_thr=776_descr__.jpg,206,115,6
2019-11-27_08-11-24_i=276273_id=296_cn=1574842284520688000_thr=645_descr_Out_.jpg,6,111,6
2019-11-27_08-18-47_i=282925_id=445_cn=1574842727968532000_thr=538_descr_Out_.jpg,11,70,3
2019-11-27_08-20-54_i=284829_id=716_cn=1574842856255792000_thr=699_descr_In_.jpg,216,177,6
2019-11-27_08-34-01_i=296578_id=2313_cn=1574843643033675000_thr=614_descr_In_.jpg,83,140,0
2019-11-27_09-10-27_i=329363_id=2645_cn=1574845828672493000_thr=714_descr_In_looks_different.jpg,120,15,6
2019-11-27_09-11-19_i=330147_id=2694_cn=1574845878653887000_thr=630_descr_Out_.jpg,188,223,3
2019-11-27_09-11-23_i=330210_id=2697_cn=1574845885015207000_thr=826_descr_Out@bord_.jpg,212,176,6
2019-11-27_09-11-24_i=330211_id=2698_cn=-2698_thr=510_descr__crossing.jpg,236,178,6
2019-11-27_09-14-37_i=333109_id=2967_cn=1574846076364835000_thr=990_descr__crossing.jpg,11,7,0
2019-11-27_09-18-21_i=336463_id=3363_cn=1574846303045012000_thr=697_descr_Out@bord_.jpg,224,136,6
2019-11-27_09-22-04_i=339813_id=3537_cn=1574846522270103000_thr=658_descr__.jpg,119,170,0
2019-11-27_09-29-00_i=346038_id=4043_cn=1574846941240141000_thr=538_descr_Out_.jpg,14,131,6
2019-11-27_09-33-14_i=349874_id=4111_cn=1574847192099018000_thr=990_descr__looks_different.jpg,23,145,3
2019-11-27_09-33-14_i=349875_id=4114_cn=1574847197739530000_thr=987_descr_In@bord_looks_different.jpg,214,191,6
2019-11-27_09-33-15_i=349881_id=4124_cn=1574847192099018000_thr=963_descr_Out@bord_looks_different.jpg,184,212,3
2019-11-27_09-33-15_i=349883_id=4126_cn=1574847198399617000_thr=994_descr_In@bord_looks_different.jpg,224,142,3
2019-11-27_09-33-19_i=349927_id=4172_cn=1574847202155233000_thr=826_descr_Sg@bord_.jpg,52,175,6
2019-11-27_09-33-19_i=349934_id=4186_cn=1574847202968922000_thr=994_descr_In_looks_different.jpg,50,71,3
2019-11-27_09-33-20_i=349941_id=4200_cn=1574847202968922000_thr=971_descr__looks_different.jpg,129,137,3
2019-11-27_09-33-21_i=349955_id=4243_cn=1574847204680732000_thr=994_descr__looks_different.jpg,163,142,3
2019-11-27_09-33-23_i=349974_id=4300_cn=1574847206198950000_thr=985_descr_Out_looks_different.jpg,152,138,3
2019-11-27_09-33-24_i=349977_id=4308_cn=1574847205198362000_thr=976_descr__.jpg,243,131,3
2019-11-27_09-33-24_i=349983_id=4324_cn=1574847205198362000_thr=714_descr__.jpg,248,71,3
2019-11-27_09-33-24_i=349985_id=4328_cn=1574847205198362000_thr=967_descr__.jpg,245,70,3
2019-11-27_09-33-25_i=349993_id=4345_cn=1574847209303255000_thr=957_descr_Out_looks_different.jpg,2,72,3
2019-11-27_09-33-26_i=350003_id=4366_cn=1574847210775373000_thr=970_descr_Sgl_.jpg,41,218,3
2019-11-27_09-33-26_i=350003_id=4367_cn=1574847210775629000_thr=768_descr_In_.jpg,123,43,3
2019-11-27_09-33-26_i=350004_id=4370_cn=1574847210775629000_thr=869_descr__.jpg,104,43,0
2019-11-27_09-33-27_i=350011_id=4387_cn=1574847211729296000_thr=728_descr_In_looks_different.jpg,243,205,3
2019-11-27_09-33-29_i=350025_id=4416_cn=1574847210775629000_thr=856_descr__.jpg,102,26,0
2019-11-27_09-34-06_i=350600_id=4452_cn=1574847250429852000_thr=735_descr_Sg@bord_.jpg,72,202,3
2019-11-27_09-39-43_i=355697_id=4623_cn=1574847587114132000_thr=989_descr_In@bord_looks_different.jpg,211,150,6
2019-11-27_09-41-14_i=357070_id=4663_cn=1574847678365928000_thr=877_descr_In_.jpg,154,46,5
2019-11-27_09-41-47_i=357384_id=4865_cn=1574847712579975000_thr=607_descr_In_.jpg,198,228,5
2019-11-27_09-41-53_i=357422_id=4895_cn=1574847718311106000_thr=980_descr_In@bord_looks_different.jpg,142,197,1
2019-11-27_09-42-05_i=357517_id=4948_cn=1574847727983974000_thr=911_descr_Out@bord_.jpg,154,173,5
2019-11-27_09-45-10_i=359825_id=5324_cn=1574847914322651000_thr=648_descr_In@bord_.jpg,146,115,6
2019-11-27_09-45-11_i=359844_id=5367_cn=1574847913829266000_thr=974_descr__.jpg,221,124,6
2019-11-27_09-45-12_i=359848_id=5376_cn=1574847914322651000_thr=963_descr_Out_crossing.jpg,217,226,6
2019-11-27_09-45-12_i=359849_id=5377_cn=1574847918403687000_thr=997_descr_In_.jpg,95,49,6
2019-11-27_09-45-18_i=359886_id=5421_cn=1574847918439802000_thr=734_descr__.jpg,208,234,6
2019-11-27_09-49-32_i=363480_id=5674_cn=1574848175542753000_thr=990_descr_Out_.jpg,82,17,3
2019-11-27_09-49-32_i=363481_id=5675_cn=1574848179455776000_thr=987_descr_In_.jpg,144,42,0
2019-11-27_09-49-32_i=363481_id=5676_cn=1574848179455849000_thr=738_descr_In_.jpg,123,253,3
2019-11-27_09-49-33_i=363484_id=5681_cn=1574848179455776000_thr=998_descr__.jpg,149,39,0
2019-11-27_09-49-33_i=363485_id=5685_cn=1574848180287656000_thr=953_descr_Sgl_looks_different.jpg,217,234,3
2019-11-27_09-59-06_i=371987_id=5928_cn=-5928_thr=579_descr__.jpg,246,129,3
2019-11-27_10-01-32_i=373164_id=6193_cn=1574848899290671000_thr=973_descr_In@bord_looks_different.jpg,126,167,6
2019-11-27_10-03-54_i=375059_id=6293_cn=1574849045595463000_thr=908_descr_In_.jpg,119,13,3
2019-11-27_10-04-02_i=375085_id=6345_cn=1574849036550119000_thr=856_descr__crossing.jpg,239,224,3
2019-11-27_10-04-04_i=375088_id=6351_cn=1574849036550119000_thr=582_descr_Out_.jpg,5,231,3
2019-11-27_10-04-57_i=375249_id=6459_cn=1574849110094996000_thr=636_descr_In_.jpg,22,122,3
2019-11-27_10-05-00_i=375259_id=6469_cn=1574849110094996000_thr=536_descr_Out_.jpg,9,124,3
2019-11-27_10-05-10_i=375284_id=6492_cn=1574849121816080000_thr=918_descr_Sgl_.jpg,97,154,0
2019-11-27_10-05-10_i=375285_id=6493_cn=1574849123253408000_thr=802_descr_Sgl_.jpg,16,126,0
2019-11-27_10-06-51_i=376177_id=6743_cn=1574849230393228000_thr=972_descr_In_different_place.jpg,155,159,0
2019-11-27_10-06-51_i=376177_id=6744_cn=1574849181799044000_thr=955_descr__looks_different.jpg,119,150,6
2019-11-27_10-06-57_i=376189_id=6767_cn=1574849230393228000_thr=987_descr_Out_.jpg,155,163,0
2019-11-27_10-06-57_i=376189_id=6768_cn=1574849181799044000_thr=980_descr__.jpg,106,149,6
2019-11-27_10-07-00_i=376192_id=6773_cn=1574849236665258000_thr=984_descr_In_looks_different.jpg,186,193,0
2019-11-27_10-09-47_i=377574_id=6835_cn=1574849397275902000_thr=999_descr_Sg@bord_.jpg,200,131,0
2019-11-27_10-10-50_i=377689_id=7178_cn=1574849397275778000_thr=997_descr__.jpg,162,28,6
2019-11-27_10-10-53_i=377693_id=7192_cn=1574849480271785000_thr=886_descr_Sg@bord_.jpg,152,204,6
2019-11-27_10-10-59_i=377700_id=7200_cn=1574849483535903000_thr=767_descr_Sgl_different_place.jpg,243,117,6
2019-11-27_10-11-00_i=377703_id=7205_cn=1574849486908159000_thr=993_descr_In_different_place.jpg,255,111,3
2019-11-27_10-11-05_i=377710_id=7219_cn=1574849486853414000_thr=974_descr_Out_.jpg,246,209,3
2019-11-27_10-11-08_i=377713_id=7222_cn=1574849494395397000_thr=842_descr__.jpg,156,237,6
2019-11-27_10-13-04_i=377837_id=7349_cn=1574849620511329000_thr=994_descr_Sg@bord_looks_different.jpg,114,173,3
2019-11-27_10-14-58_i=378548_id=7362_cn=1574849716578764000_thr=908_descr_In_crossing.jpg,111,158,3
2019-11-27_10-22-33_i=379262_id=7760_cn=1574850197897238000_thr=751_descr_Sgl_crossing.jpg,58,142,3
2019-11-27_10-22-33_i=379263_id=7761_cn=1574850197928710000_thr=896_descr_Sgl_.jpg,212,184,3
2019-11-27_10-22-38_i=379266_id=7763_cn=1574850202780595000_thr=990_descr_Sgl_.jpg,230,218,3
2019-11-27_10-28-05_i=380025_id=7955_cn=1574850270587897000_thr=779_descr_Out_.jpg,43,212,4
2019-11-27_10-30-52_i=380140_id=8150_cn=1574850699556063000_thr=962_descr_Out_.jpg,59,239,3
2019-11-27_10-30-52_i=380140_id=8151_cn=1574850699556264000_thr=925_descr_Out_.jpg,209,202,0
2019-11-27_10-30-53_i=380142_id=8156_cn=1574850713316006000_thr=985_descr_Sg@bord_.jpg,151,59,3
2019-11-27_10-30-59_i=380144_id=8160_cn=1574850633400466000_thr=998_descr__looks_different.jpg,185,26,6
2019-11-27_10-30-59_i=380146_id=8164_cn=1574850720721601000_thr=999_descr_Sg@bord_different_place.jpg,209,109,3
2019-11-27_10-31-00_i=380147_id=8168_cn=-8168_thr=655_descr__.jpg,43,177,6
2019-11-27_10-32-59_i=380210_id=8300_cn=1574850858802628000_thr=765_descr_Sg@bord_.jpg,62,159,6
2019-11-27_10-33-35_i=380227_id=8334_cn=1574850720836932000_thr=914_descr_Out@bord_.jpg,169,215,6
2019-11-27_10-43-07_i=3252_id=1358_cn=1574851382473823000_thr=582_descr_Out_.jpg,38,136,6
2019-11-27_10-43-11_i=3315_id=1449_cn=1574851393860592000_thr=937_descr_In_crossing.jpg,146,175,6
2019-11-27_10-44-00_i=3986_id=2362_cn=1574851443405937000_thr=981_descr_Out@bord_.jpg,214,125,3
2019-11-27_10-44-00_i=3987_id=2363_cn=1574851443529257000_thr=991_descr_In_looks_different.jpg,181,85,3
2019-11-27_10-44-05_i=4042_id=2458_cn=1574851447624101000_thr=653_descr_In_looks_different.jpg,116,15,6
2019-11-27_10-44-05_i=4043_id=2460_cn=1574851447624101000_thr=721_descr_Out_.jpg,103,250,6
2019-11-27_10-44-06_i=4053_id=2471_cn=1574851448302948000_thr=723_descr_Sg@bord_.jpg,66,144,3
2019-11-27_10-49-11_i=8747_id=3326_cn=1574851753539786000_thr=694_descr_Out_looks_different.jpg,236,57,4
2019-11-27_10-49-15_i=8800_id=3375_cn=1574851753994445000_thr=806_descr_Out_looks_different.jpg,234,235,4
2019-11-27_10-52-09_i=11431_id=3785_cn=1574851931974743000_thr=602_descr_In@bord_looks_different.jpg,215,16,3
2019-11-27_10-54-08_i=13208_id=4092_cn=1574852047104851000_thr=934_descr__.jpg,155,76,6
2019-11-27_11-02-57_i=21142_id=4431_cn=-4431_thr=592_descr__.jpg,47,135,6
2019-11-27_11-03-32_i=21569_id=4915_cn=1574852615232507000_thr=732_descr_Sg@bord_looks_different.jpg,114,104,6
2019-11-27_11-04-26_i=22356_id=5197_cn=1574852669781411000_thr=860_descr_In_looks_different.jpg,25,242,6
2019-11-27_11-05-01_i=22781_id=5459_cn=1574852701793966000_thr=985_descr_Out_looks_different.jpg,143,5,3
2019-11-27_11-05-01_i=22782_id=5460_cn=1574852704677284000_thr=996_descr_In_.jpg,142,148,3
2019-11-27_11-05-02_i=22787_id=5465_cn=1574852704677284000_thr=959_descr_Out_looks_different.jpg,182,52,3
2019-11-27_11-05-13_i=22911_id=5562_cn=1574852714633260000_thr=546_descr_Out_.jpg,6,122,6
2019-11-27_11-05-31_i=23185_id=5569_cn=1574852733866274000_thr=567_descr_In@bord_looks_different.jpg,48,151,6
2019-11-27_11-15-29_i=32207_id=6226_cn=1574853331973439000_thr=751_descr_In_looks_different.jpg,55,131,6
2019-11-27_11-48-39_i=61667_id=8635_cn=1574855323625112000_thr=805_descr__.jpg,47,151,4
2019-11-27_11-48-39_i=61667_id=8636_cn=1574855324293494000_thr=593_descr_In_looks_different.jpg,253,107,4
2019-11-27_11-48-43_i=61692_id=8682_cn=1574855323625112000_thr=738_descr__.jpg,102,162,4
2019-11-27_11-48-43_i=61697_id=8695_cn=1574855323625112000_thr=761_descr__.jpg,121,174,4
2019-11-27_11-48-43_i=61697_id=8696_cn=1574855330024101000_thr=649_descr_In_looks_different.jpg,244,115,4
2019-11-27_11-48-49_i=61730_id=8783_cn=1574855323625112000_thr=608_descr__.jpg,214,228,4
2019-11-27_11-48-50_i=61733_id=8789_cn=1574855323625112000_thr=968_descr__crossing.jpg,201,220,4
2019-11-27_11-48-50_i=61736_id=8795_cn=1574855327771553000_thr=997_descr__looks_different.jpg,213,83,6
2019-11-27_11-48-50_i=61737_id=8798_cn=1574855323625112000_thr=620_descr_Out_crossing.jpg,16,204,8
2019-11-27_11-48-53_i=61752_id=8818_cn=1574855327771553000_thr=997_descr__.jpg,211,196,4
2019-11-27_11-48-53_i=61752_id=8819_cn=1574855339797554000_thr=783_descr__crossing.jpg,232,224,4
2019-11-27_11-49-03_i=61800_id=8902_cn=1574855349239711000_thr=858_descr_In_.jpg,148,47,4
2019-11-27_11-55-01_i=67050_id=9113_cn=1574855705150112000_thr=568_descr_Out@bord_.jpg,170,126,4
2019-11-27_11-56-00_i=67511_id=9250_cn=1574855766652994000_thr=503_descr_In_crossing.jpg,205,229,6
2019-11-27_11-56-46_i=68051_id=9306_cn=1574855812232222000_thr=842_descr_Out@bord_.jpg,95,172,4
2019-11-27_11-57-52_i=68530_id=9481_cn=1574855879200882000_thr=569_descr_In_crossing.jpg,109,228,4
2019-11-27_11-58-19_i=68686_id=9551_cn=1574855907048729000_thr=927_descr_In_looks_different.jpg,38,51,4
2019-11-27_11-58-21_i=68694_id=9558_cn=1574855908741227000_thr=721_descr_In_looks_different.jpg,232,85,6
2019-11-27_11-58-31_i=68740_id=9587_cn=1574855917857074000_thr=568_descr_In@bord_looks_different.jpg,169,172,6
2019-11-27_11-58-38_i=68778_id=9605_cn=1574855925168591000_thr=608_descr_In@bord_different_place.jpg,126,16,6
2019-11-27_11-58-59_i=68870_id=9752_cn=1574855946990507000_thr=576_descr_Out@bord_.jpg,218,241,6
2019-11-27_12-00-10_i=69233_id=9872_cn=1574856018930198000_thr=661_descr_In@bord_looks_different.jpg,86,98,6
2019-11-27_12-00-12_i=69240_id=9879_cn=1574856020091535000_thr=703_descr_Sgl_.jpg,73,182,7
2019-11-27_12-00-41_i=69512_id=9896_cn=1574856049321366000_thr=755_descr_Sgl_looks_different.jpg,26,68,6
2019-11-27_12-02-09_i=69847_id=10143_cn=-10143_thr=504_descr__different_place.jpg,134,237,6
2019-11-27_12-02-44_i=70289_id=10155_cn=1574856171108143000_thr=786_descr_Out_.jpg,0,246,1
2019-11-27_12-03-50_i=70637_id=10210_cn=1574856241199329000_thr=659_descr__.jpg,37,78,6
2019-11-27_12-05-20_i=71342_id=10281_cn=1574856326729253000_thr=598_descr_In_.jpg,84,29,7
2019-11-27_12-21-14_i=82697_id=10926_cn=1574857270859463000_thr=688_descr_Out_.jpg,11,120,6
2019-11-27_12-22-08_i=82809_id=11035_cn=1574857346863649000_thr=578_descr_In_looks_different.jpg,139,161,6
2019-11-27_12-25-00_i=83106_id=11355_cn=1574857522038697000_thr=745_descr_Sg@bord_.jpg,54,187,8
2019-11-27_12-25-00_i=83107_id=11356_cn=1574857522065334000_thr=823_descr_Sg@bord_looks_different.jpg,68,166,8
2019-11-27_12-25-02_i=83109_id=11359_cn=1574857507446227000_thr=857_descr__.jpg,251,184,6
2019-11-27_12-25-45_i=83207_id=11460_cn=1574857571907540000_thr=988_descr_Sg@bord_.jpg,190,122,6
2019-11-27_12-25-54_i=83218_id=11477_cn=1574857536881347000_thr=970_descr__.jpg,215,106,6
2019-11-27_12-26-00_i=83225_id=11489_cn=1574857586842652000_thr=988_descr_In@bord_crossing.jpg,200,196,0
2019-11-27_12-29-20_i=83441_id=12140_cn=1574857586842652000_thr=967_descr__.jpg,146,228,0
2019-11-27_12-29-48_i=83467_id=12219_cn=1574857830724045000_thr=962_descr_In@bord_.jpg,107,244,0
2019-11-27_12-29-53_i=83468_id=12220_cn=1574857586842652000_thr=999_descr__.jpg,173,97,6
2019-11-27_12-35-23_i=83839_id=12575_cn=1574858147050504000_thr=818_descr_Sgl_.jpg,233,223,4
2019-11-27_12-35-23_i=83840_id=12576_cn=1574858147128200000_thr=945_descr_In_.jpg,118,152,4
2019-11-27_12-37-11_i=84014_id=12652_cn=1574858208643518000_thr=712_descr_Out_looks_different.jpg,204,232,6
2019-11-27_12-57-18_i=100151_id=12703_cn=1574859461360355000_thr=652_descr_In_.jpg,238,93,6
2019-11-27_13-12-48_i=102282_id=13131_cn=1574860422768896000_thr=611_descr_In_looks_different.jpg,169,230,4
2019-11-27_13-41-47_i=354_id=98_cn=1574862109140901000_thr=896_descr_In@bord_looks_different.jpg,124,183,1
2019-11-27_13-41-49_i=385_id=129_cn=1574862109941718000_thr=771_descr_Out@bord_.jpg,180,85,1
2019-11-27_13-43-08_i=1567_id=189_cn=1574862189749981000_thr=989_descr__looks_different.jpg,147,94,6
2019-11-27_13-43-10_i=1592_id=264_cn=1574862191072389000_thr=980_descr_Out_looks_different.jpg,128,73,6
2019-11-27_13-43-22_i=1739_id=629_cn=1574862200858263000_thr=986_descr__.jpg,194,228,0
2019-11-27_13-43-31_i=1852_id=862_cn=1574862200858263000_thr=996_descr__.jpg,212,158,0
2019-11-27_13-43-31_i=1852_id=863_cn=1574862214314114000_thr=993_descr_In_looks_different.jpg,221,53,1
2019-11-27_13-43-31_i=1854_id=869_cn=1574862214538597000_thr=963_descr_In_looks_different.jpg,211,21,1
2019-11-27_13-43-32_i=1856_id=875_cn=1574862214538597000_thr=960_descr_Out_looks_different.jpg,212,172,1
2019-11-27_13-43-32_i=1860_id=887_cn=1574862215201678000_thr=883_descr_In_looks_different.jpg,206,42,1
2019-11-27_13-43-32_i=1863_id=896_cn=1574862215780363000_thr=998_descr_In_looks_different.jpg,198,192,1
2019-11-27_13-43-33_i=1875_id=932_cn=1574862216725994000_thr=869_descr_Sgl_different_place.jpg,175,3,1
2019-11-27_13-43-33_i=1876_id=935_cn=1574862216877024000_thr=798_descr_Sgl_looks_different.jpg,220,53,0
2019-11-27_13-43-40_i=1946_id=1118_cn=1574862188562797000_thr=998_descr__.jpg,171,186,6
2019-11-27_13-43-45_i=2000_id=1237_cn=1574862188562797000_thr=997_descr__.jpg,208,178,6
2019-11-27_13-44-04_i=2202_id=1647_cn=1574862244988955000_thr=688_descr_Out@bord_looks_different.jpg,49,164,0
2019-11-27_13-50-39_i=8259_id=2255_cn=1574862642367069000_thr=992_descr_Sg@bord_looks_different.jpg,207,214,6
2019-11-27_13-50-39_i=8260_id=2256_cn=1574862642397942000_thr=998_descr_In@bord_looks_different.jpg,137,151,1
2019-11-27_13-50-40_i=8264_id=2260_cn=1574862642397942000_thr=965_descr_Out_looks_different.jpg,158,155,1
2019-11-27_13-51-16_i=8804_id=2278_cn=1574862677604395000_thr=669_descr_Out_looks_different.jpg,22,212,6
2019-11-27_13-51-18_i=8840_id=2334_cn=-2334_thr=618_descr__.jpg,160,174,6
2019-11-27_13-51-19_i=8847_id=2362_cn=1574862681891743000_thr=746_descr__looks_different.jpg,68,6,0
2019-11-27_13-51-23_i=8881_id=2462_cn=1574862681891743000_thr=563_descr__crossing.jpg,42,204,0
2019-11-27_13-51-23_i=8885_id=2475_cn=-2475_thr=622_descr__.jpg,98,161,6
2019-11-27_13-51-25_i=8899_id=2500_cn=1574862681891743000_thr=993_descr__looks_different.jpg,225,198,0
2019-11-27_13-51-36_i=9009_id=2642_cn=1574862681891743000_thr=530_descr_Out_.jpg,60,138,0
2019-11-27_13-53-21_i=10633_id=2735_cn=1574862803618935000_thr=522_descr_In_.jpg,245,105,6
2019-11-27_13-53-28_i=10720_id=2818_cn=1574862811909413000_thr=530_descr_In_.jpg,216,111,6
2019-11-27_13-53-49_i=10932_id=3038_cn=1574862832746205000_thr=527_descr_In_different_place.jpg,21,216,4
2019-11-27_13-53-51_i=10957_id=3063_cn=1574862835362630000_thr=671_descr_In_looks_different.jpg,37,233,4
2019-11-27_13-57-49_i=14709_id=3237_cn=1574863071768039000_thr=744_descr__crossing.jpg,219,214,4
2019-11-27_13-57-50_i=14717_id=3246_cn=1574863073426235000_thr=711_descr_Sgl_.jpg,31,163,4
2019-11-27_13-57-50_i=14718_id=3248_cn=1574863073442637000_thr=722_descr_Sgl_looks_different.jpg,9,194,4
2019-11-27_13-58-14_i=14952_id=3417_cn=1574863092760371000_thr=644_descr_Out_.jpg,241,117,4
2019-11-27_13-58-17_i=14986_id=3440_cn=1574863099178889000_thr=528_descr_Out_looks_different.jpg,232,107,4
2019-11-27_14-03-42_i=19653_id=4124_cn=1574863426769273000_thr=588_descr_In_.jpg,3,129,6
2019-11-27_14-06-39_i=21820_id=4802_cn=1574863603513617000_thr=879_descr_In_looks_different.jpg,46,41,7
2019-11-27_14-06-41_i=21838_id=4820_cn=1574863603513617000_thr=998_descr__crossing.jpg,14,16,4
2019-11-27_14-11-08_i=25775_id=5069_cn=1574863871542959000_thr=750_descr_In_different_place.jpg,15,246,3
2019-11-27_14-11-10_i=25800_id=5087_cn=1574863872949168000_thr=549_descr_Out_crossing.jpg,252,252,3
2019-11-27_14-11-11_i=25810_id=5093_cn=1574863875718564000_thr=905_descr_In_looks_different.jpg,253,225,3
2019-11-27_14-11-12_i=25816_id=5097_cn=1574863876219321000_thr=724_descr_In_looks_different.jpg,176,240,3
2019-11-27_14-11-40_i=26102_id=5212_cn=1574863903286166000_thr=892_descr_In@bord_looks_different.jpg,226,138,3
2019-11-27_14-11-41_i=26125_id=5234_cn=1574863903286166000_thr=657_descr_Out_.jpg,43,250,1
2019-11-27_14-11-41_i=26126_id=5235_cn=1574863906141351000_thr=993_descr_Sgl_looks_different.jpg,66,204,1
2019-11-27_14-11-42_i=26127_id=5236_cn=1574863906230488000_thr=989_descr_In_.jpg,12,63,1
2019-11-27_14-15-40_i=29287_id=5913_cn=1574864117923666000_thr=637_descr__crossing.jpg,50,181,4
2019-11-27_14-15-50_i=29349_id=6000_cn=1574864152606608000_thr=840_descr__.jpg,67,165,4
2019-11-27_14-15-50_i=29349_id=6002_cn=1574864156550144000_thr=569_descr_In_different_place.jpg,55,129,6
2019-11-27_14-16-12_i=29469_id=6208_cn=-6208_thr=567_descr__.jpg,91,160,4
2019-11-27_14-17-11_i=29816_id=6460_cn=1574864234822401000_thr=502_descr_Out_looks_different.jpg,19,138,6
2019-11-27_14-17-40_i=29958_id=6600_cn=1574864266779971000_thr=592_descr_In_different_place.jpg,20,138,4
2019-11-27_14-17-55_i=30044_id=6656_cn=1574864277423409000_thr=676_descr_Out_looks_different.jpg,7,142,4
2019-11-27_14-17-55_i=30044_id=6657_cn=1574864274945203000_thr=515_descr__.jpg,79,184,4
2019-11-27_14-17-59_i=30060_id=6665_cn=1574864284418910000_thr=749_descr__.jpg,9,139,4
2019-11-27_14-18-00_i=30068_id=6681_cn=1574864286190703000_thr=897_descr__.jpg,41,167,4
2019-11-27_14-18-42_i=30272_id=6821_cn=1574864329694038000_thr=762_descr_Out_.jpg,78,209,4
2019-11-27_14-18-49_i=30307_id=6854_cn=1574864338991792000_thr=976_descr_Sgl_different_place.jpg,173,176,4
2019-11-27_14-18-50_i=30308_id=6856_cn=-6856_thr=504_descr__crossing.jpg,241,140,4
2019-11-27_14-18-50_i=30309_id=6859_cn=-6859_thr=607_descr__.jpg,254,141,4
2019-11-27_14-18-55_i=30329_id=6861_cn=1574864345127948000_thr=610_descr_In_.jpg,171,166,6
2019-11-27_14-19-33_i=30464_id=6999_cn=-6999_thr=571_descr__crossing.jpg,241,106,6
2019-11-27_14-20-18_i=30609_id=7124_cn=1574864409698615000_thr=581_descr_Out_looks_different.jpg,59,189,4
2019-11-27_14-24-47_i=33392_id=8464_cn=1574864687412753000_thr=709_descr__.jpg,41,194,6
2019-11-27_14-25-08_i=33443_id=8518_cn=1574864695849549000_thr=996_descr__.jpg,167,188,6
2019-11-27_14-25-11_i=33449_id=8532_cn=1574864727472895000_thr=662_descr_In_different_place.jpg,83,138,6
2019-11-27_14-25-22_i=33475_id=8596_cn=1574864727472895000_thr=688_descr_Out_.jpg,76,149,6
2019-11-27_14-25-25_i=33482_id=8608_cn=1574864695849549000_thr=930_descr__.jpg,66,157,6
2019-11-27_14-25-25_i=33482_id=8610_cn=1574864743684883000_thr=687_descr_In_.jpg,35,149,6
2019-11-27_14-26-52_i=33820_id=8678_cn=-8678_thr=548_descr__crossing.jpg,105,174,4
2019-11-27_14-28-12_i=34096_id=8779_cn=1574864910750648000_thr=535_descr_In_.jpg,122,140,6
2019-11-27_14-29-07_i=34205_id=8858_cn=1574864968597854000_thr=581_descr_In_looks_different.jpg,105,168,4
2019-11-27_14-29-12_i=34215_id=8885_cn=1574864968597854000_thr=855_descr__.jpg,82,166,4
2019-11-27_14-29-16_i=34223_id=8897_cn=1574864968597854000_thr=772_descr_Out_looks_different.jpg,47,154,4
2019-11-27_14-29-16_i=34223_id=8898_cn=-8898_thr=683_descr__.jpg,74,148,6
2019-11-27_14-29-33_i=34250_id=8902_cn=1574864998237043000_thr=597_descr_In_.jpg,213,131,4
2019-11-27_14-31-35_i=34459_id=9093_cn=1574865075601582000_thr=818_descr__.jpg,73,146,4
2019-11-27_14-33-24_i=34593_id=9228_cn=1574865233346417000_thr=751_descr_Sgl_looks_different.jpg,35,148,4
2019-11-27_14-35-33_i=34772_id=9343_cn=1574865361713259000_thr=891_descr_Sgl_crossing.jpg,21,145,6
2019-11-27_14-41-29_i=37298_id=9517_cn=1574865693379693000_thr=797_descr__.jpg,44,120,6
2019-11-27_14-41-29_i=37298_id=9518_cn=1574865704737616000_thr=772_descr_Out@bord_looks_different.jpg,34,27,6
2019-11-27_14-41-52_i=37320_id=9563_cn=1574865693379693000_thr=936_descr__.jpg,3,126,6
2019-11-27_14-43-50_i=37447_id=9663_cn=-9663_thr=635_descr__.jpg,63,243,6
2019-11-27_14-49-08_i=37683_id=10040_cn=-10040_thr=588_descr__.jpg,198,217,4
2019-11-27_14-49-39_i=37696_id=10079_cn=1574866196067110000_thr=982_descr__looks_different.jpg,41,135,6
2019-11-27_14-52-45_i=37767_id=10306_cn=1574866365095621000_thr=891_descr__looks_different.jpg,227,165,6
2019-11-27_14-53-10_i=37774_id=10323_cn=-10323_thr=572_descr__.jpg,130,176,6
2019-11-27_14-58-26_i=2709_id=165_cn=1574866707853185000_thr=524_descr_In_looks_different.jpg,3,112,6
2019-11-27_14-58-38_i=2885_id=344_cn=1574866713085917000_thr=774_descr__.jpg,143,161,6
2019-11-27_14-58-38_i=2885_id=345_cn=1574866720712238000_thr=628_descr_In_looks_different.jpg,202,190,6
2019-11-27_14-58-39_i=2901_id=377_cn=1574866720712238000_thr=875_descr__crossing.jpg,6,219,6
2019-11-27_14-58-40_i=2907_id=386_cn=1574866720612487000_thr=640_descr_Out_.jpg,253,121,6
2019-11-27_14-58-44_i=2965_id=483_cn=1574866720712238000_thr=999_descr__.jpg,19,50,6
2019-11-27_14-58-46_i=2985_id=527_cn=1574866720712238000_thr=999_descr__.jpg,9,96,0
2019-11-27_14-58-49_i=3017_id=620_cn=1574866720712238000_thr=999_descr__.jpg,2,62,0
2019-11-27_14-58-49_i=3017_id=621_cn=1574866728860779000_thr=899_descr__.jpg,28,146,6
2019-11-27_14-58-53_i=3061_id=789_cn=1574866720712238000_thr=999_descr__.jpg,254,94,0
2019-11-27_14-59-06_i=3197_id=1217_cn=1574866742705224000_thr=996_descr__.jpg,54,111,6
2019-11-27_14-59-11_i=3238_id=1321_cn=1574866720712238000_thr=997_descr__.jpg,61,148,0
2019-11-27_14-59-11_i=3238_id=1323_cn=1574866754640313000_thr=608_descr_In_looks_different.jpg,11,220,6
2019-11-27_14-59-21_i=3333_id=1588_cn=1574866766322349000_thr=984_descr_In@bord_.jpg,186,139,0
2019-11-27_15-15-51_i=17777_id=2549_cn=-2549_thr=520_descr__.jpg,69,137,6
2019-11-27_15-20-43_i=21734_id=3094_cn=1574868047563543000_thr=532_descr_In_.jpg,224,98,6
2019-11-27_15-27-26_i=26798_id=4130_cn=1574868435502669000_thr=969_descr__.jpg,116,162,6
2019-11-27_15-27-26_i=26798_id=4131_cn=1574868450968426000_thr=685_descr_Out_looks_different.jpg,55,138,6
2019-11-27_15-34-31_i=32826_id=4452_cn=1574868874673162000_thr=514_descr_In_.jpg,232,115,6
2019-11-27_15-40-28_i=37084_id=5247_cn=1574869234866571000_thr=921_descr_In_.jpg,114,140,6
2019-11-27_15-40-29_i=37089_id=5257_cn=1574869234866571000_thr=877_descr_Out_.jpg,118,152,6
2019-11-27_15-48-27_i=42816_id=5908_cn=1574869711418859000_thr=831_descr_In_looks_different.jpg,244,27,5
2019-11-27_15-48-41_i=42901_id=5969_cn=1574869727592252000_thr=641_descr_In_.jpg,94,171,6
2019-11-27_15-54-45_i=47871_id=6202_cn=1574870090975627000_thr=550_descr_In_looks_different.jpg,56,126,6
2019-11-27_16-25-42_i=73705_id=7654_cn=1574871947460531000_thr=953_descr_Sgl_.jpg,100,59,6
2019-11-27_16-32-56_i=78921_id=8098_cn=1574872383351950000_thr=545_descr_In_.jpg,90,189,6
2019-11-27_17-12-48_i=114446_id=8423_cn=1574874772715419000_thr=768_descr_In_looks_different.jpg,173,69,6
2019-11-27_18-13-10_i=168765_id=8821_cn=1574878393802919000_thr=584_descr_Out_.jpg,9,165,6
2019-11-27_19-26-26_i=233975_id=9216_cn=1574882788813847000_thr=809_descr_Out_.jpg,123,173,6
2019-11-28_08-54-00_i=955859_id=10514_cn=1574931250723140000_thr=719_descr_Out_.jpg,12,203,6
2019-11-28_08-58-06_i=958699_id=10677_cn=1574931473119689000_thr=572_descr_Out_.jpg,228,117,0
2019-11-28_09-09-09_i=963476_id=11376_cn=1574932158949240000_thr=610_descr_Out_.jpg,10,162,6
2019-11-28_09-10-32_i=964037_id=11430_cn=1574932241504073000_thr=830_descr_In_looks_different.jpg,223,129,6
2019-11-28_09-13-04_i=964880_id=11591_cn=1574932377440384000_thr=985_descr__.jpg,192,106,6
2019-11-28_09-26-45_i=969793_id=12115_cn=1574933216332750000_thr=828_descr_In_different_place.jpg,19,129,6
2019-11-28_09-31-32_i=438_id=164_cn=1574933493657136000_thr=646_descr_In_looks_different.jpg,80,136,6
2019-11-28_09-31-48_i=695_id=279_cn=1574933510474851000_thr=891_descr__looks_different.jpg,7,134,6
2019-11-28_09-31-48_i=695_id=280_cn=1574933508767004000_thr=778_descr_Out_.jpg,57,216,6
2019-11-28_09-31-49_i=713_id=309_cn=1574933512561026000_thr=582_descr_In_looks_different.jpg,13,191,6
2019-11-28_09-31-58_i=823_id=511_cn=1574933520417266000_thr=980_descr_Out_looks_different.jpg,235,240,6
2019-11-28_09-39-41_i=206_id=388_cn=1574933977425137000_thr=712_descr_Out@bord_.jpg,179,162,6
2019-11-28_09-40-10_i=631_id=803_cn=1574934013272119000_thr=925_descr_In_looks_different.jpg,233,163,5
2019-11-28_09-40-17_i=719_id=909_cn=1574934013272119000_thr=523_descr__.jpg,155,229,5
2019-11-28_09-40-38_i=993_id=1365_cn=1574934040961272000_thr=505_descr_In_looks_different.jpg,236,113,7
2019-11-28_09-41-12_i=1380_id=2213_cn=1574934076035595000_thr=676_descr__.jpg,253,94,6
2019-11-28_09-41-54_i=1749_id=3048_cn=1574934119194912000_thr=979_descr_In_.jpg,241,178,6
2019-11-28_09-41-58_i=1781_id=3107_cn=1574934122566335000_thr=991_descr__.jpg,232,181,6
2019-11-28_09-43-50_i=2846_id=4074_cn=1574934235607928000_thr=964_descr_In_.jpg,158,19,3
2019-11-28_09-43-51_i=2854_id=4090_cn=1574934236833563000_thr=998_descr_Sgl_.jpg,9,230,3
2019-11-28_09-44-35_i=3110_id=4701_cn=1574934260956296000_thr=928_descr_Out_.jpg,253,135,3
2019-11-28_09-46-50_i=3716_id=5659_cn=1574934419664624000_thr=998_descr_Sgl_.jpg,252,209,6
2019-11-28_09-50-50_i=5843_id=6129_cn=-6129_thr=620_descr__.jpg,81,219,6
2019-11-28_09-51-54_i=6041_id=6479_cn=1574934725808049000_thr=992_descr__looks_different.jpg,5,205,7
2019-11-28_09-52-12_i=6089_id=6608_cn=1574934748731000000_thr=520_descr_In_.jpg,142,174,7
2019-11-28_09-52-25_i=6116_id=6684_cn=1574934725808209000_thr=882_descr__.jpg,7,230,6
2019-11-28_09-52-25_i=6118_id=6690_cn=1574934762252789000_thr=632_descr_In_.jpg,167,171,7
2019-11-28_09-52-28_i=6125_id=6705_cn=1574934762252789000_thr=648_descr__.jpg,168,167,7
2019-11-28_09-52-50_i=6168_id=6835_cn=1574934725808209000_thr=753_descr__crossing.jpg,7,193,6
2019-11-28_10-00-44_i=9549_id=7363_cn=1574935224585267000_thr=589_descr_Out@bord_.jpg,176,242,6
2019-11-28_10-15-09_i=17922_id=7965_cn=1574936069022138000_thr=608_descr_Out_.jpg,89,125,6
2019-11-28_10-16-18_i=18030_id=8084_cn=1574936201366401000_thr=816_descr_In_.jpg,130,5,6
2019-11-28_10-20-08_i=19150_id=8466_cn=1574936436853287000_thr=995_descr_Out@bord_.jpg,151,124,6
2019-11-28_10-22-28_i=19379_id=8593_cn=1574936587746963000_thr=904_descr_In@bord_different_place.jpg,247,153,6
2019-11-28_10-33-23_i=22202_id=8939_cn=1574937225994247000_thr=999_descr_Out@bord_.jpg,122,169,1
2019-11-28_10-33-24_i=22213_id=8950_cn=1574937247706226000_thr=856_descr_Sgl_looks_different.jpg,253,211,1
2019-11-28_10-42-36_i=23555_id=9209_cn=1574937806260385000_thr=967_descr__.jpg,54,135,6
2019-11-28_10-45-15_i=23650_id=9319_cn=1574937977644230000_thr=777_descr_Sgl_crossing.jpg,253,229,6
2019-11-28_10-45-22_i=23655_id=9328_cn=-9328_thr=692_descr__.jpg,134,185,4
2019-11-28_10-45-43_i=23667_id=9352_cn=1574937977644136000_thr=910_descr_Out_.jpg,77,140,6
2019-11-28_10-48-04_i=23754_id=9454_cn=1574938162709753000_thr=996_descr_In_.jpg,215,202,6
2019-11-28_10-48-21_i=23761_id=9478_cn=1574938182466429000_thr=994_descr_Sgl_.jpg,108,194,2
2019-11-28_10-48-48_i=23774_id=9498_cn=1574938182466348000_thr=947_descr__.jpg,3,194,6
2019-11-28_10-49-05_i=23781_id=9519_cn=-9519_thr=552_descr__looks_different.jpg,17,152,4
2019-11-28_10-49-42_i=23797_id=9538_cn=-9538_thr=654_descr__.jpg,140,153,6
2019-11-28_10-50-16_i=23809_id=9572_cn=1574938286603414000_thr=957_descr_Out_.jpg,42,144,6
2019-11-28_10-50-16_i=23809_id=9573_cn=1574938286603484000_thr=888_descr__.jpg,134,146,6
2019-11-28_10-50-16_i=23811_id=9580_cn=1574938324942549000_thr=895_descr_Sgl_.jpg,118,164,7
2019-11-28_10-50-27_i=23812_id=9582_cn=1574938325098266000_thr=924_descr_Sgl_.jpg,15,130,7
2019-11-28_10-51-02_i=23825_id=9603_cn=1574938379163561000_thr=722_descr_Sgl_different_place.jpg,152,141,6
2019-11-28_10-52-17_i=23848_id=9638_cn=1574938458737335000_thr=764_descr_Sgl_.jpg,9,112,6
2019-11-28_10-59-23_i=390_id=690_cn=1574938765227061000_thr=514_descr_Out_.jpg,22,155,6
2019-11-28_10-59-23_i=390_id=691_cn=1574938755887254000_thr=504_descr__looks_different.jpg,187,154,6
2019-11-28_10-59-35_i=552_id=915_cn=1574938767714944000_thr=986_descr__looks_different.jpg,233,175,6
2019-11-28_10-59-37_i=570_id=950_cn=1574938778177525000_thr=920_descr__.jpg,133,180,6
2019-11-28_10-59-42_i=644_id=1071_cn=1574938778177525000_thr=953_descr__looks_different.jpg,136,143,6
2019-11-28_10-59-51_i=754_id=1287_cn=1574938794373713000_thr=523_descr_In_looks_different.jpg,247,103,6
2019-11-28_10-59-58_i=840_id=1432_cn=1574938800490284000_thr=685_descr__.jpg,83,149,6
2019-11-28_11-00-04_i=913_id=1583_cn=1574938801263473000_thr=993_descr__.jpg,89,152,4
2019-11-28_11-00-05_i=919_id=1601_cn=1574938801263473000_thr=971_descr__.jpg,98,149,4
2019-11-28_11-00-05_i=919_id=1603_cn=1574938808237877000_thr=607_descr_Out_looks_different.jpg,83,129,6
2019-11-28_11-00-07_i=943_id=1650_cn=1574938810894878000_thr=647_descr_In_looks_different.jpg,90,143,6
2019-11-28_11-00-28_i=1163_id=2062_cn=1574938831790276000_thr=743_descr_In_looks_different.jpg,188,151,4
2019-11-28_11-00-30_i=1183_id=2098_cn=1574938833838313000_thr=588_descr_In_looks_different.jpg,65,205,4
2019-11-28_11-00-30_i=1186_id=2106_cn=1574938833838313000_thr=577_descr__.jpg,178,253,4
2019-11-28_11-00-31_i=1190_id=2113_cn=1574938833838313000_thr=543_descr_Out_.jpg,234,13,4
2019-11-28_11-00-32_i=1201_id=2124_cn=1574938835965684000_thr=963_descr_In_looks_different.jpg,93,131,6
2019-11-28_11-01-09_i=1473_id=2751_cn=1574938875235463000_thr=612_descr_In_looks_different.jpg,108,134,6
2019-11-28_11-01-19_i=1533_id=2876_cn=1574938884683062000_thr=991_descr_Sgl_looks_different.jpg,184,31,1
2019-11-28_11-01-19_i=1534_id=2878_cn=-2878_thr=697_descr__looks_different.jpg,55,146,6
2019-11-28_11-01-23_i=1559_id=2937_cn=-2937_thr=516_descr__.jpg,67,111,6
2019-11-28_11-01-26_i=1576_id=2974_cn=1574938884699663000_thr=994_descr__.jpg,209,243,2
2019-11-28_11-01-28_i=1591_id=3023_cn=1574938893580294000_thr=693_descr_Out_looks_different.jpg,63,158,6
2019-11-28_11-01-37_i=1629_id=3128_cn=1574938884985152000_thr=974_descr__.jpg,232,90,6
2019-11-28_11-02-00_i=1738_id=3289_cn=1574938923377402000_thr=799_descr__looks_different.jpg,109,130,6
2019-11-28_11-02-02_i=1745_id=3308_cn=1574938929943147000_thr=973_descr_Out_.jpg,125,134,6
2019-11-28_11-02-14_i=1788_id=3378_cn=1574938933584999000_thr=957_descr__.jpg,176,174,6
2019-11-28_11-02-55_i=1910_id=3643_cn=-3643_thr=531_descr__crossing.jpg,137,185,4
2019-11-28_11-04-37_i=2132_id=4000_cn=1574939095925832000_thr=917_descr__looks_different.jpg,48,123,6
2019-11-28_11-06-12_i=2285_id=4158_cn=1574939194753490000_thr=790_descr_In_.jpg,182,165,6
2019-11-28_11-10-45_i=3009_id=4408_cn=-4408_thr=518_descr__crossing.jpg,120,111,4
2019-11-28_11-16-35_i=3322_id=5034_cn=1574939848936893000_thr=995_descr_Sgl_.jpg,75,29,6
2019-11-28_11-16-35_i=3323_id=5036_cn=1574939849045216000_thr=990_descr_Sgl_.jpg,193,200,4
2019-11-28_11-16-41_i=3327_id=5040_cn=-5040_thr=501_descr__.jpg,250,165,6
2019-11-28_11-18-35_i=3394_id=5226_cn=1574939992079501000_thr=900_descr_Sgl_different_place.jpg,149,146,6
2019-11-28_11-18-43_i=3397_id=5233_cn=1574940001324639000_thr=992_descr_In@bord_.jpg,190,143,4
2019-11-28_11-18-43_i=3398_id=5236_cn=1574940001324639000_thr=987_descr__.jpg,185,112,4
2019-11-28_11-20-01_i=3433_id=5308_cn=1574940103630267000_thr=945_descr_In_different_place.jpg,184,158,7
2019-11-28_11-21-08_i=3456_id=5354_cn=1574940163237150000_thr=855_descr_In_looks_different.jpg,59,159,7
2019-11-28_11-21-55_i=3474_id=5408_cn=1574940229206105000_thr=760_descr_In_looks_different.jpg,117,137,7
2019-11-28_11-22-18_i=3482_id=5424_cn=1574940254155655000_thr=917_descr_In@bord_looks_different.jpg,2,145,4
2019-11-28_11-32-49_i=3992_id=374_cn=1574940772111299000_thr=719_descr_Out_.jpg,146,88,4
2019-11-28_11-35-23_i=6303_id=1116_cn=1574940924820711000_thr=750_descr_In@bord_different_place.jpg,3,115,3
2019-11-28_11-35-24_i=6321_id=1134_cn=1574940925515922000_thr=998_descr__looks_different.jpg,208,111,0
2019-11-28_11-35-26_i=6354_id=1175_cn=1574940925515922000_thr=871_descr_Out@bord_looks_different.jpg,151,170,0
2019-11-28_11-36-56_i=7697_id=1500_cn=1574941018876645000_thr=544_descr_In_.jpg,231,115,4
2019-11-28_11-38-59_i=9543_id=2124_cn=1574941140497734000_thr=569_descr_In@bord_.jpg,69,136,4
2019-11-28_11-39-02_i=9590_id=2164_cn=1574941140798428000_thr=575_descr_Out_looks_different.jpg,203,218,4
2019-11-28_11-40-58_i=11322_id=2712_cn=1574941260433281000_thr=972_descr_In_looks_different.jpg,119,227,6
2019-11-28_11-42-23_i=12547_id=3556_cn=1574941346238055000_thr=624_descr_In_looks_different.jpg,233,19,4
2019-11-28_11-43-08_i=13118_id=4204_cn=1574941375991681000_thr=983_descr__.jpg,43,1,6
2019-11-28_11-43-11_i=13149_id=4257_cn=1574941394445186000_thr=894_descr_Out@bord_.jpg,203,114,4
2019-11-28_11-43-15_i=13191_id=4334_cn=1574941396106064000_thr=986_descr__looks_different.jpg,215,188,4
2019-11-28_11-45-27_i=14677_id=5449_cn=1574941529970604000_thr=546_descr_In@bord_.jpg,193,132,6
2019-11-28_11-45-44_i=14877_id=5529_cn=-5529_thr=576_descr__crossing.jpg,20,113,4
2019-11-28_11-45-44_i=14884_id=5532_cn=1574941547924444000_thr=970_descr_In@bord_looks_different.jpg,211,105,4
2019-11-28_11-45-58_i=15016_id=5625_cn=1574941560346723000_thr=556_descr_Out_.jpg,8,132,4
2019-11-28_11-48-13_i=16814_id=6050_cn=1574941677021661000_thr=514_descr_Out_.jpg,44,236,4
2019-11-28_11-48-15_i=16832_id=6059_cn=1574941699785662000_thr=968_descr_Sgl_looks_different.jpg,32,168,6
2019-11-28_11-50-11_i=17481_id=7274_cn=1574941821374420000_thr=717_descr_In_looks_different.jpg,235,107,6
2019-11-28_11-50-38_i=17573_id=7539_cn=1574941700137058000_thr=956_descr__.jpg,16,156,6
2019-11-28_11-50-42_i=17587_id=7568_cn=1574941700137058000_thr=935_descr__looks_different.jpg,14,143,6
2019-11-28_11-50-42_i=17587_id=7570_cn=1574941854169412000_thr=515_descr_In_looks_different.jpg,238,105,6
2019-11-28_11-51-25_i=17704_id=7898_cn=1574941895453064000_thr=574_descr_Out_looks_different.jpg,79,176,6
2019-11-28_11-51-32_i=17720_id=7935_cn=-7935_thr=653_descr__.jpg,8,164,6
2019-11-28_11-51-32_i=17720_id=7936_cn=-7936_thr=580_descr__.jpg,247,158,6
2019-11-28_11-51-46_i=17759_id=7999_cn=1574941700137058000_thr=978_descr__.jpg,20,185,6
2019-11-28_11-53-23_i=18002_id=8250_cn=1574942013875177000_thr=938_descr_Out_.jpg,143,0,4
2019-11-28_11-53-32_i=18027_id=8260_cn=1574942021813243000_thr=813_descr_Out_looks_different.jpg,147,177,4
2019-11-28_11-54-04_i=18248_id=8277_cn=1574942049786368000_thr=586_descr_Out_looks_different.jpg,40,175,6
2019-11-28_11-57-03_i=18945_id=8683_cn=1574942234306867000_thr=957_descr__.jpg,61,191,6
2019-11-28_12-06-52_i=20059_id=9936_cn=1574942817597096000_thr=507_descr_Out_.jpg,70,146,7
2019-11-28_12-06-54_i=20061_id=9937_cn=1574942840199211000_thr=776_descr_Sgl_crossing.jpg,154,172,7
2019-11-28_12-07-06_i=20079_id=9964_cn=1574942840199278000_thr=998_descr__crossing.jpg,50,43,7
2019-11-28_12-08-25_i=20181_id=10021_cn=-10021_thr=514_descr__.jpg,21,135,4
2019-11-28_12-08-26_i=20184_id=10025_cn=-10025_thr=534_descr__different_place.jpg,15,135,4
2019-11-28_12-10-06_i=20299_id=10127_cn=-10127_thr=664_descr__crossing.jpg,88,138,4
2019-11-28_12-18-11_i=21019_id=10538_cn=1574943373361405000_thr=678_descr__looks_different.jpg,249,139,6
2019-11-28_12-18-15_i=21021_id=10547_cn=-10547_thr=624_descr__looks_different.jpg,248,120,6
2019-11-28_12-18-15_i=21022_id=10548_cn=1574943531166791000_thr=953_descr__.jpg,24,77,6
2019-11-28_12-18-15_i=21023_id=10553_cn=1574943373361405000_thr=652_descr__looks_different.jpg,4,163,6
2019-11-28_12-21-24_i=21160_id=10960_cn=1574943531166791000_thr=938_descr_Out_looks_different.jpg,211,1,6
2019-11-28_12-44-06_i=22107_id=11752_cn=1574944822816648000_thr=766_descr_Out_looks_different.jpg,15,163,6
2019-11-28_12-54-20_i=22841_id=11981_cn=1574945617359775000_thr=855_descr_Out@bord_looks_different.jpg,203,128,6
2019-11-28_13-01-29_i=109_id=35_cn=1574946090092100000_thr=574_descr_Out_.jpg,57,143,6
2019-11-28_13-01-32_i=151_id=66_cn=1574946092525054000_thr=941_descr__.jpg,38,30,4
2019-11-28_13-04-09_i=2512_id=915_cn=1574946251802071000_thr=682_descr_In_.jpg,232,166,6
2019-11-28_13-04-43_i=2963_id=1612_cn=1574946285937569000_thr=767_descr_In_.jpg,68,147,4
2019-11-28_13-04-49_i=3048_id=1693_cn=1574946291504659000_thr=663_descr__crossing.jpg,208,221,6
2019-11-28_13-04-57_i=3163_id=1789_cn=1574946300084641000_thr=628_descr_In_.jpg,225,121,6
2019-11-28_13-04-58_i=3171_id=1804_cn=1574946300726209000_thr=752_descr_Out_looks_different.jpg,202,116,6
2019-11-28_13-06-54_i=4732_id=3488_cn=1574946415237349000_thr=637_descr_Out_.jpg,241,160,6
2019-11-28_13-07-00_i=4813_id=3572_cn=1574946419904733000_thr=917_descr__crossing.jpg,188,210,4
2019-11-28_13-08-12_i=5831_id=3970_cn=1574946465753630000_thr=952_descr__.jpg,5,135,6
2019-11-28_13-17-51_i=9068_id=8329_cn=1574947079912369000_thr=561_descr_Out_looks_different.jpg,228,134,4
2019-11-28_13-18-40_i=9278_id=8360_cn=1574947131800932000_thr=760_descr_Out_looks_different.jpg,102,186,4
2019-11-28_13-23-14_i=9830_id=8800_cn=1574947377734627000_thr=940_descr_Out_.jpg,38,126,6
2019-11-28_13-33-38_i=10698_id=9393_cn=1574947837261160000_thr=606_descr_Out_.jpg,4,179,6
2019-11-28_14-03-19_i=13087_id=10760_cn=-10760_thr=648_descr__.jpg,20,235,6
2019-11-28_14-06-43_i=13186_id=11052_cn=1574949985977487000_thr=999_descr__crossing.jpg,14,218,6
2019-11-28_14-09-55_i=13273_id=11137_cn=1574950265683320000_thr=843_descr_Out_.jpg,23,125,4
2019-11-28_14-12-08_i=13353_id=11156_cn=1574950400248376000_thr=998_descr_Sgl_.jpg,164,63,6
2019-11-28_14-12-17_i=13361_id=11171_cn=1574950420023697000_thr=501_descr_In_looks_different.jpg,38,209,6
2019-11-28_14-13-30_i=13395_id=11215_cn=-11215_thr=563_descr__.jpg,80,13,6
2019-11-28_14-14-09_i=13409_id=11240_cn=1574950534893032000_thr=742_descr_Out@bord_.jpg,75,214,6
2019-11-28_14-22-26_i=2798_id=2564_cn=-2564_thr=528_descr__crossing.jpg,79,188,4
2019-11-28_14-31-31_i=7960_id=8057_cn=1574951501785649000_thr=857_descr_In_.jpg,236,245,6
2019-11-28_14-31-48_i=8015_id=8158_cn=1574951501785649000_thr=958_descr__.jpg,212,192,3
2019-11-28_14-31-51_i=8023_id=8173_cn=1574951501785649000_thr=658_descr_Out@bord_looks_different.jpg,193,176,6
2019-11-28_14-32-27_i=8124_id=8240_cn=1574951550219335000_thr=503_descr_Out_crossing.jpg,64,144,4
2019-11-28_14-32-28_i=8129_id=8245_cn=-8245_thr=528_descr__crossing.jpg,93,148,4
2019-11-28_14-40-38_i=9577_id=9108_cn=1574952054101631000_thr=606_descr_Out_looks_different.jpg,28,155,4
2019-11-28_14-50-22_i=10501_id=10352_cn=1574952261456096000_thr=709_descr_Out_.jpg,7,179,6
2019-11-28_14-50-56_i=10533_id=10361_cn=1574952690050709000_thr=993_descr_In_.jpg,205,80,0
2019-11-28_15-11-36_i=3041_id=1411_cn=1574953897883094000_thr=510_descr_In_crossing.jpg,192,206,4
2019-11-28_15-11-41_i=3109_id=1427_cn=1574953902205650000_thr=707_descr_In_looks_different.jpg,28,170,4
2019-11-28_15-17-30_i=8303_id=2584_cn=1574954252053176000_thr=989_descr__.jpg,23,164,6
2019-11-28_15-18-04_i=8703_id=3362_cn=1574954288106837000_thr=949_descr_In_.jpg,81,160,6
2019-11-28_15-18-34_i=8998_id=3877_cn=-3877_thr=664_descr__crossing.jpg,145,168,6
2019-11-28_15-23-13_i=12192_id=5249_cn=1574954597997403000_thr=703_descr_In_looks_different.jpg,18,114,6
2019-11-28_15-23-15_i=12202_id=5269_cn=1574954597997403000_thr=842_descr_Out_.jpg,55,137,6
2019-11-28_15-24-07_i=12706_id=5449_cn=-5449_thr=626_descr__crossing.jpg,251,117,4
2019-11-28_15-27-05_i=14351_id=6274_cn=1574954824155833000_thr=975_descr_Out_looks_different.jpg,51,153,4
2019-11-28_15-29-13_i=15107_id=6925_cn=1574954959994227000_thr=684_descr_In_.jpg,35,139,1
2019-11-28_15-38-41_i=22978_id=7428_cn=1574955524031024000_thr=807_descr__crossing.jpg,13,224,7
2019-11-28_15-38-55_i=23047_id=7550_cn=1574955524031024000_thr=998_descr__.jpg,22,241,3
2019-11-28_15-38-59_i=23066_id=7571_cn=1574955524031024000_thr=923_descr_Out@bord_looks_different.jpg,223,171,3
2019-11-28_15-41-35_i=25309_id=7654_cn=1574955702761272000_thr=949_descr_In@bord_looks_different.jpg,216,201,0
2019-11-28_15-50-00_i=33009_id=7657_cn=1574956204326786000_thr=973_descr_Out@bord_.jpg,235,175,4
2019-11-28_15-50-00_i=33010_id=7658_cn=1574956205131218000_thr=968_descr_In@bord_looks_different.jpg,251,241,8
2019-11-28_15-50-12_i=33076_id=7763_cn=1574956205131218000_thr=988_descr__.jpg,63,11,4
2019-11-28_15-50-21_i=33114_id=7872_cn=1574956205131218000_thr=876_descr_Out_.jpg,64,244,6
2019-11-28_15-50-26_i=33129_id=7902_cn=1574956220598486000_thr=999_descr__.jpg,101,64,6
2019-11-28_15-50-32_i=33151_id=7964_cn=1574956236302465000_thr=579_descr__crossing.jpg,220,252,4
2019-11-28_15-50-34_i=33159_id=7985_cn=1574956236302465000_thr=996_descr__.jpg,231,245,4
2019-11-28_15-52-41_i=34551_id=8117_cn=1574956366997299000_thr=833_descr_In_looks_different.jpg,248,138,4
2019-11-28_15-52-41_i=34557_id=8122_cn=1574956369162010000_thr=889_descr_Sg@bord_looks_different.jpg,230,40,7
2019-11-28_16-08-09_i=45279_id=9051_cn=-9051_thr=620_descr__crossing.jpg,200,130,6
2019-11-28_16-08-12_i=45303_id=9075_cn=1574957297751014000_thr=952_descr_Out@bord_.jpg,172,188,6
2019-11-28_16-10-20_i=47083_id=9129_cn=1574957429956814000_thr=977_descr_Out@bord_looks_different.jpg,158,138,3
2019-11-28_16-20-01_i=53237_id=9702_cn=1574958008155832000_thr=998_descr_Out_looks_different.jpg,68,14,6
2019-11-28_16-20-02_i=53238_id=9703_cn=1574958013022699000_thr=997_descr_In_.jpg,161,101,6
2019-11-28_16-20-04_i=53245_id=9717_cn=1574958013022699000_thr=899_descr_Out_.jpg,83,69,6
2019-11-28_21-30-49_i=326566_id=11410_cn=1574976659592177000_thr=709_descr_Out@bord_.jpg,57,215,6
2019-11-29_00-08-29_i=468636_id=11521_cn=1574986121890192000_thr=916_descr_In@bord_.jpg,42,215,6
2019-11-29_00-42-14_i=499075_id=11534_cn=1574988141796130000_thr=536_descr_Out_looks_different.jpg,202,55,6
2019-11-29_08-58-41_i=943809_id=12069_cn=1575017929292804000_thr=531_descr__crossing.jpg,57,203,6
2019-11-29_09-30-52_i=961153_id=14178_cn=1575019869641463000_thr=889_descr_In_crossing.jpg,154,19,6
2019-11-29_09-31-25_i=961205_id=14319_cn=1575019924536530000_thr=958_descr_In@bord_looks_different.jpg,120,7,3
2019-11-29_09-31-29_i=961208_id=14323_cn=1575019869822688000_thr=983_descr__.jpg,77,223,6
2019-11-29_09-31-34_i=961213_id=14345_cn=1575019924588016000_thr=839_descr_Out_looks_different.jpg,176,81,6
2019-11-29_09-34-31_i=961358_id=14510_cn=1575020126349565000_thr=563_descr_In_looks_different.jpg,244,211,7
2019-11-29_09-36-32_i=961435_id=14639_cn=1575020126349565000_thr=713_descr_Out_looks_different.jpg,199,228,0
2019-11-29_09-45-36_i=3274_id=1463_cn=1575020737597317000_thr=524_descr_In@bord_looks_different.jpg,43,124,1
2019-11-29_09-45-36_i=3275_id=1465_cn=1575020737597317000_thr=911_descr_Out@bord_.jpg,24,120,1
2019-11-29_09-45-36_i=3277_id=1468_cn=1575020735653500000_thr=953_descr__looks_different.jpg,209,91,1
2019-11-29_09-45-37_i=3289_id=1489_cn=1575020739204389000_thr=772_descr_In@bord_.jpg,237,41,6
2019-11-29_09-45-38_i=3304_id=1514_cn=1575020740195151000_thr=933_descr__.jpg,0,210,6
2019-11-29_09-48-51_i=6200_id=2166_cn=1575020932082581000_thr=967_descr__crossing.jpg,215,197,6
2019-11-29_09-50-29_i=7678_id=2431_cn=1575021031313589000_thr=907_descr_Sgl_looks_different.jpg,178,142,1
2019-11-29_09-50-30_i=7684_id=2437_cn=1575021031986804000_thr=877_descr_In@bord_looks_different.jpg,202,210,1
2019-11-29_09-50-30_i=7685_id=2438_cn=1575021031986804000_thr=767_descr_Out@bord_.jpg,209,188,1
2019-11-29_09-50-32_i=7727_id=2488_cn=1575021032100100000_thr=981_descr__.jpg,47,206,1
2019-11-29_09-50-35_i=7767_id=2535_cn=1575021032100100000_thr=864_descr__crossing.jpg,239,158,1
2019-11-29_09-50-40_i=7840_id=2623_cn=1575021032100100000_thr=786_descr__.jpg,238,158,1
2019-11-29_09-50-42_i=7868_id=2658_cn=1575021032100100000_thr=884_descr__crossing.jpg,222,163,1
2019-11-29_09-51-15_i=8320_id=3298_cn=1575021077073973000_thr=840_descr__.jpg,2,165,1
2019-11-29_09-51-17_i=8342_id=3329_cn=1575021079371945000_thr=676_descr_Out_.jpg,26,145,1
2019-11-29_09-51-55_i=8921_id=3564_cn=1575021117652010000_thr=947_descr_Out@bord_looks_different.jpg,142,18,6
2019-11-29_09-51-55_i=8928_id=3571_cn=1575021118653938000_thr=980_descr_In@bord_looks_different.jpg,154,111,6
2019-11-29_10-14-43_i=27510_id=8346_cn=1575022446149068000_thr=582_descr_Out_.jpg,96,165,6
2019-11-29_10-16-49_i=29018_id=8587_cn=1575022615414532000_thr=777_descr__.jpg,246,181,7
2019-11-29_10-27-12_i=36658_id=10007_cn=1575023240489457000_thr=922_descr_Sgl_.jpg,149,3,6
2019-11-29_10-28-13_i=36797_id=10169_cn=1575023314540336000_thr=851_descr_Sgl_looks_different.jpg,213,109,6
2019-11-29_10-28-35_i=36844_id=10190_cn=1575023335117432000_thr=999_descr_In@bord_looks_different.jpg,213,135,6
2019-11-29_10-28-37_i=36849_id=10212_cn=1575023335117698000_thr=601_descr_Out_.jpg,235,129,6
2019-11-29_10-30-06_i=36964_id=10454_cn=1575023403070566000_thr=984_descr_Out@bord_.jpg,86,173,6
2019-11-29_10-38-55_i=39107_id=10872_cn=1575023965761816000_thr=745_descr_In@bord_looks_different.jpg,214,155,6
2019-11-29_10-41-31_i=40188_id=10957_cn=1575024119696225000_thr=980_descr_Sgl_looks_different.jpg,92,45,2
2019-11-29_10-41-31_i=40190_id=10959_cn=1575024123159242000_thr=982_descr_Out_looks_different.jpg,149,164,2
2019-11-29_10-51-15_i=42924_id=11329_cn=1575024692087923000_thr=775_descr_Out_.jpg,63,135,3
2019-11-29_10-51-15_i=42925_id=11330_cn=1575024696201255000_thr=964_descr_In@bord_looks_different.jpg,199,155,3
2019-11-29_10-51-15_i=42932_id=11335_cn=1575024700410631000_thr=933_descr_Out@bord_looks_different.jpg,248,138,6
2019-11-29_10-58-16_i=46812_id=11444_cn=1575025113399783000_thr=569_descr_In_.jpg,237,23,3
2019-11-29_10-58-45_i=46858_id=11489_cn=1575025113399783000_thr=926_descr_Out_looks_different.jpg,201,82,3
2019-11-29_11-00-27_i=47890_id=11496_cn=1575025245006763000_thr=775_descr_Sg@bord_.jpg,123,99,6
2019-11-29_11-10-18_i=54051_id=11684_cn=1575025835590975000_thr=845_descr_In@bord_.jpg,187,19,7
2019-11-29_11-19-24_i=57439_id=12225_cn=1575026386293012000_thr=842_descr_Out_looks_different.jpg,62,147,3
2019-11-29_11-32-34_i=60267_id=12629_cn=1575027175314258000_thr=880_descr_In@bord_looks_different.jpg,98,78,1
2019-11-29_12-01-57_i=75131_id=14656_cn=1575028942735248000_thr=613_descr_In_.jpg,246,118,7
2019-11-29_12-43-49_i=88299_id=17113_cn=1575031463440720000_thr=974_descr__looks_different.jpg,161,173,6
2019-11-29_13-09-37_i=93563_id=17869_cn=1575033070018066000_thr=821_descr_In_.jpg,41,208,6
2019-11-29_13-23-41_i=2889_id=100_cn=1575033816847521000_thr=961_descr__.jpg,53,141,6
2019-11-29_13-23-41_i=2899_id=116_cn=1575033823797982000_thr=799_descr_Sgl_.jpg,20,137,6
2019-11-29_13-23-50_i=3016_id=262_cn=1575033832149991000_thr=653_descr_In_.jpg,138,143,6
2019-11-29_13-23-50_i=3017_id=264_cn=1575033832149991000_thr=719_descr_Out_.jpg,124,145,6
2019-11-29_13-23-50_i=3023_id=271_cn=1575033832979038000_thr=588_descr_In_looks_different.jpg,12,243,6
2019-11-29_13-23-51_i=3038_id=302_cn=1575033833995330000_thr=729_descr__looks_different.jpg,167,191,6
2019-11-29_13-23-53_i=3056_id=342_cn=-342_thr=518_descr__.jpg,31,223,6
2019-11-29_13-24-06_i=3222_id=625_cn=1575033841954585000_thr=700_descr_Out_looks_different.jpg,86,164,6
2019-11-29_13-35-31_i=13549_id=785_cn=1575034532651059000_thr=514_descr_Out_looks_different.jpg,15,129,6
2019-11-29_13-35-34_i=13592_id=860_cn=1575034531684076000_thr=918_descr__.jpg,150,160,6
2019-11-29_13-35-39_i=13649_id=963_cn=1575034540091827000_thr=921_descr__.jpg,57,139,6
2019-11-29_13-35-42_i=13690_id=1062_cn=1575034543575157000_thr=989_descr__.jpg,67,142,6
2019-11-29_13-37-42_i=15499_id=1344_cn=1575034664720545000_thr=808_descr_In_crossing.jpg,234,234,6
2019-11-29_13-37-52_i=15627_id=1534_cn=1575034672701730000_thr=984_descr__.jpg,18,117,0
2019-11-29_13-37-54_i=15652_id=1578_cn=1575034677004133000_thr=785_descr_Sg@bord_looks_different.jpg,54,72,0
2019-11-29_13-37-55_i=15671_id=1595_cn=1575034678449145000_thr=737_descr_In_looks_different.jpg,18,128,6
2019-11-29_13-39-09_i=16812_id=1692_cn=1575034751645689000_thr=869_descr_In@bord_looks_different.jpg,242,234,1
2019-11-29_13-40-05_i=17651_id=1714_cn=1575034807606625000_thr=854_descr_In@bord_looks_different.jpg,47,100,6
2019-11-29_13-40-10_i=17713_id=1814_cn=1575034810795285000_thr=837_descr_Out@bord_looks_different.jpg,209,23,1
2019-11-29_13-42-02_i=19401_id=1964_cn=1575034924330712000_thr=931_descr_In_.jpg,55,139,6
2019-11-29_13-42-05_i=19446_id=2000_cn=1575034927701438000_thr=815_descr_In_looks_different.jpg,67,127,6
2019-11-29_13-42-18_i=19605_id=2176_cn=1575034941876231000_thr=689_descr_In_.jpg,187,168,6
2019-11-29_13-42-20_i=19628_id=2222_cn=1575034941876231000_thr=997_descr__crossing.jpg,20,200,6
2019-11-29_13-44-09_i=20351_id=3875_cn=1575035011574958000_thr=724_descr_Out_looks_different.jpg,191,26,6
2019-11-29_13-44-14_i=20373_id=3919_cn=1575035064215081000_thr=992_descr_In_.jpg,234,15,6
2019-11-29_13-44-21_i=20399_id=3997_cn=1575034941876231000_thr=784_descr__looks_different.jpg,178,111,6
2019-11-29_13-45-22_i=20716_id=4345_cn=1575035131123205000_thr=664_descr__looks_different.jpg,83,212,6
2019-11-29_13-45-26_i=20731_id=4386_cn=1575035131123205000_thr=999_descr_Out_.jpg,240,158,6
2019-11-29_13-53-02_i=24616_id=5067_cn=1575035598037488000_thr=982_descr_Out_looks_different.jpg,21,147,6
2019-11-29_14-18-42_i=42246_id=5731_cn=1575037143991901000_thr=858_descr_In@bord_crossing.jpg,207,186,6
2019-11-29_14-19-33_i=42326_id=5865_cn=1575037197242071000_thr=636_descr_In_looks_different.jpg,33,132,6
2019-11-29_14-19-38_i=42333_id=5878_cn=1575037143991901000_thr=983_descr_Out_.jpg,59,152,6
2019-11-29_14-19-54_i=42358_id=5897_cn=1575037217732190000_thr=932_descr_Sgl_.jpg,26,127,6
2019-11-29_14-20-44_i=42833_id=5900_cn=1575037261246582000_thr=715_descr_Sgl_.jpg,143,220,2
2019-11-29_14-20-44_i=42834_id=5901_cn=1575037261279138000_thr=846_descr_In_.jpg,242,236,2
2019-11-29_14-20-44_i=42841_id=5905_cn=1575037261369483000_thr=830_descr__crossing.jpg,155,21,2
2019-11-29_14-20-45_i=42843_id=5906_cn=1575037261369483000_thr=856_descr__crossing.jpg,170,218,2
2019-11-29_14-20-47_i=42850_id=5912_cn=1575037272729536000_thr=904_descr_In_crossing.jpg,221,19,2
2019-11-29_14-20-53_i=42856_id=5916_cn=1575037272729536000_thr=930_descr_Out_looks_different.jpg,208,5,2
2019-11-29_14-21-59_i=43044_id=5972_cn=1575037339852859000_thr=956_descr__.jpg,64,153,6
2019-11-29_14-25-44_i=44399_id=6127_cn=1575037566514121000_thr=579_descr_Out_.jpg,71,133,4
2019-11-29_14-26-39_i=44464_id=6199_cn=1575037616616920000_thr=846_descr_Out_looks_different.jpg,99,147,6
2019-11-29_14-30-46_i=46502_id=6292_cn=1575037877347230000_thr=593_descr_In_looks_different.jpg,31,134,6
2019-11-29_14-33-11_i=46669_id=6397_cn=1575038021978394000_thr=765_descr_In_looks_different.jpg,102,131,6
2019-11-29_14-33-49_i=46714_id=6443_cn=1575038060676424000_thr=995_descr_Sgl_.jpg,154,86,0
2019-11-29_14-44-34_i=50030_id=6791_cn=1575038700111593000_thr=515_descr_Out_.jpg,14,134,6
2019-11-29_14-46-35_i=50643_id=6859_cn=1575038828614775000_thr=895_descr_Sgl_looks_different.jpg,243,189,0
2019-11-29_15-06-28_i=59921_id=7356_cn=1575040005036823000_thr=994_descr_Out@bord_looks_different.jpg,211,121,6
2019-11-29_15-06-28_i=59928_id=7363_cn=1575040013017780000_thr=996_descr_In@bord_looks_different.jpg,230,144,0
2019-11-29_15-22-44_i=67518_id=7781_cn=1575040981688477000_thr=876_descr_Out@bord_looks_different.jpg,223,180,6
2019-11-29_15-22-45_i=67529_id=7790_cn=1575040989657472000_thr=980_descr__.jpg,157,47,6
2019-11-29_15-23-05_i=67555_id=7842_cn=1575041024443849000_thr=794_descr_In_looks_different.jpg,174,170,6
2019-11-29_15-23-09_i=67559_id=7854_cn=1575041024443849000_thr=659_descr__crossing.jpg,175,203,6
2019-11-29_15-24-26_i=67627_id=7985_cn=1575041098528318000_thr=875_descr__.jpg,157,179,7
2019-11-29_15-40-09_i=77008_id=8195_cn=1575042029812202000_thr=511_descr_In_.jpg,35,143,4
2019-11-29_15-43-22_i=77902_id=8274_cn=1575042232043635000_thr=740_descr_In_.jpg,243,114,2
2019-11-29_15-44-06_i=77950_id=8289_cn=1575042288511044000_thr=739_descr_In_.jpg,55,124,2
2019-11-29_15-45-03_i=77998_id=8333_cn=1575042288511044000_thr=928_descr_Out_crossing.jpg,30,247,2
2019-11-29_15-45-07_i=78001_id=8334_cn=1575042351115625000_thr=954_descr_In_looks_different.jpg,35,35,2
2019-11-29_15-46-56_i=78265_id=8395_cn=1575042430962739000_thr=769_descr_Out_looks_different.jpg,13,132,6
2019-11-29_15-50-02_i=78562_id=8485_cn=1575042632751584000_thr=936_descr_In_looks_different.jpg,206,131,2
2019-11-29_16-08-51_i=87581_id=8825_cn=1575043755901628000_thr=828_descr_Out_.jpg,42,126,3
2019-11-29_16-55-03_i=116981_id=9331_cn=1575046541922256000_thr=574_descr_Out_.jpg,247,110,6
2019-11-29_18-46-24_i=207670_id=9704_cn=1575053204877386000_thr=846_descr_Out@bord_looks_different.jpg,54,114,6
2019-11-29_18-46-30_i=207684_id=9714_cn=1575053224648712000_thr=840_descr_Out_looks_different.jpg,158,121,6
2019-11-30_07-26-57_i=633183_id=1038_cn=1575098817607908000_thr=652_descr_Out@bord_looks_different (копия).jpg,172,206,7
2019-11-30_07-26-57_i=633183_id=1038_cn=1575098817607908000_thr=652_descr_Out@bord_looks_different.jpg,172,206,7
2019-11-30_09-29-20_i=743334_id=1573_cn=1575106161676627000_thr=530_descr_In_.jpg,88,143,6
2019-11-30_09-54-40_i=766146_id=2311_cn=1575107680788711000_thr=556_descr_Out_.jpg,19,132,7
2019-11-30_09-57-19_i=768518_id=2526_cn=1575107840450800000_thr=862_descr_Sgl_crossing.jpg,164,73,7
2019-11-30_10-21-52_i=790621_id=3155_cn=1575109313213505000_thr=511_descr_Out_.jpg,244,114,0
2019-11-30_11-06-34_i=830856_id=3931_cn=1575111996124132000_thr=882_descr_In_.jpg,170,72,3
2019-11-30_11-06-34_i=830859_id=3934_cn=1575111996712013000_thr=954_descr_In_looks_different.jpg,122,36,3
2019-11-30_11-23-24_i=846006_id=4335_cn=1575113007495195000_thr=724_descr_In_looks_different.jpg,81,143,6
2019-11-30_11-24-49_i=847270_id=4483_cn=1575113083920732000_thr=867_descr_Out_.jpg,41,133,6
2019-11-30_11-25-00_i=847431_id=4548_cn=1575113102025747000_thr=502_descr_Out_looks_different.jpg,16,123,6
2019-11-30_11-44-13_i=864744_id=4925_cn=1575114255880693000_thr=936_descr_In@bord_.jpg,215,107,7
2019-11-30_11-44-14_i=864747_id=4931_cn=1575114256246428000_thr=989_descr_In_looks_different.jpg,76,174,7
2019-11-30_11-44-14_i=864757_id=4950_cn=1575114256246428000_thr=997_descr__.jpg,169,175,7
2019-11-30_11-44-57_i=865391_id=5175_cn=1575114299790427000_thr=848_descr_Sgl_looks_different.jpg,213,131,6
2019-11-30_11-49-45_i=869714_id=5394_cn=1575114586642485000_thr=542_descr_In@bord_looks_different.jpg,51,150,6
2019-11-30_11-50-03_i=869937_id=5806_cn=1575114607171977000_thr=666_descr_In_looks_different.jpg,35,136,6
2019-11-30_11-50-04_i=869944_id=5827_cn=1575114607171977000_thr=602_descr_Out_.jpg,58,163,6
2019-11-30_11-50-08_i=869987_id=5912_cn=1575114592809265000_thr=971_descr__.jpg,49,129,6
2019-11-30_11-51-17_i=870723_id=6697_cn=1575114679689616000_thr=764_descr_Out_.jpg,51,140,7
2019-11-30_11-51-31_i=870860_id=6903_cn=1575114682896630000_thr=897_descr_Out@bord_.jpg,254,225,7
2019-11-30_11-51-34_i=870893_id=6933_cn=1575114680841519000_thr=993_descr_Out@bord_.jpg,3,205,7
2019-11-30_11-51-53_i=871089_id=7058_cn=1575114715916074000_thr=609_descr_Out_.jpg,3,118,6
2019-11-30_11-54-46_i=873415_id=7775_cn=1575114877949767000_thr=997_descr__looks_different.jpg,254,78,6
2019-11-30_11-55-04_i=873527_id=7915_cn=1575114877949767000_thr=999_descr__.jpg,15,51,6
2019-11-30_11-55-09_i=873555_id=7978_cn=1575114915564789000_thr=834_descr_In_.jpg,236,112,6
2019-11-30_11-56-51_i=873986_id=8919_cn=1575114877949767000_thr=997_descr__.jpg,4,95,6
2019-11-30_12-05-37_i=880357_id=9598_cn=1575115547589167000_thr=508_descr_In@bord_looks_different.jpg,39,157,6
2019-11-30_12-13-05_i=886310_id=9782_cn=1575115996828130000_thr=673_descr_In_.jpg,237,121,6
2019-11-30_12-13-34_i=886392_id=9934_cn=1575116027948505000_thr=738_descr_Sgl_looks_different.jpg,17,112,6
2019-11-30_12-13-39_i=886405_id=9963_cn=1575116031231574000_thr=992_descr_Out_looks_different.jpg,38,143,6
2019-11-30_12-22-21_i=891859_id=10312_cn=1575116552663374000_thr=885_descr_Out@bord_looks_different.jpg,175,155,6
2019-11-30_12-29-41_i=896694_id=10532_cn=1575116983370145000_thr=963_descr_Out_looks_different.jpg,2,183,6
2019-11-30_12-38-31_i=903757_id=10661_cn=1575117518177578000_thr=825_descr_Out_.jpg,249,225,6
2019-11-30_12-41-49_i=906248_id=10711_cn=1575117716212893000_thr=736_descr__crossing.jpg,74,155,3
2019-11-30_12-41-49_i=906250_id=10713_cn=1575117716212893000_thr=573_descr_Out_crossing.jpg,91,248,3
2019-11-30_12-41-49_i=906254_id=10717_cn=1575117716212729000_thr=962_descr__crossing.jpg,198,215,3
2019-11-30_12-41-50_i=906259_id=10720_cn=1575117716212729000_thr=628_descr__crossing.jpg,221,2,3
2019-11-30_12-43-40_i=906717_id=10807_cn=-10807_thr=545_descr__crossing.jpg,47,122,4
2019-11-30_12-44-39_i=907003_id=10856_cn=1575117889088012000_thr=918_descr__looks_different.jpg,47,137,6
2019-11-30_12-45-02_i=907065_id=10880_cn=1575117911112376000_thr=732_descr_Out_.jpg,26,130,6
2019-11-30_12-45-02_i=907065_id=10881_cn=-10881_thr=609_descr__.jpg,54,125,3
2019-11-30_12-45-07_i=907082_id=10882_cn=1575117923739153000_thr=699_descr_In_.jpg,35,140,3
2019-11-30_12-45-14_i=907098_id=10894_cn=1575117923739153000_thr=538_descr_Out_.jpg,29,150,3
2019-11-30_12-51-48_i=909593_id=11327_cn=1575118316570977000_thr=533_descr_Out@bord_.jpg,239,106,6
2019-11-30_12-54-00_i=910682_id=11452_cn=1575118457614103000_thr=761_descr_Sgl_.jpg,80,154,7
2019-11-30_12-59-41_i=913213_id=11751_cn=1575118789592041000_thr=701_descr_Sgl_.jpg,254,113,6
2019-11-30_13-00-33_i=913417_id=11842_cn=1575118849783599000_thr=998_descr_Sgl_.jpg,251,229,7
2019-11-30_13-00-33_i=913419_id=11844_cn=1575118849814857000_thr=873_descr_Sgl_looks_different.jpg,21,132,6
2019-11-30_13-12-29_i=921854_id=12199_cn=1575119567275740000_thr=998_descr_Sgl_.jpg,206,91,7
2019-11-30_13-18-24_i=924849_id=12516_cn=1575119906130433000_thr=943_descr__looks_different.jpg,161,26,6
2019-11-30_13-18-37_i=924872_id=12578_cn=1575119936774766000_thr=999_descr_Sgl_.jpg,64,84,7
2019-11-30_13-18-37_i=924873_id=12581_cn=1575119938763085000_thr=939_descr_Sgl_looks_different.jpg,245,253,7
2019-11-30_13-18-47_i=924890_id=12591_cn=1575119943538866000_thr=643_descr_Out_.jpg,68,136,3
2019-11-30_13-19-58_i=925010_id=12688_cn=1575120019564528000_thr=571_descr_In_.jpg,0,120,6
2019-11-30_13-21-10_i=925126_id=12834_cn=1575120043141474000_thr=816_descr__crossing.jpg,213,184,2
2019-11-30_13-21-48_i=925352_id=12855_cn=1575120126979664000_thr=952_descr_Sg@bord_looks_different.jpg,129,187,8
2019-11-30_13-24-38_i=926705_id=12965_cn=1575120299326307000_thr=936_descr_In@bord_.jpg,193,94,6
2019-11-30_13-33-29_i=934382_id=12993_cn=1575120838551230000_thr=528_descr_In_.jpg,3,143,3
2019-11-30_13-34-15_i=934449_id=13010_cn=1575120884112647000_thr=505_descr_In_.jpg,52,133,3
2019-11-30_13-57-22_i=951333_id=13210_cn=1575122255940226000_thr=513_descr_In_.jpg,5,124,8
2019-11-30_13-57-52_i=951388_id=13256_cn=1575122255940226000_thr=544_descr_Out_looks_different.jpg,56,141,8
2019-11-30_13-58-45_i=951484_id=13290_cn=1575122325478492000_thr=513_descr_Out_.jpg,141,177,8
2019-11-30_14-20-53_i=967202_id=13578_cn=1575123682548679000_thr=874_descr_In_looks_different.jpg,135,243,2
2019-11-30_14-21-12_i=967224_id=13600_cn=1575123692351513000_thr=814_descr_Out_.jpg,49,255,3
2019-11-30_15-11-20_i=1003352_id=14312_cn=1575126692266680000_thr=999_descr_Out_.jpg,121,79,6
2019-11-30_15-11-36_i=1003369_id=14362_cn=1575126737118864000_thr=838_descr_Sgl_different_place.jpg,141,38,6
2019-11-30_15-35-23_i=1015429_id=14726_cn=1575128151117860000_thr=770_descr_Out_.jpg,101,189,8
2019-11-30_15-35-35_i=1015446_id=14756_cn=1575128184830515000_thr=948_descr_In_.jpg,190,230,4
2019-11-30_15-54-17_i=1018545_id=15190_cn=1575129313896325000_thr=968_descr_Out@bord_.jpg,137,174,6
2019-12-01_08-58-58_i=882112_id=948_cn=1575190734905878000_thr=720_descr_Out@bord_crossing.jpg,251,131,6
2019-12-01_09-32-51_i=912607_id=1129_cn=1575192766168130000_thr=538_descr_Out_looks_different.jpg,17,126,2
2019-12-01_10-51-25_i=983319_id=2058_cn=1575197485322658000_thr=584_descr_Out_.jpg,245,101,6
2019-12-01_13-30-00_i=1126045_id=3028_cn=1575207001501009000_thr=845_descr__crossing.jpg,220,5,6
2019-12-01_13-30-01_i=1126061_id=3051_cn=1575207001794861000_thr=711_descr__.jpg,239,1,1
2019-12-01_13-30-06_i=1126132_id=3156_cn=1575207004488285000_thr=590_descr_Out_.jpg,56,144,6
2019-12-01_13-39-28_i=1134565_id=3264_cn=1575207570225797000_thr=873_descr_In@bord_.jpg,85,50,6
2019-12-01_13-39-29_i=1134586_id=3285_cn=1575207572185812000_thr=958_descr_Sgl_looks_different.jpg,217,241,6
2019-12-01_13-51-00_i=1144948_id=3539_cn=1575208260601599000_thr=975_descr__.jpg,253,85,6
2019-12-01_13-51-03_i=1144982_id=3604_cn=1575208263247256000_thr=993_descr__.jpg,37,34,0
2019-12-01_13-51-04_i=1144997_id=3621_cn=1575208263247256000_thr=844_descr_Out@bord_looks_different.jpg,26,189,0
2019-12-01_13-57-27_i=1150752_id=3762_cn=1575208650186200000_thr=770_descr_Out@bord_crossing.jpg,237,156,6
2019-12-01_14-09-08_i=1161272_id=3765_cn=1575209350408992000_thr=879_descr_In_.jpg,50,130,6
2019-12-01_14-09-12_i=1161319_id=3802_cn=1575209354404809000_thr=726_descr_Sgl_.jpg,122,243,1
2019-12-01_14-09-13_i=1161345_id=3816_cn=1575209356509541000_thr=952_descr_Sgl_.jpg,16,139,3
2019-12-01_14-09-14_i=1161354_id=3826_cn=1575209356295532000_thr=997_descr__crossing.jpg,10,203,1
2019-12-01_14-46-23_i=1194774_id=4564_cn=1575211582224584000_thr=999_descr__looks_different.jpg,166,140,7
2019-12-01_14-54-10_i=1201794_id=4719_cn=1575212053142502000_thr=601_descr_In@bord_.jpg,98,186,7
2019-12-01_14-57-47_i=1205054_id=5129_cn=1575212269459148000_thr=988_descr__.jpg,155,230,6
2019-12-01_14-58-06_i=1205262_id=5307_cn=1575212290153212000_thr=580_descr_In_looks_different.jpg,226,122,4
2019-12-01_14-58-10_i=1205301_id=5345_cn=1575212290153212000_thr=830_descr_Out_.jpg,2,135,4
2019-12-01_15-04-32_i=1210970_id=6886_cn=1575212678691705000_thr=802_descr_Sgl_.jpg,55,168,2
2019-12-01_15-04-32_i=1210971_id=6889_cn=1575212678713102000_thr=941_descr_Sgl_looks_different.jpg,39,135,2
2019-12-01_15-04-33_i=1210974_id=6899_cn=1575212678077434000_thr=865_descr__crossing.jpg,226,242,2
2019-12-01_15-04-33_i=1210975_id=6901_cn=1575212662105703000_thr=979_descr__.jpg,30,45,6
2019-12-01_15-04-34_i=1210979_id=6910_cn=1575212662105703000_thr=899_descr__.jpg,56,7,2
2019-12-01_15-04-34_i=1210979_id=6911_cn=1575212680067627000_thr=524_descr_In_looks_different.jpg,193,215,2
2019-12-01_15-04-35_i=1210984_id=6918_cn=1575212662105703000_thr=992_descr__looks_different.jpg,42,219,6
2019-12-01_15-04-35_i=1210984_id=6919_cn=-6919_thr=682_descr__crossing.jpg,222,195,2
2019-12-01_15-34-02_i=1237677_id=16527_cn=1575214445799315000_thr=906_descr__looks_different.jpg,63,253,7
2019-12-01_16-07-37_i=1266206_id=18656_cn=1575216465659934000_thr=753_descr_Out@bord_.jpg,14,228,3
2019-12-01_16-22-01_i=1278511_id=19297_cn=1575217330328483000_thr=591_descr_In_looks_different.jpg,90,172,6
2019-12-01_16-22-07_i=1278534_id=19314_cn=1575217330328483000_thr=908_descr_Out_looks_different.jpg,67,138,0
2019-12-01_16-22-15_i=1278564_id=19334_cn=1575217343239039000_thr=887_descr_In_looks_different.jpg,22,130,6
2019-12-01_16-22-36_i=1278651_id=19415_cn=1575217347246578000_thr=994_descr_Out_.jpg,122,26,6
2019-12-01_16-24-30_i=1279828_id=19599_cn=1575217475545270000_thr=997_descr_In_.jpg,171,83,3
2019-12-01_16-24-31_i=1279840_id=19619_cn=1575217478446194000_thr=932_descr_Out_looks_different.jpg,129,10,3
2019-12-01_16-55-27_i=1307514_id=24261_cn=1575219337929507000_thr=734_descr_Sgl_looks_different.jpg,92,53,6
2019-12-01_17-04-23_i=1314960_id=24618_cn=1575219872537053000_thr=730_descr_Sgl_.jpg,191,36,6
2019-12-01_17-13-03_i=1322589_id=25041_cn=1575220393870403000_thr=620_descr_In_looks_different.jpg,61,41,6
2019-12-01_17-14-02_i=1323323_id=25368_cn=1575220434227683000_thr=557_descr_Out@bord_.jpg,161,177,6
2019-12-01_17-48-45_i=1353823_id=33993_cn=1575222539913587000_thr=740_descr_Sg@bord_.jpg,155,144,6
2019-12-01_20-25-25_i=14223_id=13466_cn=1575231926367334000_thr=678_descr_In_looks_different.jpg,222,172,6
2019-12-02_05-52-32_i=36247_id=2351_cn=1575265953972273000_thr=731_descr_In_.jpg,205,204,6
2019-12-02_06-15-16_i=56032_id=3112_cn=1575267316129722000_thr=568_descr_Out@bord_crossing.jpg,103,108,6
2019-12-02_06-24-02_i=62471_id=4477_cn=1575267875146466000_thr=562_descr_In_looks_different.jpg,210,251,6
2019-12-02_09-02-53_i=85897_id=18124_cn=1575284021357139000_thr=873_descr_In@bord_.jpg,196,129,6
2019-12-02_12-13-45_i=5363_id=438_cn=1575288824671975000_thr=985_descr__.jpg,231,131,6
2019-12-02_12-13-45_i=5363_id=439_cn=1575288824456302000_thr=850_descr_Out_.jpg,17,31,6
2019-12-02_12-28-25_i=18567_id=1359_cn=1575289706394843000_thr=541_descr_In_looks_different.jpg,82,133,6
2019-12-02_12-28-30_i=18648_id=1440_cn=-1440_thr=669_descr__crossing.jpg,166,218,6
2019-12-02_12-37-31_i=26769_id=1994_cn=1575290254321854000_thr=920_descr_In@bord_.jpg,248,88,3
2019-12-02_12-37-32_i=26772_id=2000_cn=1575290254321854000_thr=899_descr__.jpg,218,21,3
2019-12-02_12-37-32_i=26783_id=2022_cn=1575290254321854000_thr=861_descr__.jpg,244,164,3
2019-12-02_12-37-32_i=26784_id=2023_cn=1575290254321854000_thr=994_descr__looks_different.jpg,241,123,3
2019-12-02_12-37-33_i=26791_id=2036_cn=1575290254321854000_thr=939_descr__looks_different.jpg,242,224,0
2019-12-02_12-41-25_i=30267_id=2123_cn=1575290487594328000_thr=858_descr_In@bord_.jpg,195,104,3
2019-12-02_12-41-30_i=30340_id=2231_cn=1575290487594328000_thr=755_descr_Out@bord_.jpg,252,110,3
2019-12-02_12-42-27_i=31197_id=2232_cn=1575290548963286000_thr=892_descr_In@bord_looks_different.jpg,234,111,3
2019-12-02_12-42-30_i=31248_id=2320_cn=1575290550636815000_thr=996_descr__.jpg,239,157,6
2019-12-02_12-42-35_i=31304_id=2417_cn=1575290558529855000_thr=961_descr_In@bord_looks_different.jpg,1,211,6
2019-12-02_12-42-38_i=31340_id=2476_cn=1575290557726105000_thr=999_descr__crossing.jpg,18,250,6
2019-12-02_12-42-38_i=31340_id=2477_cn=1575290560455493000_thr=998_descr__.jpg,124,171,6
2019-12-02_12-42-39_i=31347_id=2491_cn=1575290557726105000_thr=720_descr_Out_.jpg,244,198,6
2019-12-02_12-43-21_i=31891_id=2776_cn=1575290588313325000_thr=626_descr_Out_.jpg,55,127,0
2019-12-02_12-43-23_i=31919_id=2778_cn=1575290606396056000_thr=780_descr_In_looks_different.jpg,19,128,0
2019-12-02_12-55-15_i=42549_id=3757_cn=1575291313049147000_thr=943_descr__looks_different.jpg,245,140,6
2019-12-02_12-55-36_i=42783_id=3937_cn=1575291330202490000_thr=977_descr__looks_different.jpg,156,252,6
2019-12-02_12-55-36_i=42786_id=3944_cn=1575291340170174000_thr=687_descr__crossing.jpg,2,171,6
2019-12-02_12-56-26_i=43561_id=3974_cn=-3974_thr=685_descr__.jpg,238,128,6
2019-12-02_12-56-50_i=43748_id=4267_cn=1575291408725819000_thr=928_descr__.jpg,109,155,6
2019-12-02_12-56-51_i=43752_id=4273_cn=1575291408725819000_thr=551_descr_Out_looks_different.jpg,124,155,6
2019-12-02_12-59-17_i=45196_id=4830_cn=1575291562977652000_thr=809_descr_Sgl_.jpg,4,122,6
2019-12-02_12-59-17_i=45199_id=4836_cn=1575291563616513000_thr=995_descr_Sgl_looks_different.jpg,62,106,3
2019-12-02_12-59-18_i=45202_id=4841_cn=1575291564367346000_thr=973_descr_In@bord_looks_different.jpg,32,80,3
2019-12-02_12-59-18_i=45206_id=4854_cn=1575291565153541000_thr=916_descr_Sgl_.jpg,5,185,7
2019-12-02_13-01-23_i=46470_id=5068_cn=1575291692872534000_thr=997_descr_In@bord_looks_different.jpg,249,182,0
2019-12-02_13-01-28_i=46491_id=5099_cn=1575291692872622000_thr=996_descr_Out@bord_looks_different.jpg,222,169,6
2019-12-02_13-04-57_i=48813_id=5301_cn=1575291903996049000_thr=996_descr_Out@bord_looks_different.jpg,211,49,6
2019-12-02_13-05-06_i=48853_id=5358_cn=-5358_thr=632_descr__.jpg,152,181,6
2019-12-02_13-05-10_i=48867_id=5387_cn=1575291921239168000_thr=946_descr_Sgl_looks_different.jpg,196,188,6
2019-12-02_13-05-51_i=49217_id=5447_cn=1575291952480867000_thr=820_descr_Out@bord_.jpg,0,121,6
2019-12-02_13-06-13_i=49438_id=5449_cn=1575291980255106000_thr=978_descr_In_.jpg,141,233,7
2019-12-02_13-06-33_i=49513_id=5508_cn=1575291999683469000_thr=659_descr_In@bord_different_place.jpg,255,99,6
2019-12-02_13-06-42_i=49559_id=5555_cn=1575292015145719000_thr=684_descr_In_different_place.jpg,20,85,6
2019-12-02_13-06-44_i=49563_id=5563_cn=1575292015145719000_thr=799_descr_Out@bord_.jpg,212,238,6
2019-12-02_13-06-45_i=49566_id=5568_cn=1575292018010724000_thr=962_descr_Sgl_.jpg,124,28,8
2019-12-02_13-06-45_i=49567_id=5570_cn=1575292018071485000_thr=991_descr_In_.jpg,137,141,3
2019-12-02_13-12-01_i=53968_id=5642_cn=1575292329009765000_thr=884_descr_In@bord_.jpg,247,118,4
2019-12-02_13-12-07_i=53998_id=5672_cn=1575292341324520000_thr=938_descr_Sg@bord_.jpg,250,244,4
2019-12-02_13-12-12_i=54009_id=5682_cn=1575292345928053000_thr=771_descr_In@bord_looks_different.jpg,237,236,4
2019-12-02_13-27-00_i=64811_id=6250_cn=1575293237472771000_thr=757_descr_In_.jpg,217,127,6
2019-12-02_13-27-48_i=64915_id=6312_cn=1575293284605496000_thr=803_descr_In@bord_looks_different.jpg,198,57,6
2019-12-02_13-28-16_i=65034_id=6330_cn=1575293304419902000_thr=971_descr_Out@bord_looks_different.jpg,155,122,7
2019-12-02_13-30-34_i=66855_id=6400_cn=1575293443593617000_thr=999_descr__looks_different.jpg,225,46,6
2019-12-02_13-40-55_i=69622_id=7293_cn=1575294056402734000_thr=792_descr_Out@bord_.jpg,172,130,6
2019-12-02_13-43-38_i=70100_id=7439_cn=1575294232035086000_thr=999_descr_In@bord_different_place.jpg,212,129,3
2019-12-02_13-43-38_i=70101_id=7442_cn=1575294235021370000_thr=990_descr_Sgl_.jpg,188,49,7
2019-12-02_13-43-38_i=70102_id=7445_cn=-7445_thr=651_descr__.jpg,195,173,6
2019-12-02_13-43-38_i=70103_id=7447_cn=1575294235178928000_thr=806_descr_In_looks_different.jpg,49,72,3
2019-12-02_13-45-57_i=70279_id=7799_cn=1575294389685628000_thr=889_descr_Sgl_.jpg,72,24,3
2019-12-02_13-46-01_i=70282_id=7804_cn=1575294232035086000_thr=913_descr__looks_different.jpg,171,183,3
2019-12-02_13-46-04_i=70284_id=7809_cn=-7809_thr=611_descr__.jpg,186,246,4
2019-12-02_13-49-36_i=72404_id=7870_cn=1575294541127765000_thr=667_descr_Out_.jpg,9,223,7
2019-12-02_13-55-30_i=76798_id=7889_cn=1575294945363350000_thr=742_descr_In@bord_.jpg,202,120,6
2019-12-02_13-55-41_i=76828_id=7919_cn=1575294971116894000_thr=570_descr_In@bord_.jpg,218,72,1
2019-12-02_13-55-41_i=76830_id=7923_cn=1575294971116894000_thr=736_descr_Out@bord_looks_different.jpg,203,70,1
2019-12-02_13-55-45_i=76835_id=7933_cn=1575294978549545000_thr=596_descr_In_looks_different.jpg,186,104,1
2019-12-02_13-57-05_i=76917_id=8076_cn=1575295061935652000_thr=577_descr_In_.jpg,174,238,6
2019-12-02_13-58-46_i=77015_id=8258_cn=1575295160941354000_thr=934_descr__crossing.jpg,49,231,6
2019-12-02_14-07-45_i=77697_id=8932_cn=1575295702653136000_thr=985_descr_Out@bord_.jpg,13,39,6
2019-12-02_14-19-08_i=80302_id=9691_cn=1575296387227906000_thr=838_descr_In_looks_different.jpg,101,177,6
2019-12-02_14-19-08_i=80305_id=9694_cn=1575296387227906000_thr=783_descr_Out_looks_different.jpg,102,60,6
2019-12-02_14-27-35_i=80704_id=9896_cn=1575296909600735000_thr=857_descr_In_looks_different.jpg,126,195,6
2019-12-02_14-27-59_i=80722_id=9928_cn=-9928_thr=599_descr__crossing.jpg,236,200,6
2019-12-02_14-29-17_i=80893_id=9931_cn=1575296958857102000_thr=540_descr_In@bord_.jpg,16,113,6
2019-12-02_14-30-28_i=82042_id=9956_cn=1575297069519450000_thr=871_descr_Out_looks_different.jpg,70,170,3
2019-12-02_14-30-29_i=82054_id=9965_cn=1575297102771119000_thr=895_descr_In_looks_different.jpg,203,65,3
2019-12-02_14-30-29_i=82055_id=9966_cn=1575297102771119000_thr=841_descr_Out_.jpg,208,51,3
2019-12-02_14-30-44_i=82060_id=9967_cn=1575297111059830000_thr=695_descr_In_looks_different.jpg,3,238,3
2019-12-02_14-31-09_i=82072_id=9980_cn=1575297111059830000_thr=813_descr_Out_looks_different.jpg,53,2,3
2019-12-02_14-32-24_i=82110_id=10001_cn=1575297218237279000_thr=575_descr_In_looks_different.jpg,110,171,3
2019-12-02_14-36-58_i=200_id=148_cn=1575297411508728000_thr=750_descr_Out_.jpg,166,209,6
2019-12-02_14-37-26_i=606_id=487_cn=1575297444718173000_thr=993_descr__.jpg,234,227,3
2019-12-02_14-37-27_i=622_id=510_cn=1575297444718173000_thr=744_descr__crossing.jpg,48,236,7
2019-12-02_14-37-32_i=678_id=615_cn=1575297444718173000_thr=829_descr__.jpg,193,40,7
2019-12-02_14-37-47_i=881_id=869_cn=1575297464091803000_thr=897_descr__looks_different.jpg,253,13,6
2019-12-02_14-38-12_i=1207_id=1448_cn=1575297487076655000_thr=772_descr__.jpg,22,245,6
2019-12-02_14-38-13_i=1228_id=1490_cn=1575297487076655000_thr=873_descr__.jpg,25,225,6
2019-12-02_14-38-14_i=1241_id=1516_cn=1575297487076655000_thr=955_descr__looks_different.jpg,33,224,6
2019-12-02_14-39-36_i=2107_id=3348_cn=1575297577456440000_thr=996_descr__.jpg,20,183,6
2019-12-02_14-40-26_i=2449_id=4081_cn=1575297633385198000_thr=958_descr_Sgl_.jpg,60,163,6
2019-12-02_14-41-26_i=2703_id=4815_cn=1575297699210743000_thr=963_descr_In_different_place.jpg,135,11,7
2019-12-02_14-41-29_i=2710_id=4835_cn=1575297671896184000_thr=959_descr_Out_looks_different.jpg,206,200,6
2019-12-02_14-41-45_i=2755_id=4994_cn=1575297720875613000_thr=675_descr_In_looks_different.jpg,37,154,6
2019-12-02_14-41-46_i=2757_id=5003_cn=1575297720875613000_thr=724_descr__.jpg,33,154,6
2019-12-02_14-42-30_i=2851_id=5307_cn=1575297768490530000_thr=986_descr_Sgl_.jpg,75,32,6
2019-12-02_14-42-50_i=2890_id=5341_cn=1575297777145451000_thr=529_descr_Out_looks_different.jpg,60,124,6
2019-12-02_14-43-44_i=2983_id=5480_cn=1575297839244462000_thr=731_descr__.jpg,104,131,6
2019-12-02_14-43-56_i=3000_id=5494_cn=1575297856736534000_thr=775_descr_Sgl_.jpg,6,135,6
2019-12-02_14-45-36_i=3387_id=5636_cn=1575297951649779000_thr=943_descr_Out_.jpg,250,221,6
2019-12-02_14-45-36_i=3387_id=5639_cn=-5639_thr=552_descr__crossing.jpg,153,139,6
2019-12-02_14-45-58_i=3413_id=5677_cn=-5677_thr=606_descr__looks_different.jpg,198,187,6
2019-12-02_14-46-01_i=3417_id=5687_cn=-5687_thr=537_descr__.jpg,166,151,6
2019-12-02_14-46-14_i=3433_id=5725_cn=1575297987522806000_thr=619_descr_Out_looks_different.jpg,89,152,6
2019-12-02_14-46-54_i=3476_id=5782_cn=1575298048358762000_thr=530_descr_Out@bord_looks_different.jpg,174,130,6
2019-12-02_14-47-28_i=3509_id=5786_cn=1575298066405600000_thr=966_descr_Out@bord_.jpg,255,221,6
2019-12-02_14-59-20_i=4854_id=6360_cn=1575298813337107000_thr=860_descr_Sgl_crossing.jpg,88,139,4
2019-12-02_15-01-45_i=5074_id=6406_cn=1575298959363451000_thr=727_descr_Sgl_.jpg,82,130,4
2019-12-02_15-03-34_i=5156_id=6426_cn=1575299050488324000_thr=603_descr_Out_.jpg,244,119,4
2019-12-02_15-19-27_i=7248_id=6738_cn=1575300003442266000_thr=952_descr__crossing.jpg,67,150,4
2019-12-02_15-23-48_i=7373_id=6969_cn=1575300308370611000_thr=624_descr_In_.jpg,104,236,4
2019-12-02_15-39-19_i=7894_id=7268_cn=1575301233803473000_thr=997_descr_Out_.jpg,154,182,6
2019-12-02_15-40-33_i=7927_id=7309_cn=1575301297321194000_thr=730_descr__crossing.jpg,133,198,4
2019-12-02_15-48-30_i=4151_id=146_cn=1575301712386521000_thr=945_descr_Sgl_.jpg,246,18,6
2019-12-02_15-48-33_i=4195_id=233_cn=1575301711580863000_thr=957_descr__.jpg,148,21,3
2019-12-02_15-55-20_i=10286_id=762_cn=1575302120707372000_thr=975_descr__.jpg,137,132,3
2019-12-02_15-55-20_i=10286_id=763_cn=1575302118222698000_thr=816_descr_Out_looks_different.jpg,158,43,6
2019-12-02_15-55-21_i=10296_id=782_cn=1575302120707372000_thr=999_descr__looks_different.jpg,110,80,3
2019-12-02_15-56-35_i=11395_id=1298_cn=1575302194498306000_thr=692_descr_Out_.jpg,131,4,6
2019-12-02_15-57-24_i=11966_id=2292_cn=1575302230059056000_thr=724_descr__.jpg,97,151,4
2019-12-02_16-01-42_i=15720_id=3342_cn=1575302503572713000_thr=998_descr__looks_different.jpg,116,112,6
2019-12-02_16-01-42_i=15723_id=3352_cn=1575302474729393000_thr=863_descr__.jpg,81,161,6
2019-12-02_16-01-43_i=15734_id=3378_cn=1575302503572713000_thr=957_descr__looks_different.jpg,190,248,6
2019-12-02_16-02-10_i=15950_id=3634_cn=1575302518114125000_thr=659_descr_Out_.jpg,49,173,4
2019-12-02_16-02-17_i=16022_id=3666_cn=1575302537791134000_thr=912_descr__crossing.jpg,71,147,4
2019-12-02_16-03-30_i=16616_id=4336_cn=-4336_thr=511_descr__.jpg,60,198,6
2019-12-02_16-03-30_i=16617_id=4337_cn=1575302616054298000_thr=868_descr_In_looks_different.jpg,13,139,6
2019-12-02_16-03-30_i=16621_id=4341_cn=1575302616054298000_thr=865_descr__.jpg,243,136,6
2019-12-02_16-03-50_i=16728_id=4492_cn=1575302622620771000_thr=755_descr__crossing.jpg,99,169,4
2019-12-02_16-07-22_i=18485_id=5114_cn=1575302849933255000_thr=563_descr_Out_.jpg,245,155,6
2019-12-02_16-07-24_i=18493_id=5134_cn=1575302853217677000_thr=965_descr_Out_looks_different.jpg,1,145,6
2019-12-02_16-07-38_i=18543_id=5251_cn=1575302856767332000_thr=924_descr__.jpg,66,136,4
2019-12-02_16-07-44_i=18563_id=5301_cn=1575302856767332000_thr=927_descr__looks_different.jpg,24,129,4
2019-12-02_16-08-17_i=18649_id=5491_cn=1575302911330543000_thr=583_descr_In_crossing.jpg,187,239,6
2019-12-02_16-26-08_i=27893_id=6705_cn=1575303982533058000_thr=729_descr__.jpg,232,139,6
2019-12-02_16-26-30_i=27939_id=6769_cn=-6769_thr=528_descr__.jpg,59,210,4
2019-12-02_16-26-44_i=27962_id=6800_cn=1575304018310771000_thr=545_descr_Out_.jpg,130,49,6
2019-12-02_16-27-08_i=28003_id=6860_cn=1575304027941245000_thr=626_descr_Out_.jpg,72,183,6
2019-12-02_16-32-25_i=30292_id=7073_cn=1575304366159366000_thr=536_descr_In_looks_different.jpg,42,206,6
2019-12-02_16-37-20_i=32401_id=7236_cn=1575304656075341000_thr=628_descr_In_looks_different.jpg,53,210,4
2019-12-02_16-37-21_i=32412_id=7247_cn=1575304662395020000_thr=769_descr_In_looks_different.jpg,17,138,6
2019-12-02_16-38-12_i=32482_id=7363_cn=1575304722088663000_thr=933_descr_Sgl_.jpg,108,174,4
2019-12-02_16-39-09_i=32555_id=7419_cn=1575304736163882000_thr=763_descr_Out_.jpg,66,166,4
2019-12-02_16-40-14_i=32628_id=7484_cn=1575304841213399000_thr=709_descr_Out_.jpg,239,131,6
2019-12-02_16-40-21_i=32638_id=7487_cn=1575304851476536000_thr=674_descr_In_looks_different.jpg,8,143,6
2019-12-02_16-47-08_i=35915_id=7697_cn=1575305242923842000_thr=712_descr_Sg@bord_.jpg,238,77,6
2019-12-02_16-51-51_i=37026_id=7887_cn=1575305543921097000_thr=925_descr_Sgl_.jpg,103,245,7
2019-12-02_17-02-17_i=40494_id=8218_cn=1575306170629945000_thr=637_descr_In@bord_.jpg,178,177,3
2019-12-02_17-14-30_i=47909_id=8312_cn=1575306908802778000_thr=829_descr_Sgl_looks_different.jpg,79,175,3
2019-12-02_17-14-39_i=47923_id=8316_cn=1575306923383756000_thr=516_descr_In_looks_different.jpg,95,126,6
2019-12-02_17-14-49_i=47929_id=8322_cn=1575306923383756000_thr=872_descr_Out_looks_different.jpg,94,143,3
2019-12-02_17-17-10_i=48286_id=8374_cn=1575307072944272000_thr=894_descr_Sg@bord_looks_different.jpg,178,214,6
2019-12-02_17-18-45_i=48511_id=8401_cn=1575307169071579000_thr=774_descr_Out_.jpg,153,48,6
2019-12-02_17-27-37_i=50985_id=8585_cn=1575307687043441000_thr=965_descr_In_.jpg,4,46,7
2019-12-02_17-30-00_i=51625_id=8646_cn=-8646_thr=572_descr__looks_different.jpg,255,92,4
2019-12-02_17-30-05_i=51628_id=8651_cn=-8651_thr=597_descr__.jpg,48,98,4
2019-12-02_17-30-21_i=51640_id=8669_cn=1575307847001319000_thr=856_descr__.jpg,134,177,6
2019-12-02_17-31-03_i=51674_id=8737_cn=1575307847001319000_thr=738_descr__looks_different.jpg,153,6,6
2019-12-02_17-31-14_i=51681_id=8750_cn=1575307925391316000_thr=743_descr_Sg@bord_looks_different.jpg,246,49,3
2019-12-02_17-48-42_i=66753_id=8758_cn=1575308945229772000_thr=583_descr_Out_looks_different.jpg,17,120,2
2019-12-02_17-49-20_i=66861_id=8761_cn=1575308994068200000_thr=519_descr_In_different_place.jpg,145,139,2
2019-12-02_17-52-57_i=68574_id=8793_cn=1575309206627719000_thr=855_descr_In@bord_.jpg,7,106,3
2019-12-02_17-52-57_i=68578_id=8796_cn=1575309212282941000_thr=678_descr_In_looks_different.jpg,230,130,3
2019-12-02_18-20-58_i=90218_id=8929_cn=-8929_thr=535_descr__.jpg,135,73,6
2019-12-02_18-21-31_i=90241_id=8951_cn=1575310943966919000_thr=973_descr_Sgl_looks_different.jpg,234,58,6
2019-12-02_18-22-00_i=90262_id=8988_cn=1575310979275481000_thr=953_descr_Out_looks_different.jpg,225,129,6
2019-12-02_18-25-19_i=91243_id=9152_cn=1575311120773036000_thr=504_descr_In_.jpg,148,161,6
2019-12-02_18-41-47_i=105542_id=11685_cn=1575312238890158000_thr=805_descr__looks_different.jpg,154,166,6
2019-12-02_18-42-01_i=105544_id=11688_cn=1575312238890158000_thr=905_descr__.jpg,146,163,6
2019-12-02_18-42-45_i=105559_id=11716_cn=1575312283623538000_thr=981_descr_Out_looks_different.jpg,168,205,6
2019-12-02_18-43-00_i=105560_id=11720_cn=1575312283523339000_thr=903_descr__.jpg,84,166,6
2019-12-02_18-43-00_i=105562_id=11725_cn=1575312283523339000_thr=926_descr__.jpg,79,165,6
2019-12-02_18-43-15_i=105566_id=11732_cn=1575312331075900000_thr=860_descr_In_looks_different.jpg,168,151,6
2019-12-02_18-43-29_i=105568_id=11737_cn=1575312331075900000_thr=993_descr__looks_different.jpg,189,104,6
2019-12-02_18-50-02_i=2409_id=259_cn=1575312603896437000_thr=894_descr_Sg@bord_looks_different.jpg,195,16,3
2019-12-02_18-51-39_i=3855_id=485_cn=1575312700548652000_thr=897_descr_In_.jpg,91,77,6
2019-12-02_18-51-41_i=3886_id=518_cn=1575312700548652000_thr=728_descr__.jpg,231,188,6
2019-12-02_18-51-42_i=3905_id=538_cn=1575312704087671000_thr=926_descr_Out_.jpg,37,128,6
2019-12-02_18-51-46_i=3965_id=590_cn=1575312707745631000_thr=970_descr_Out_.jpg,63,54,6
2019-12-02_19-05-12_i=16051_id=2099_cn=1575313513925861000_thr=985_descr_Out_looks_different.jpg,190,177,0
2019-12-02_19-06-02_i=16806_id=2244_cn=1575313563797531000_thr=774_descr_Out_looks_different.jpg,119,16,0
2019-12-02_19-06-03_i=16824_id=2259_cn=1575313565297063000_thr=787_descr_In@bord_looks_different.jpg,204,206,0
2019-12-02_21-39-32_i=154705_id=13112_cn=1575322782628025000_thr=532_descr_In@bord_looks_different.jpg,64,128,6
2019-12-02_21-48-23_i=162510_id=13240_cn=1575323304192654000_thr=515_descr_In_.jpg,150,164,6
2019-12-02_21-49-53_i=163687_id=13344_cn=1575323404448429000_thr=935_descr_Sg@bord_looks_different.jpg,229,159,6
2019-12-02_22-56-36_i=223175_id=16838_cn=1575327407985082000_thr=560_descr_In_looks_different.jpg,74,42,6
2019-12-02_22-56-37_i=223186_id=16849_cn=1575327413770004000_thr=991_descr_In_looks_different.jpg,169,80,6
2019-12-03_02-08-50_i=47214_id=15731_cn=1575341814124436000_thr=917_descr_Sg@bord_looks_different.jpg,174,118,6
2019-12-04 18-05-32.i_9357.id_211.cn_1575482734308703000.thr_732.descr_Sgl .jpg,50,141,6
2019-12-05 06-55-45.i_471500.id_1580.cn_1575528946691556000.thr_861.descr_Out_bord looks_different.jpg,44,13,0
2019-12-05 08-55-34.i_543394.id_3397.cn_1575536136440886000.thr_532.descr_In crossing.jpg,200,231,3
2019-12-05 08-57-31.i_544556.id_3416.cn_1575536252636465000.thr_797.descr_In_bord .jpg,247,165,6
2019-12-05 09-05-27.i_549326.id_3502.cn_1575536729606238000.thr_852.descr_Sgl looks_different.jpg,20,215,5
2019-12-05 09-05-59.i_549639.id_3693.cn_1575536760902478000.thr_666.descr_In .jpg,221,123,6
2019-12-05 09-21-23.i_558880.id_4084.cn_1575537682521668000.thr_967.descr_ crossing.jpg,233,247,6
2019-12-05 09-49-26.i_575707.id_4805.cn_1575539367642270000.thr_888.descr_In_bord .jpg,14,175,6
2019-12-05 09-49-30.i_575753.id_4850.cn_1575539372223634000.thr_661.descr_In .jpg,109,8,0
2019-12-05 09-50-36.i_576413.id_4910.cn_1575539436142974000.thr_971.descr_Out looks_different.jpg,254,120,6
2019-12-05 09-54-23.i_578682.id_5362.cn_1575539661636791000.thr_959.descr_Out_bord looks_different.jpg,235,189,6
2019-12-05 10-15-14.i_591189.id_5719.cn_1575540915795243000.thr_943.descr_In looks_different.jpg,52,135,6
2019-12-05 10-15-15.i_591201.id_5736.cn_1575540915795243000.thr_895.descr_Out looks_different.jpg,15,123,6
2019-12-05 10-24-09.i_596547.id_5996.cn_1575541451461853000.thr_730.descr_Out_bord .jpg,33,131,6
2019-12-05 10-28-51.i_599364.id_6256.cn_1575541733305584000.thr_784.descr_In looks_different.jpg,19,122,6
2019-12-05 10-29-00.i_599456.id_6325.cn_1575541742481500000.thr_998.descr_Sgl .jpg,239,62,6
2019-12-05 10-34-20.i_602654.id_6489.cn_1575542062260486000.thr_807.descr_In_bord .jpg,217,151,1
2019-12-05 10-34-30.i_602753.id_6590.cn_1575542062260486000.thr_988.descr_ .jpg,107,57,1
2019-12-05 10-34-30.i_602753.id_6591.cn_1575542072256885000.thr_853.descr_Sg_bord .jpg,10,164,1
2019-12-05 10-34-34.i_602793.id_6667.cn_1575542062260486000.thr_674.descr_ different place.jpg,202,225,1
2019-12-05 10-34-35.i_602806.id_6695.cn_1575542062260486000.thr_801.descr_Out looks_different.jpg,107,143,6
2019-12-05 10-34-39.i_602838.id_6747.cn_1575542080660455000.thr_634.descr_In looks_different.jpg,63,152,6
2019-12-05 10-34-39.i_602845.id_6754.cn_1575542080660455000.thr_665.descr_Out .jpg,66,147,6
2019-12-05 10-45-06.i_609108.id_7698.cn_1575542707643185000.thr_782.descr_Sgl .jpg,243,12,3
2019-12-05 10-45-08.i_609137.id_7729.cn_1575542710543213000.thr_625.descr_In .jpg,39,197,3
2019-12-05 10-45-09.i_609143.id_7735.cn_1575542711139857000.thr_860.descr_Sgl .jpg,44,187,3
2019-12-05 10-45-10.i_609149.id_7742.cn_1575542710543213000.thr_500.descr_Out .jpg,23,185,3
2019-12-05 10-45-11.i_609158.id_7750.cn_1575542707040752000.thr_897.descr_ crossing.jpg,60,7,3
2019-12-05 10-45-27.i_609327.id_7819.cn_1575542723141218000.thr_950.descr_Out_bord .jpg,243,185,6
2019-12-05 10-50-37.i_612422.id_7900.cn_1575543039029471000.thr_585.descr_In .jpg,239,117,6
2019-12-05 10-51-47.i_613121.id_8268.cn_1575543108972392000.thr_659.descr_In .jpg,56,127,1
2019-12-05 10-57-40.i_616658.id_8825.cn_1575543462618415000.thr_677.descr_In looks_different.jpg,92,240,5
2019-12-05 10-58-26.i_617110.id_9101.cn_1575543495097786000.thr_666.descr_Out looks_different.jpg,27,153,4
2019-12-05 10-58-52.i_617374.id_9236.cn_1575543529502256000.thr_537.descr_Out looks_different.jpg,58,158,4
2019-12-05 10-59-17.i_617620.id_9377.cn_1575543553064670000.thr_612.descr_Out .jpg,94,155,4
2019-12-05 10-59-46.i_617910.id_9501.cn_1575543588146701000.thr_651.descr_In .jpg,92,4,4
2019-12-05 11-00-11.i_618166.id_9700.cn_1575543605029525000.thr_937.descr_Out_bord .jpg,174,27,5
2019-12-05 11-05-03.i_621080.id_10099.cn_1575543893627357000.thr_667.descr_ looks_different.jpg,56,50,6
2019-12-05 11-05-24.i_621297.id_10200.cn_1575543926584086000.thr_560.descr_In looks_different.jpg,209,138,4
2019-12-05 11-06-09.i_621748.id_10417.cn_1575543971598463000.thr_687.descr_In looks_different.jpg,152,212,4
2019-12-05 11-07-34.i_622591.id_10805.cn_1575544056085422000.thr_621.descr_In .jpg,186,26,5
2019-12-05 11-07-35.i_622599.id_10813.cn_1575544056687389000.thr_821.descr_Out .jpg,120,99,5
2019-12-05 11-15-43.i_627484.id_11061.cn_1575544544701561000.thr_869.descr_ crossing.jpg,2,210,4
2019-12-05 11-16-10.i_627753.id_11239.cn_1575544572148826000.thr_521.descr_In crossing.jpg,105,205,6
2019-12-05 11-22-52.i_631772.id_11414.cn_1575544964605500000.thr_684.descr_Out_bord looks_different.jpg,252,135,7
2019-12-05 11-24-05.i_632504.id_11437.cn_1575545045144039000.thr_935.descr_ crossing.jpg,240,186,7
2019-12-05 11-24-18.i_632630.id_11544.cn_1575545052668568000.thr_654.descr_Out .jpg,179,239,4
2019-12-05 11-24-25.i_632705.id_11585.cn_1575545065586562000.thr_529.descr_ crossing.jpg,172,0,4
2019-12-05 11-32-37.i_637621.id_11839.cn_1575545559049056000.thr_521.descr_In .jpg,207,6,7
2019-12-05 11-32-39.i_637646.id_11856.cn_1575545561539036000.thr_978.descr_Sgl .jpg,196,249,7
2019-12-05 11-32-40.i_637655.id_11859.cn_1575545562535755000.thr_666.descr_In .jpg,141,201,4
2019-12-05 13-02-49.i_691750.id_13386.cn_1575550972064294000.thr_706.descr_Sg_bord .jpg,114,171,6
2019-12-05 13-02-49.i_691750.id_13387.cn_-13387.thr_556.descr_ .jpg,110,115,6
2019-12-05 13-03-29.i_692127.id_13637.cn_1575551012857140000.thr_943.descr_In looks_different.jpg,54,143,4
2019-12-05 13-03-36.i_692199.id_13651.cn_1575551018818551000.thr_512.descr_Out looks_different.jpg,31,135,4
2019-12-05 13-04-50.i_692955.id_13781.cn_1575551092638700000.thr_797.descr_Sgl .jpg,12,163,5
2019-12-05 13-08-44.i_695291.id_13972.cn_-13972.thr_610.descr_ looks_different.jpg,34,160,5
2019-12-05 13-08-47.i_695326.id_13980.cn_1575551330088322000.thr_662.descr_In looks_different.jpg,56,145,5
2019-12-05 13-20-21.i_702056.id_15895.cn_-15895.thr_510.descr_ .jpg,9,173,5
2019-12-05 13-28-50.i_707072.id_16418.cn_1575552535325505000.thr_776.descr_Out .jpg,30,140,5
2019-12-05 13-31-01.i_708195.id_17108.cn_1575552665980981000.thr_767.descr_In different place.jpg,51,4,5
2019-12-05 13-37-58.i_712013.id_17574.cn_1575553082249595000.thr_500.descr_Out_bord looks_different.jpg,66,129,4
2019-12-05 13-38-58.i_712386.id_17728.cn_1575553137267373000.thr_522.descr_Out_bord looks_different.jpg,55,122,4
2019-12-05 13-39-16.i_712505.id_17792.cn_1575553160213267000.thr_737.descr_Out looks_different.jpg,43,176,5
2019-12-05 14-06-33.i_728645.id_18368.cn_1575554800035321000.thr_999.descr_In looks_different.jpg,179,53,6
2019-12-05 14-09-43.i_730389.id_18653.cn_1575554989904829000.thr_937.descr_Out_bord looks_different.jpg,42,197,6
2019-12-05 14-47-30.i_752472.id_19499.cn_1575557255067592000.thr_669.descr_In_bord .jpg,1,186,5
2019-12-05 14-53-43.i_755350.id_19893.cn_1575557631454288000.thr_907.descr_Sg_bord looks_different.jpg,215,102,5
2019-12-05 14-57-29.i_757141.id_20329.cn_1575557858637952000.thr_747.descr_Out_bord .jpg,43,106,5
2019-12-05 15-04-38.i_759981.id_20770.cn_1575558285652978000.thr_957.descr_Out_bord .jpg,100,94,1
2019-12-05 15-05-30.i_760466.id_20835.cn_1575558345175938000.thr_965.descr_Sg_bord looks_different.jpg,13,229,6
2019-12-05 15-05-31.i_760469.id_20839.cn_1575558345351249000.thr_995.descr_In looks_different.jpg,170,79,6
2019-12-05 15-23-19.i_764256.id_21866.cn_1575559421597767000.thr_963.descr_In_bord .jpg,142,27,6
2019-12-05 15-24-53.i_764546.id_22183.cn_1575559437832113000.thr_962.descr_Out .jpg,165,165,2
2019-12-05 15-28-54.i_765784.id_22326.cn_1575559760032811000.thr_832.descr_Sgl looks_different.jpg,189,119,6
2019-12-05 15-30-49.i_766336.id_22380.cn_1575559874634126000.thr_503.descr_In .jpg,31,123,6
2019-12-05 15-31-30.i_766418.id_22451.cn_1575559874634126000.thr_907.descr_Out .jpg,223,32,4
2019-12-05 15-33-02.i_767093.id_22511.cn_1575559997361807000.thr_737.descr_Sgl looks_different.jpg,48,53,6
2019-12-05 15-34-14.i_767591.id_22563.cn_1575560069388174000.thr_747.descr_In .jpg,177,5,5
2019-12-05 15-34-14.i_767593.id_22565.cn_1575560069450494000.thr_955.descr_In_bord looks_different.jpg,186,199,5
2019-12-05 15-37-38.i_767841.id_22880.cn_1575560292988325000.thr_789.descr_Sgl .jpg,110,171,4
2019-12-05 15-47-14.i_769400.id_23322.cn_1575560884927054000.thr_999.descr_ looks_different.jpg,106,104,6
2019-12-05 16-05-17.i_6314.id_183.cn_1575561919451558000.thr_995.descr_Sgl .jpg,49,103,5
2019-12-05 16-05-18.i_6320.id_188.cn_1575561920031324000.thr_878.descr_Sgl looks_different.jpg,22,175,5
2019-12-05 16-16-36.i_13096.id_366.cn_1575562597631652000.thr_941.descr_In_bord .jpg,243,157,6
2019-12-06 09-08-52.i_620480.id_2990.cn_1575623325035567000.thr_907.descr_ .jpg,240,217,0
2019-12-06 09-08-58.i_620536.id_3047.cn_1575623325035567000.thr_568.descr_ .jpg,154,11,0
2019-12-06 09-14-25.i_623806.id_3342.cn_1575623666830420000.thr_507.descr_In .jpg,119,173,6
2019-12-06 09-14-26.i_623819.id_3351.cn_1575623666830420000.thr_610.descr_ crossing.jpg,227,253,0
2019-12-06 09-15-19.i_624351.id_3488.cn_1575623721317626000.thr_747.descr_In .jpg,4,147,6
2019-12-06 09-20-10.i_627256.id_3850.cn_1575624010591248000.thr_913.descr_Out .jpg,240,210,6
2019-12-06 09-21-28.i_628042.id_3926.cn_1575624089911879000.thr_556.descr_ crossing.jpg,231,28,4
2019-12-06 10-24-26.i_665820.id_4817.cn_1575627868205069000.thr_551.descr_In .jpg,236,104,4
2019-12-06 10-24-42.i_665982.id_4955.cn_1575627870890928000.thr_881.descr_ crossing.jpg,219,198,4
2019-12-06 10-24-42.i_665984.id_4957.cn_1575627870890928000.thr_984.descr_ crossing.jpg,226,183,4
2019-12-06 10-31-00.i_669760.id_4964.cn_1575628261479665000.thr_737.descr_ crossing.jpg,238,222,4
2019-12-06 10-31-03.i_669790.id_4990.cn_1575628261479665000.thr_997.descr_ crossing.jpg,223,234,4
2019-12-06 10-43-03.i_676989.id_6880.cn_1575628984256553000.thr_955.descr_ crossing.jpg,236,204,3
2019-12-06 10-43-06.i_677020.id_6929.cn_1575628984979961000.thr_611.descr_Out looks_different.jpg,164,210,6
2019-12-06 10-43-12.i_677081.id_6995.cn_1575628989798789000.thr_661.descr_ .jpg,92,147,6
2019-12-06 10-43-18.i_677142.id_7061.cn_1575629000337506000.thr_890.descr_In looks_different.jpg,23,147,6
2019-12-06 10-43-20.i_677157.id_7076.cn_1575629001833705000.thr_969.descr_In looks_different.jpg,10,137,6
2019-12-06 10-43-34.i_677299.id_7091.cn_1575629016036280000.thr_696.descr_In_bord .jpg,5,142,6
2019-12-06 10-44-28.i_677836.id_7975.cn_1575629071939714000.thr_553.descr_In .jpg,255,119,6
2019-12-06 10-44-47.i_677955.id_8233.cn_1575629071939714000.thr_527.descr_Out .jpg,138,158,6
2019-12-06 10-44-48.i_677961.id_8238.cn_1575629094690362000.thr_728.descr_In looks_different.jpg,171,178,6
2019-12-06 10-45-19.i_678121.id_8422.cn_1575629124714164000.thr_634.descr_Out .jpg,62,130,4
2019-12-06 10-45-35.i_678196.id_8513.cn_-8513.thr_560.descr_ .jpg,90,176,4
2019-12-06 10-46-19.i_678373.id_8754.cn_1575629186425997000.thr_870.descr_Out looks_different.jpg,70,138,4
2019-12-06 10-46-50.i_678479.id_8879.cn_1575629221191252000.thr_929.descr_Sgl looks_different.jpg,85,195,5
2019-12-06 10-51-14.i_680452.id_9243.cn_1575629485839697000.thr_710.descr_Sgl .jpg,189,97,5
2019-12-06 10-51-48.i_680537.id_9318.cn_1575629524287912000.thr_829.descr_ .jpg,99,162,4
2019-12-06 10-52-51.i_680683.id_9416.cn_1575629583205653000.thr_559.descr_Out .jpg,55,175,4
2019-12-06 10-53-05.i_680713.id_9422.cn_1575629596338087000.thr_787.descr_Out .jpg,1,144,6
2019-12-06 10-57-00.i_682444.id_9660.cn_1575629840683479000.thr_972.descr_ looks_different.jpg,128,178,5
2019-12-06 10-57-24.i_682475.id_9759.cn_1575629844225188000.thr_993.descr_ crossing.jpg,88,212,7
2019-12-06 11-07-35.i_683642.id_10256.cn_1575630455356200000.thr_790.descr_ .jpg,38,149,5
2019-12-06 11-07-50.i_683651.id_10273.cn_1575630509701051000.thr_943.descr_Out .jpg,39,142,4
2019-12-06 11-44-27.i_699166.id_10749.cn_1575632686924826000.thr_916.descr_Out looks_different.jpg,34,126,5
2019-12-06 11-57-32.i_703892.id_10961.cn_1575633528899225000.thr_949.descr_Out .jpg,122,155,5
2019-12-06 12-01-18.i_704831.id_10993.cn_1575633711458914000.thr_849.descr_ .jpg,27,245,5
2019-12-06 12-01-18.i_704832.id_10995.cn_1575633734386651000.thr_940.descr_Sg_bord .jpg,176,105,6
2019-12-06 12-01-18.i_704837.id_11005.cn_1575633711458914000.thr_839.descr_Out .jpg,38,103,5
2019-12-06 12-01-29.i_704848.id_11020.cn_1575633769265211000.thr_989.descr_Sg_bord looks_different.jpg,1,211,5
2019-12-06 12-01-29.i_704848.id_11021.cn_1575633757581958000.thr_659.descr_ looks_different.jpg,107,171,6
2019-12-06 12-01-29.i_704849.id_11022.cn_1575633769347116000.thr_770.descr_Sgl looks_different.jpg,41,248,5
2019-12-06 12-01-51.i_704856.id_11039.cn_1575633793666295000.thr_998.descr_In looks_different.jpg,53,97,5
2019-12-06 12-01-51.i_704857.id_11042.cn_1575633793666295000.thr_999.descr_Out .jpg,49,98,5
2019-12-06 12-02-14.i_704866.id_11070.cn_1575633757581958000.thr_935.descr_Out .jpg,80,149,6
2019-12-06 12-39-13.i_719316.id_11309.cn_1575636026884204000.thr_900.descr_In .jpg,240,201,2
2019-12-07 16-42-36.i_19304.id_338.cn_1575736958054131000.thr_744.descr_ crossing.jpg,246,37,2
2019-12-07 20-49-44.i_167622.id_1028.cn_1575751786241772000.thr_726.descr_Sgl .jpg,169,103,6
2019-12-08 10-32-36.i_661471.id_1489.cn_1575801157675946000.thr_998.descr_In looks_different.jpg,1,56,0
2019-12-08 10-32-36.i_661472.id_1490.cn_1575801157675946000.thr_930.descr_Out looks_different.jpg,33,250,0
2019-12-08 10-32-36.i_661474.id_1492.cn_1575801157972739000.thr_999.descr_In looks_different.jpg,25,37,0
2019-12-08 10-32-40.i_661514.id_1532.cn_1575801158583198000.thr_831.descr_Out looks_different.jpg,2,238,0
2019-12-08 10-32-40.i_661515.id_1533.cn_1575801162051496000.thr_964.descr_In_bord looks_different.jpg,250,175,0
2019-12-08 10-49-08.i_671397.id_1588.cn_1575802149997294000.thr_924.descr_In_bord .jpg,156,233,6
2019-12-08 11-41-44.i_702969.id_1658.cn_1575805306208840000.thr_971.descr_Out .jpg,49,203,6
2019-12-08 11-58-29.i_713024.id_1670.cn_1575806311183739000.thr_987.descr_ looks_different.jpg,253,2,3
2019-12-08 11-58-29.i_713024.id_1671.cn_1575806311560674000.thr_817.descr_Sg_bord .jpg,153,118,3
2019-12-08 11-58-30.i_713027.id_1675.cn_1575806311183739000.thr_906.descr_ .jpg,0,223,6
2019-12-08 11-58-32.i_713047.id_1706.cn_1575806313873690000.thr_997.descr_In .jpg,85,230,6
2019-12-08 11-58-32.i_713047.id_1707.cn_1575806311953846000.thr_997.descr_ looks_different.jpg,83,80,3
2019-12-08 11-58-33.i_713062.id_1737.cn_1575806311953846000.thr_898.descr_Out looks_different.jpg,44,242,3
2019-12-08 11-58-33.i_713063.id_1738.cn_1575806313873690000.thr_996.descr_ .jpg,97,50,3
2019-12-08 12-48-41.i_743152.id_1928.cn_1575809322628923000.thr_899.descr_Out looks_different.jpg,40,144,6
2019-12-09 09-24-40.i_1484944.id_5093.cn_1575883482643245000.thr_578.descr_In .jpg,139,185,4
2019-12-09 09-25-39.i_1485526.id_5316.cn_1575883539881019000.thr_977.descr_ .jpg,228,209,3
2019-12-09 09-28-04.i_1486981.id_5792.cn_1575883687499994000.thr_949.descr_Out looks_different.jpg,38,244,2
2019-12-09 09-28-06.i_1487004.id_5813.cn_1575883688343499000.thr_900.descr_ crossing.jpg,44,243,2
2019-12-09 09-28-23.i_1487107.id_5903.cn_1575883708346140000.thr_615.descr_Out looks_different.jpg,19,105,2
2019-12-09 09-28-30.i_1487145.id_5920.cn_1575883716243734000.thr_612.descr_Out .jpg,226,94,2
2019-12-09 09-29-40.i_1487747.id_6121.cn_1575883777179148000.thr_778.descr_Out looks_different.jpg,242,254,2
2019-12-09 09-29-40.i_1487748.id_6122.cn_1575883784577694000.thr_818.descr_In looks_different.jpg,237,10,2
2019-12-09 09-29-54.i_1487846.id_6217.cn_1575883800879453000.thr_932.descr_In looks_different.jpg,224,80,2
2019-12-09 09-29-56.i_1487859.id_6230.cn_1575883802873446000.thr_988.descr_In looks_different.jpg,223,33,2
2019-12-09 09-33-02.i_1489585.id_6438.cn_1575883987645009000.thr_998.descr_ crossing.jpg,68,25,7
2019-12-09 09-33-03.i_1489590.id_6444.cn_1575883987645009000.thr_998.descr_ .jpg,66,227,6
2019-12-09 09-37-49.i_1492263.id_6703.cn_1575884274971709000.thr_774.descr_In_bord .jpg,178,116,6
2019-12-09 09-44-12.i_1495651.id_7142.cn_1575884659204167000.thr_877.descr_Out .jpg,56,127,6
2019-12-09 09-44-20.i_1495685.id_7183.cn_1575884669192759000.thr_855.descr_Out .jpg,53,131,6
2019-12-09 09-44-35.i_1495739.id_7275.cn_1575884685151047000.thr_993.descr_Out .jpg,73,7,7
2019-12-09 09-46-14.i_1496280.id_7522.cn_1575884787691243000.thr_902.descr_In crossing.jpg,158,19,3
2019-12-09 09-46-14.i_1496282.id_7527.cn_1575884787743762000.thr_999.descr_ .jpg,152,144,3
2019-12-09 09-53-51.i_1498873.id_7969.cn_1575885253633514000.thr_770.descr_In_bord .jpg,139,0,6
2019-12-09 09-54-13.i_1498907.id_7996.cn_1575885273302462000.thr_718.descr_Out .jpg,0,121,6
2019-12-09 10-08-37.i_1504407.id_8577.cn_1575886132392126000.thr_998.descr_ .jpg,14,205,6
2019-12-09 10-19-52.i_1508458.id_9006.cn_1575886806868930000.thr_740.descr_Out looks_different.jpg,85,151,3
2019-12-09 10-19-53.i_1508464.id_9015.cn_1575886806929382000.thr_998.descr_ .jpg,9,33,6
2019-12-09 10-22-34.i_1508929.id_9127.cn_1575886980208556000.thr_965.descr_In .jpg,204,36,5
2019-12-09 10-23-43.i_1509001.id_9185.cn_1575887066688284000.thr_999.descr_In .jpg,196,114,3
2019-12-09 10-25-42.i_1509167.id_9270.cn_1575887163760891000.thr_718.descr_ crossing.jpg,29,16,5
2019-12-09 10-32-47.i_1509956.id_9612.cn_1575887583634124000.thr_905.descr_Out .jpg,216,168,6
2019-12-09 11-42-27.i_1531447.id_10379.cn_1575891787225440000.thr_988.descr_Out .jpg,147,164,6
2019-12-09 11-44-43.i_1532462.id_10384.cn_1575891937624773000.thr_999.descr_In looks_different.jpg,192,101,6
2019-12-09 11-55-48.i_1536156.id_10491.cn_1575892652661471000.thr_931.descr_In .jpg,108,148,6
2019-12-09 11-56-02.i_1536162.id_10503.cn_1575892652661471000.thr_708.descr_ .jpg,140,199,6
2019-12-09 11-57-17.i_1536186.id_10550.cn_1575892637066964000.thr_593.descr_ crossing.jpg,50,241,7
2019-12-09 11-57-32.i_1536192.id_10562.cn_1575892637066964000.thr_971.descr_ .jpg,47,4,7
2019-12-09 12-00-42.i_1536988.id_10614.cn_1575892943645180000.thr_976.descr_Sg_bord looks_different.jpg,114,245,0
2019-12-09 12-00-57.i_1536999.id_10637.cn_1575892925792647000.thr_931.descr_ .jpg,59,63,3
2019-12-09 12-02-06.i_1537019.id_10664.cn_1575893075090300000.thr_979.descr_Sgl .jpg,244,19,3
2019-12-09 12-02-23.i_1537021.id_10665.cn_1575892925792647000.thr_562.descr_Out looks_different.jpg,21,245,3
2019-12-09 12-07-52.i_1537728.id_10728.cn_1575893225570397000.thr_911.descr_Out .jpg,227,231,7
2019-12-09 12-23-14.i_1545620.id_10740.cn_1575894264955404000.thr_998.descr_Out looks_different.jpg,115,38,6
2019-12-09 12-24-01.i_1545643.id_10765.cn_1575894310626031000.thr_976.descr_ looks_different.jpg,65,40,0
2019-12-09 12-24-47.i_1545651.id_10781.cn_1575894407870291000.thr_924.descr_ looks_different.jpg,48,14,6
2019-12-09 12-25-10.i_1545655.id_10790.cn_1575894482120067000.thr_775.descr_Sgl looks_different.jpg,249,240,6
2019-12-09 13-15-53.i_1559298.id_11032.cn_1575897512900504000.thr_881.descr_Sgl .jpg,244,110,7
2019-12-09 13-17-12.i_1559313.id_11037.cn_1575897593128030000.thr_574.descr_Out looks_different.jpg,96,143,4
2019-12-09 13-25-15.i_1561008.id_11075.cn_1575897998054595000.thr_1000.descr_ looks_different.jpg,58,148,3
2019-12-09 13-52-06.i_1567270.id_11183.cn_1575899612446977000.thr_917.descr_ crossing.jpg,214,188,7
2019-12-09 13-52-07.i_1567277.id_11189.cn_1575899612446977000.thr_982.descr_ crossing.jpg,244,31,7
2019-12-09 13-52-07.i_1567278.id_11190.cn_1575899612446977000.thr_996.descr_ crossing.jpg,252,222,7
2019-12-22 09-33-06.i_624997.id_3324.cn_1577007188567676000.thr_619.descr_In .jpg,193,197,0
2019-12-22 10-29-26.i_658802.id_3475.cn_1577010568071659000.thr_915.descr_Out_bord looks_different.jpg,38,184,3
2019-12-22 10-29-26.i_658803.id_3476.cn_1577010568274309000.thr_831.descr_In_bord looks_different.jpg,74,213,3
2019-12-22 10-29-30.i_658843.id_3516.cn_1577010568512616000.thr_946.descr_Out looks_different.jpg,65,142,3
2019-12-22 10-29-30.i_658844.id_3517.cn_1577010572348971000.thr_736.descr_In .jpg,232,246,3
2019-12-22 10-30-53.i_659671.id_3532.cn_1577010655053941000.thr_1000.descr_Sgl looks_different.jpg,242,129,0
2019-12-22 10-30-56.i_659698.id_3559.cn_1577010655154340000.thr_961.descr_Out_bord .jpg,52,205,0
2019-12-22 12-23-20.i_727158.id_4013.cn_1577017401935078000.thr_907.descr_In_bord .jpg,6,126,6
2019-12-22 12-31-57.i_732327.id_4252.cn_1577017918717768000.thr_686.descr_In_bord .jpg,244,143,6
2019-12-22 12-33-19.i_733155.id_4347.cn_1577018001644718000.thr_982.descr_Sg_bord looks_different.jpg,134,90,6
2019-12-22 14-51-22.i_816009.id_5772.cn_1577026286459690000.thr_766.descr_Sg_bord looks_different.jpg,179,166,3
2019-12-22 14-51-26.i_816044.id_5842.cn_1577026292220378000.thr_873.descr_Sgl looks_different.jpg,159,61,6
2019-12-22 20-49-22.i_1030841.id_7032.cn_1577047768134903000.thr_885.descr_In .jpg,211,119,6
2019-12-23 08-47-17.i_1455895.id_8899.cn_1577090860101113000.thr_630.descr_In .jpg,137,8,4
2019-12-23 10-19-57.i_1479862.id_10248.cn_1577096483337477000.thr_900.descr_Sgl .jpg,50,140,6
2019-12-23 10-49-54.i_1483515.id_10763.cn_-10763.thr_662.descr_ .jpg,220,127,1
2019-12-23 10-49-54.i_1483518.id_10774.cn_1577098299345278000.thr_747.descr_ .jpg,90,9,6
2019-12-23 10-49-54.i_1483518.id_10775.cn_-10775.thr_535.descr_ .jpg,103,119,1
2019-12-23 10-50-13.i_1483522.id_10787.cn_1577098370936689000.thr_984.descr_Sgl .jpg,113,19,3
2019-12-23 10-50-55.i_1483531.id_10809.cn_1577098394259586000.thr_832.descr_Out looks_different.jpg,34,168,6
2019-12-23 11-02-24.i_310.id_67.cn_1577098945749400000.thr_901.descr_Sgl .jpg,147,27,6
2019-12-23 11-05-39.i_2268.id_1294.cn_1577099140945425000.thr_799.descr_ looks_different.jpg,233,129,6
2019-12-23 11-05-50.i_2370.id_1453.cn_1577099142532684000.thr_998.descr_ .jpg,71,236,6
2019-12-23 11-05-53.i_2403.id_1514.cn_1577099142532684000.thr_968.descr_ looks_different.jpg,155,56,6
2019-12-23 11-05-53.i_2404.id_1516.cn_1577099142532684000.thr_996.descr_ .jpg,160,69,6
2019-12-23 11-09-05.i_4323.id_1554.cn_1577099345357477000.thr_989.descr_Out_bord looks_different.jpg,122,129,3
2019-12-23 11-27-21.i_15291.id_1905.cn_1577100443472140000.thr_710.descr_Sg_bord .jpg,120,121,6
2019-12-23 11-29-08.i_16361.id_1914.cn_1577100550513288000.thr_998.descr_In looks_different.jpg,182,115,7
2019-12-23 11-33-17.i_18845.id_2259.cn_1577100793947961000.thr_566.descr_Out_bord .jpg,60,240,4
2019-12-23 11-35-28.i_20154.id_2667.cn_1577100925425835000.thr_1000.descr_ .jpg,172,83,6
2019-12-23 11-36-02.i_20502.id_2729.cn_1577100964461194000.thr_729.descr_Sg_bord .jpg,239,123,4
2019-12-23 11-39-53.i_22812.id_3044.cn_1577101190952285000.thr_930.descr_ looks_different.jpg,38,128,7
2019-12-23 11-40-05.i_22932.id_3227.cn_1577101190952285000.thr_992.descr_ .jpg,39,240,7
2019-12-23 11-40-10.i_22977.id_3316.cn_1577101190952285000.thr_982.descr_Out looks_different.jpg,113,218,7
2019-12-23 11-41-51.i_23994.id_3426.cn_1577101312241562000.thr_686.descr_ .jpg,55,8,6
2019-12-23 11-57-15.i_33228.id_3896.cn_1577102238532160000.thr_759.descr_Sg_bord .jpg,52,165,7
2019-12-23 11-57-15.i_33229.id_3899.cn_1577102238639833000.thr_666.descr_In_bord .jpg,213,177,7
2019-12-23 11-57-17.i_33253.id_3960.cn_1577102238639833000.thr_951.descr_ looks_different.jpg,108,14,7
2019-12-23 12-03-57.i_37198.id_4254.cn_1577102641081108000.thr_876.descr_Sg_bord looks_different.jpg,81,104,3
2019-12-23 12-04-20.i_37367.id_4445.cn_1577102642127081000.thr_791.descr_ .jpg,126,205,3
2019-12-23 12-04-21.i_37372.id_4454.cn_1577102642127081000.thr_983.descr_ looks_different.jpg,128,168,3
2019-12-23 12-04-45.i_37528.id_4556.cn_1577102693732008000.thr_669.descr_In .jpg,149,162,6
2019-12-23 12-12-32.i_41740.id_4963.cn_1577103149537695000.thr_899.descr_ crossing.jpg,105,36,0
2019-12-23 12-34-46.i_53878.id_5701.cn_1577104501896590000.thr_995.descr_Sgl .jpg,156,10,4
2019-12-23 12-44-26.i_59451.id_5787.cn_1577105075114236000.thr_985.descr_In .jpg,199,210,6
2019-12-23 12-46-32.i_60648.id_5808.cn_1577105203166973000.thr_622.descr_In .jpg,199,151,6
2019-12-23 12-46-54.i_60701.id_5908.cn_1577105203166973000.thr_984.descr_Out looks_different.jpg,224,25,3
2019-12-23 12-48-14.i_61347.id_5935.cn_1577105301624358000.thr_988.descr_ crossing.jpg,117,29,4
2019-12-23 12-48-30.i_61383.id_5971.cn_1577105301624358000.thr_975.descr_Out_bord looks_different.jpg,28,138,4
2019-12-23 12-48-30.i_61384.id_5972.cn_1577105320044561000.thr_884.descr_Sg_bord looks_different.jpg,246,136,4
2019-12-23 12-48-59.i_61569.id_6019.cn_1577105336232951000.thr_673.descr_Out_bord looks_different.jpg,30,253,7
2019-12-23 12-49-51.i_61976.id_6056.cn_1577105406368133000.thr_999.descr_ .jpg,108,177,6
2019-12-23 12-54-16.i_63486.id_6315.cn_1577105677260494000.thr_976.descr_Out .jpg,65,162,3
2019-12-23 13-07-29.i_67316.id_6853.cn_1577106464349737000.thr_966.descr_In_bord .jpg,98,51,1
2019-12-23 13-07-30.i_67321.id_6858.cn_1577106464349737000.thr_965.descr_Out looks_different.jpg,226,1,1
2019-12-23 13-14-18.i_70171.id_7029.cn_1577106873302231000.thr_960.descr_Sg_bord .jpg,84,141,6
2019-12-23 13-17-39.i_70783.id_7345.cn_1577107083397817000.thr_968.descr_ crossing.jpg,51,189,6
2019-12-23 13-18-04.i_70823.id_7398.cn_-7398.thr_509.descr_ .jpg,31,206,6
2019-12-23 13-26-54.i_73940.id_7615.cn_1577107652525785000.thr_898.descr_Out looks_different.jpg,132,24,1
2019-12-23 13-27-00.i_73948.id_7631.cn_1577107639321078000.thr_626.descr_Out looks_different.jpg,21,226,1
2019-12-23 13-47-50.i_79744.id_8128.cn_1577108891680903000.thr_997.descr_ crossing.jpg,97,29,7
2019-12-23 14-03-21.i_84800.id_8421.cn_1577109835383641000.thr_948.descr_In .jpg,68,242,4
2019-12-23 14-12-45.i_87381.id_8794.cn_1577110430255855000.thr_790.descr_Sg_bord looks_different.jpg,173,157,6
2019-12-23 14-23-40.i_90116.id_8968.cn_1577111049311666000.thr_853.descr_In_bord .jpg,11,123,6
2019-12-23 14-33-04.i_91539.id_9212.cn_1577111633710846000.thr_998.descr_ crossing.jpg,44,96,0
2019-12-23 14-33-04.i_91543.id_9221.cn_1577111633710846000.thr_938.descr_ looks_different.jpg,20,64,0
2019-12-23 14-33-04.i_91544.id_9222.cn_1577111633710846000.thr_999.descr_ .jpg,44,80,0
2019-12-23 14-35-07.i_91600.id_9264.cn_1577111771556657000.thr_880.descr_Sg_bord .jpg,228,198,4
2019-12-23 14-36-47.i_91717.id_9278.cn_1577111851008026000.thr_999.descr_Out .jpg,124,229,1
2019-12-23 14-51-36.i_96624.id_9611.cn_1577112739603337000.thr_1000.descr_ crossing.jpg,130,109,1
2019-12-23 15-03-39.i_97741.id_9957.cn_1577113382816058000.thr_996.descr_Out looks_different.jpg,180,250,4
2019-12-23 15-27-17.i_104820.id_10261.cn_1577114921861497000.thr_992.descr_Sgl .jpg,138,28,4
2019-12-23 15-32-27.i_105860.id_10347.cn_1577115237791948000.thr_772.descr_Sg_bord .jpg,121,99,6
2019-12-23 15-33-06.i_105877.id_10350.cn_1577115276177904000.thr_847.descr_Sgl .jpg,225,225,3
2019-12-23 15-41-36.i_106492.id_10543.cn_1577115767355306000.thr_963.descr_Sgl .jpg,119,162,4
2019-12-23 15-43-45.i_106558.id_10565.cn_1577115925822777000.thr_941.descr_Sgl looks_different.jpg,124,154,7
2019-12-23 15-43-46.i_106559.id_10566.cn_1577115925920784000.thr_952.descr_Sgl .jpg,110,156,4
2019-12-23 15-45-26.i_106601.id_10572.cn_1577115984153978000.thr_825.descr_In_bord .jpg,217,134,4
2019-12-23 15-49-42.i_107137.id_10695.cn_1577116304857533000.thr_966.descr_Sgl looks_different.jpg,33,207,6
2022_10_13__22_24_30__i00001048_id00005098_gcn00005065__1__person.png,100,166,7
2022_10_13__22_25_58__i00002617_id00007484_gcn00007432__1__person.png,176,200,5
2022_10_13__22_50_04__i00028596_id00121424_gcn00121424__1__person.png,83,172,4
2022_10_13__22_50_35__i00029149_id00123396_gcn00123396__1__person.png,7,116,7
2022_10_13__22_50_36__i00029175_id00123461_gcn00123396__1__person.png,48,139,7
2022_10_13__23_27_07__i00008647_id00052577_gcn00052577__1__person.png,87,149,3
2022_10_13__23_27_10__i00008702_id00053002_gcn00052577__1__person.png,129,219,3
2022_10_13__23_27_11__i00008721_id00053168_gcn00052577__1__person.png,144,1,3
2022_10_13__23_27_23__i00008942_id00054367_gcn00052577__1__person.png,167,97,3
2022_10_13__23_31_55__i00000133_id00001020_gcn00000451__1__person.png,208,110,6
2022_10_13__23_36_20__i00004912_id00073479_gcn00049118__1__person.png,208,108,6
2022_10_13__23_37_52__i00020272_id00079329_gcn00079290__1__person.png,89,169,3
2022_10_13__23_37_54__i00020303_id00079462_gcn00079290__1__person.png,96,154,3
2022_10_13__23_38_00__i00020411_id00079971_gcn00079290__1__person.png,35,153,3
2022_10_13__23_38_12__i00020634_id00080611_gcn00079290__1__person.png,204,116,5
2022_10_13__23_44_49__i00014170_id00175997_gcn00175334__1__person.png,254,170,7
2022_10_13__23_45_38__i00015052_id00179312_gcn00178998__1__person.png,26,160,3
2022_10_13__23_47_03__i00016567_id00187832_gcn00187612__0__multy.png,27,136,1
2022_10_13__23_49_34__i00019285_id00199300_gcn00199007__1__person.png,241,22,9
2022_10_13__23_49_46__i00019500_id00201203_gcn00201105__1__person.png,116,172,3
2022_10_13__23_49_49__i00019558_id00201818_gcn00201105__1__person.png,151,234,3
2022_10_13__23_49_49__i00019562_id00201855_gcn00200873__0__multy.png,245,206,9
2022_10_13__23_49_51__i00019603_id00202321_gcn00201105__1__person.png,137,155,3
2022_10_13__23_49_52__i00019609_id00202384_gcn00201105__1__person.png,139,234,3
2022_10_13__23_49_55__i00019666_id00202892_gcn00201105__1__person.png,112,184,3
2022_10_13__23_51_31__i00021405_id00217665_gcn00217636__1__person.png,193,100,3
2022_10_13__23_52_21__i00022306_id00223567_gcn00223567__1__person.png,177,90,4
2022_10_13__23_52_30__i00022465_id00224779_gcn00224779__1__person.png,164,87,4
2022_10_13__23_52_50__i00022826_id00226879_gcn00226677__1__person.png,10,174,7
2022_10_13__23_52_59__i00022973_id00227833_gcn00226677__1__person.png,77,162,7
2022_10_13__23_53_32__i00023582_id00232610_gcn00231847__1__person.png,29,169,7
2022_10_13__23_56_22__i00026617_id00245086_gcn00244921__1__person.png,152,84,4
2022_10_13__23_57_50__i00028192_id00246672_gcn00246423__1__person.png,204,212,4
2022_10_14__00_02_42__i00033455_id00256426_gcn00256213__1__person.png,92,239,5
2022_10_14__00_02_42__i00033468_id00256480_gcn00256268__1__person.png,52,112,5
2022_10_14__00_04_06__i00034971_id00258780_gcn00257722__1__person.png,40,188,4
2022_10_14__00_05_26__i00036412_id00262721_gcn00261975__1__person.png,20,168,4
2022_10_14__00_08_40__i00039900_id00275636_gcn00275640__1__person.png,201,2,4
2022_10_14__00_10_29__i00041862_id00286850_gcn00285289__1__person.png,51,144,6
2022_10_14__00_12_31__i00044061_id00298235_gcn00293697__1__person.png,67,177,7
2022_10_14__00_13_42__i00045333_id00304061_gcn00304061__1__person.png,240,200,3
2022_10_14__00_13_43__i00045367_id00304289_gcn00304061__1__person.png,242,161,3
2022_10_14__00_14_12__i00045889_id00307268_gcn00306385__1__person.png,15,142,2
2022_10_14__00_14_49__i00046545_id00311747_gcn00307788__1__person.png,123,9,4
2022_10_14__00_15_03__i00046802_id00313378_gcn00312344__1__person.png,196,220,8
2022_10_14__00_15_04__i00046809_id00313423_gcn00312344__1__person.png,159,230,8
2022_10_14__00_15_05__i00046832_id00313544_gcn00312344__1__person.png,141,186,8
2022_10_14__00_16_44__i00048626_id00327163_gcn00326923__1__person.png,89,212,4
2022_10_14__00_16_48__i00048685_id00327560_gcn00326923__1__person.png,60,224,4
2022_10_14__00_20_14__i00052391_id00346474_gcn00346377__1__person.png,63,176,3
2022_10_14__00_20_16__i00052434_id00346936_gcn00346377__1__person.png,113,234,8
2022_10_14__00_20_21__i00052515_id00347892_gcn00346377__1__person.png,172,244,8
2022_10_14__00_24_02__i00056510_id00361793_gcn00361341__1__person.png,116,232,3
2022_10_14__00_24_04__i00056540_id00362062_gcn00361341__1__person.png,147,235,3
2022_10_14__00_24_08__i00056602_id00362673_gcn00361341__1__person.png,164,12,3
2022_10_14__00_24_11__i00056661_id00363114_gcn00361341__1__person.png,116,164,3
2022_10_14__00_24_12__i00056689_id00363378_gcn00361341__1__person.png,84,156,3
2022_10_14__00_49_37__i00084116_id00526209_gcn00526209__1__person.png,248,139,4
2022_10_14__00_50_10__i00084708_id00528968_gcn00528842__1__person.png,172,0,4
2022_10_14__00_50_17__i00084832_id00530701_gcn00528683__1__person.png,192,16,4
2022_10_14__00_51_35__i00086234_id00539517_gcn00539517__1__person.png,251,122,4
2022_10_14__00_55_54__i00090895_id00571286_gcn00570264__1__person.png,1,126,2
2022_10_14__01_01_21__i00096771_id00596652_gcn00596510__1__person.png,25,112,7
2022_10_14__01_03_59__i00099608_id00629529_gcn00629066__1__person.png,128,29,4
2022_10_14__01_03_59__i00099609_id00629543_gcn00629066__1__person.png,135,39,4
2022_10_14__01_06_53__i00102740_id00667430_gcn00631582__1__person.png,212,104,4
2022_10_14__01_21_11__i00118189_id00852318_gcn00851646__1__person.png,244,124,7
2022_10_14__01_26_07__i00123521_id00913774_gcn00912886__1__person.png,18,169,8
2022_10_14__01_26_09__i00123557_id00915203_gcn00912886__1__person.png,136,213,8
2022_10_14__01_27_36__i00125113_id00940811_gcn00940356__1__person.png,188,236,3
2022_10_14__22_42_52__i00001687_id00008896_gcn00003235__1__person.png,209,7,9
2022_10_14__22_48_40__i00007956_id00053581_gcn00039385__1__person.png,181,39,9
2022_10_14__22_49_35__i00008939_id00059230_gcn00059163__0__multy.png,69,244,9
2022_10_14__23_07_08__i00027936_id00218674_gcn00216967__1__person.png,249,238,5
2022_10_14__23_07_09__i00027951_id00218773_gcn00216967__1__person.png,8,40,5
2022_10_14__23_12_08__i00033355_id00250498_gcn00250443__1__person.png,237,69,1
2022_10_14__23_12_09__i00033372_id00250631_gcn00250443__1__person.png,181,65,1
2022_10_14__23_12_15__i00033475_id00251618_gcn00250443__1__person.png,161,7,1
2022_10_14__23_13_16__i00034567_id00263749_gcn00262757__0__multy.png,41,155,1
2022_10_14__23_13_16__i00034571_id00263800_gcn00250443__1__person.png,231,131,1
2022_10_14__23_13_17__i00034601_id00264159_gcn00264159__0__multy.png,24,151,1
2022_10_14__23_13_21__i00034670_id00264930_gcn00250443__1__person.png,165,194,1
2022_10_14__23_13_22__i00034689_id00265102_gcn00265102__0__multy.png,214,205,1
2022_10_14__23_20_23__i00042394_id00315253_gcn00315215__1__person.png,64,144,5
2022_10_14__23_20_23__i00042399_id00315274_gcn00315215__1__person.png,64,144,5
2022_10_14__23_21_51__i00043993_id00320856_gcn00315215__1__person.png,68,221,5
2022_10_14__23_21_52__i00044010_id00320958_gcn00315215__1__person.png,64,27,5
2022_10_14__23_21_54__i00044044_id00321168_gcn00315215__1__person.png,48,184,5
2022_10_14__23_22_00__i00044139_id00321813_gcn00315527__1__person.png,127,170,8
2022_10_14__23_22_32__i00044725_id00325190_gcn00315527__1__person.png,2,121,7
2022_10_14__23_27_08__i00049699_id00352743_gcn00352012__1__person.png,244,140,4
2022_10_14__23_28_04__i00050692_id00360666_gcn00360581__0__multy.png,215,240,4
2022_10_14__23_29_35__i00052332_id00376896_gcn00376487__1__person.png,150,159,3
2022_10_14__23_29_56__i00052724_id00379475_gcn00366117__1__person.png,199,23,4
2022_10_14__23_32_28__i00055446_id00392738_gcn00388609__1__person.png,49,183,4
2022_10_14__23_32_38__i00055628_id00393683_gcn00392839__1__person.png,188,148,4
2022_10_14__23_40_41__i00064321_id00427142_gcn00426800__1__person.png,4,172,4
2022_10_14__23_40_41__i00064338_id00427168_gcn00426800__1__person.png,220,104,4
2022_10_14__23_40_49__i00064468_id00427522_gcn00426800__1__person.png,224,96,4
2022_10_14__23_53_23__i00077993_id00490732_gcn00490543__1__person.png,240,124,4
2022_10_14__23_55_10__i00079921_id00498338_gcn00498338__1__person.png,220,98,4
2022_10_14__23_55_16__i00080031_id00498825_gcn00498338__1__person.png,224,104,4
2022_10_14__23_55_26__i00080209_id00499658_gcn00498338__1__person.png,184,111,4
2022_10_14__23_56_44__i00081611_id00507463_gcn00499707__1__person.png,88,172,1
2022_10_14__23_57_27__i00082393_id00511943_gcn00511851__1__person.png,120,236,8
2022_10_14__23_58_41__i00083723_id00515919_gcn00515667__1__person.png,204,104,8
2022_10_15__00_04_26__i00089948_id00541577_gcn00540532__1__person.png,199,100,4
2022_10_15__00_04_31__i00090036_id00541871_gcn00540532__1__person.png,251,125,4
2022_10_15__00_04_42__i00090228_id00544417_gcn00540532__1__person.png,61,113,4
2022_10_15__00_05_15__i00090821_id00547502_gcn00547305__1__person.png,134,194,2
2022_10_15__00_05_16__i00090834_id00547567_gcn00547305__1__person.png,127,175,2
2022_10_15__00_05_27__i00091041_id00548657_gcn00540532__1__person.png,11,9,4
2022_10_15__00_05_29__i00091076_id00548886_gcn00547305__1__person.png,8,140,2
2022_10_15__00_06_15__i00091896_id00551387_gcn00550098__1__person.png,224,124,4
2022_10_15__00_06_31__i00092190_id00557002_gcn00550098__1__person.png,17,170,4
2022_10_15__00_06_36__i00092284_id00557594_gcn00550098__1__person.png,224,184,4
2022_10_15__00_06_36__i00092287_id00557613_gcn00550098__1__person.png,176,152,4
2022_10_15__00_09_47__i00095715_id00571768_gcn00570121__1__person.png,212,88,0
2022_10_15__00_12_20__i00098482_id00580754_gcn00580670__1__person.png,203,104,7
2022_10_15__00_12_27__i00098597_id00581603_gcn00580670__1__person.png,40,190,7
2022_10_15__00_13_00__i00099204_id00584066_gcn00580670__1__person.png,107,161,7
2022_10_15__00_13_03__i00099248_id00584266_gcn00584224__0__multy.png,27,174,7
2022_10_15__00_14_52__i00101167_id00595991_gcn00594300__1__person.png,166,113,7
2022_10_15__00_16_10__i00102569_id00602845_gcn00602845__0__multy.png,253,163,6
2022_10_15__00_17_36__i00104120_id00612202_gcn00612202__1__person.png,19,214,7
2022_10_15__00_18_40__i00105270_id00615281_gcn00613551__1__person.png,24,188,7
2022_10_15__00_20_20__i00107083_id00639582_gcn00630944__1__person.png,202,217,4
2022_10_15__00_24_55__i00112024_id00698554_gcn00690756__1__person.png,40,164,4
2022_10_15__00_56_09__i00026246_id00064288_gcn00064205__1__person.png,210,96,3
2022_10_15__01_04_13__i00034945_id00088740_gcn00085593__1__person.png,77,190,3
2022_10_15__01_10_02__i00041244_id00110923_gcn00110887__1__person.png,211,100,0
2022_10_15__07_52_58__i00000975_id00013947_gcn00013947__1__person.png,203,97,0
2022_10_15__07_53_59__i00002065_id00017732_gcn00017732__1__person.png,120,75,3
2022_10_15__07_54_59__i00003146_id00021383_gcn00021383__1__person.png,32,170,3
2022_10_15__07_55_06__i00003271_id00021987_gcn00021954__1__person.png,88,164,3
2022_10_15__07_55_28__i00003679_id00023605_gcn00023227__1__person.png,210,128,3
2022_10_15__07_56_45__i00005051_id00033036_gcn00032839__1__person.png,156,84,3
2022_10_15__07_56_50__i00005158_id00034398_gcn00033258__1__person.png,251,117,3
2022_10_15__07_57_25__i00005774_id00038458_gcn00031653__1__person.png,168,164,0
2022_10_15__07_59_59__i00008561_id00057828_gcn00057539__1__person.png,188,92,3
2022_10_15__08_00_59__i00009639_id00066406_gcn00032839__1__person.png,216,114,3
2022_10_15__08_03_16__i00012096_id00080673_gcn00080673__1__person.png,198,107,3
2022_10_15__08_03_20__i00012182_id00081381_gcn00080673__1__person.png,133,190,3
2022_10_15__08_03_21__i00012190_id00081448_gcn00080961__1__person.png,246,128,3
2022_10_15__08_03_23__i00012220_id00081681_gcn00080961__1__person.png,8,132,3
2022_10_15__08_08_18__i00017466_id00110658_gcn00110497__1__person.png,240,124,3
2022_10_15__08_08_26__i00017598_id00111684_gcn00111141__1__person.png,18,150,3
2022_10_15__08_08_28__i00017632_id00111935_gcn00111141__1__person.png,89,186,3
2022_10_15__08_09_20__i00018542_id00116930_gcn00116678__1__person.png,186,96,3
2022_10_15__08_12_24__i00021858_id00138737_gcn00138677__1__person.png,160,84,3
2022_10_15__08_12_32__i00022002_id00139860_gcn00138677__1__person.png,228,97,3
2022_10_15__08_13_37__i00023172_id00149041_gcn00148815__1__person.png,199,104,3
2022_10_15__08_13_43__i00023266_id00150397_gcn00148680__1__person.png,14,128,3
2022_10_15__08_15_32__i00025227_id00161561_gcn00161561__0__multy.png,183,100,3
2022_10_15__08_15_54__i00025629_id00163588_gcn00163378__1__person.png,160,88,3
2022_10_15__08_16_07__i00025858_id00164659_gcn00163378__1__person.png,216,100,3
2022_10_15__08_18_13__i00028136_id00178291_gcn00177861__1__person.png,156,88,3
2022_10_15__08_21_45__i00031964_id00194509_gcn00144281__1__person.png,204,96,3
2022_10_15__08_21_59__i00032215_id00195325_gcn00194757__1__person.png,5,113,3
2022_10_15__08_22_27__i00032729_id00198151_gcn00198099__1__person.png,204,131,3
2022_10_15__08_22_29__i00032768_id00198361_gcn00196735__1__person.png,152,84,3
2022_10_15__08_22_32__i00032814_id00198627_gcn00198627__3__bike.png,99,130,3
2022_10_15__08_22_33__i00032827_id00198700_gcn00198099__1__person.png,106,151,3
2022_10_15__08_22_34__i00032858_id00198917_gcn00198099__1__person.png,162,213,3
2022_10_15__08_23_01__i00033332_id00201198_gcn00200546__1__person.png,133,210,3
2022_10_15__08_27_52__i00038538_id00223165_gcn00222703__1__person.png,60,181,3
2022_10_15__08_27_52__i00038545_id00223224_gcn00222703__1__person.png,73,179,3
2022_10_15__08_27_54__i00038583_id00223474_gcn00222703__1__person.png,142,190,3
2022_10_15__08_29_20__i00040131_id00229685_gcn00229449__1__person.png,32,141,3
2022_10_15__08_29_29__i00040286_id00230656_gcn00229004__1__person.png,212,92,3
2022_10_15__08_35_27__i00046751_id00263196_gcn00263098__1__person.png,29,110,3
2022_10_15__08_37_08__i00048604_id00270280_gcn00269951__1__person.png,28,184,0
2022_10_15__08_37_17__i00048757_id00270795_gcn00269951__1__person.png,248,126,0
2022_10_15__08_38_26__i00050007_id00274966_gcn00274357__1__person.png,0,140,0
2022_10_15__08_39_37__i00051295_id00286794_gcn00282169__1__person.png,36,184,0
2022_10_15__08_40_35__i00052342_id00304430_gcn00304260__1__person.png,233,118,3
2022_10_15__08_42_57__i00054892_id00316035_gcn00315560__1__person.png,211,104,3
2022_10_15__08_59_37__i00072733_id00404746_gcn00404489__1__person.png,207,93,3
2022_10_15__09_15_29__i00004982_id00021830_gcn00021830__1__person.png,121,141,1
2022_10_15__09_15_32__i00005028_id00022038_gcn00021830__1__person.png,100,183,1
2022_10_15__09_18_18__i00092944_id00580550_gcn00580243__1__person.png,232,100,3
2022_10_15__09_18_19__i00008038_id00038370_gcn00038339__1__person.png,35,126,2
2022_10_15__09_18_21__i00008074_id00038473_gcn00038339__1__person.png,244,144,7
2022_10_15__09_22_07__i00012146_id00060146_gcn00060115__1__person.png,69,187,7
2022_10_15__09_26_04__i00016395_id00095807_gcn00095325__1__person.png,100,193,7
2022_10_15__09_49_12__i00041361_id00210624_gcn00210023__1__person.png,155,190,6
2022_10_15__09_51_00__i00043302_id00232314_gcn00231963__1__person.png,63,160,4
2022_10_15__11_05_48__i00000097_id00000608_gcn00000140__1__person.png,78,220,7
2022_10_15__11_07_48__i00002260_id00014051_gcn00009181__1__person.png,80,224,7
2022_10_15__11_10_12__i00004841_id00028184_gcn00009181__1__person.png,32,227,7
2022_10_15__11_11_50__i00006603_id00037954_gcn00023990__1__person.png,11,138,7
2022_10_15__11_17_09__i00012342_id00071290_gcn00071290__1__person.png,222,195,4
2022_10_15__11_21_20__i00016871_id00090606_gcn00085631__1__person.png,80,216,7
2022_10_15__11_21_39__i00017218_id00092084_gcn00085631__1__person.png,72,184,4
2022_10_15__11_28_03__i00024127_id00112063_gcn00105193__1__person.png,50,6,7
2022_10_15__11_29_11__i00025348_id00120007_gcn00119285__1__person.png,21,140,6
2022_10_15__11_29_12__i00025361_id00120110_gcn00120110__0__multy.png,44,144,6
2022_10_15__11_29_29__i00025670_id00122612_gcn00117569__1__person.png,20,128,7
2022_10_15__11_29_51__i00026070_id00125803_gcn00119285__1__person.png,127,219,7
2022_10_15__11_30_05__i00026326_id00128142_gcn00117569__1__person.png,71,161,7
2022_10_15__11_31_45__i00028129_id00138670_gcn00117569__1__person.png,76,8,7
2022_10_15__11_35_07__i00031755_id00152369_gcn00117569__1__person.png,233,172,7
2022_10_15__11_39_53__i00036901_id00172244_gcn00165909__1__person.png,244,152,7
2022_10_15__11_41_04__i00038182_id00175583_gcn00165909__1__person.png,8,204,7
2022_10_15__11_45_52__i00043361_id00192110_gcn00191840__1__person.png,147,84,4
2022_10_15__11_45_54__i00043396_id00192346_gcn00192295__0__multy.png,36,144,4
2022_10_15__11_54_56__i00000885_id00005452_gcn00005286__1__person.png,128,8,8
2022_10_15__11_58_23__i00004571_id00027324_gcn00017286__1__person.png,12,126,3
2022_10_15__11_58_53__i00005118_id00036240_gcn00024905__1__person.png,10,144,6
2022_10_15__12_01_18__i00007718_id00066873_gcn00005286__1__person.png,105,186,8
2022_10_15__12_02_16__i00008772_id00076715_gcn00076083__1__person.png,2,27,8
2022_10_15__12_03_26__i00010031_id00083204_gcn00083064__1__person.png,60,183,7
2022_10_15__12_09_17__i00016267_id00119203_gcn00119203__1__person.png,75,154,1
2022_10_15__12_12_06__i00019320_id00128533_gcn00128295__1__person.png,84,168,8
2022_10_15__12_24_15__i00032334_id00151714_gcn00150469__1__person.png,96,40,6
2022_10_15__12_27_34__i00035917_id00160914_gcn00160474__1__person.png,203,100,4
2022_10_15__12_32_18__i00041065_id00169839_gcn00169734__1__person.png,192,96,4
2022_10_15__12_33_14__i00042077_id00171160_gcn00171160__1__person.png,181,91,4
2025929__0807__12_47_47_______END.png,183,151,6
2027584__0807__12_50_17__________.png,209,139,6
2184239__0722__21_45_39_______END.png,142,193,6
2731863__0724__13_57_34__________.png,147,209,6
2878055__0805__10_08_29_______END.png,189,145,6
2893906__0805__10_22_58_P1____END.png,173,149,6
5909988__0805__12_41_27_______END.png,146,81,6
5974563__0805__13_40_32__________.png,151,86,6
9038453__0807__12_50_18__________.png,209,139,6
9038474__0807__12_50_20_______END.png,209,139,6
CAMERA0_pattern.jpg,0,0,6
cam_o118_entrance_2020-09-26-19:30:36.png,240,128,6
cam_o118_entrance_2020-10-02-05:12:50.png,240,128,6
copy_0285_0409_16_48_54___i15243__________SM_______CR_TP1_ID1679_CAM0_TP1_THR998_CN1586450935212895000_TCN-1679___.png,60,174,1
copy_0523_0326_18_26_41___i442308_SGLB_CLR_TP1_ID56220_CAM0_TP1_THR817_CN1585247205623706000_TCN-56220.png,63,179,3
copy_0523_2019-11-30_13-33-29_i=934382_id=12993_cn=1575120838551230000_thr=528_descr_In_.jpg,3,143,3
copy_0743_2019-12-02_13-06-45_i=49566_id=5568_cn=1575292018010724000_thr=962_descr_Sgl_.jpg,124,28,3
copy_1063_0923__13_08_26__i0962879__gcn0152070__0152070__person_____L2____.png,157,88,7
copy_1102_0923__13_57_44__i1016493__gcn0189143__0189147__person___________.png,151,77,6
copy_1123_2019-12-02_16-08-37_i=18701_id=5587_cn=-5587_thr=517_descr__.jpg,173,107,6
copy_1197_0105_13_11_38_i800505_id12673_cn1578229996078068000_thr757.Sgl .jpg,79,14,7
copy_1227_0923__14_17_31__i1038217__gcn0194616__0194843__person___________.png,135,77,6
copy_1700_0413_13_20_47___i28995113_LOOK_TP1_ID17027248_CAM0_TP1_THR939_CN1586784060701820000_TCN-17027248.png,45,149,5
copy_1861_0326_08_54_08___i9085129_LOOK_CLR_TP1_ID3099533_CAM0_TP1_THR977_CN1585212843355321000_TCN-3099533.png,72,184,3
copy_1958_0923__14_16_25__i1037114__gcn0194106__0194124__person_____L2____.png,141,77,6
copy_2166_6172692__0805__16_38_29__________.png,41,235,6
copy_2208_0923__14_36_02__i1057129__gcn0215750__0215750__person_____L2____.png,127,83,6
copy_2454_0410_10_44_37___i518269_SB________________CR_TP1_ID47020_CAM0_TP1_THR722_CN1586515482135951000_TCN-47020___.png,178,216,6
copy_2637_0923__08_43_08__i0651839__gcn0007648__0007676__person___________.png,138,81,1
copy_2843_2019-11-28_11-02-55_i=1910_id=3643_cn=-3643_thr=531_descr__crossing.jpg,137,185,4
copy_2980_0410_10_19_06___i644901_SB________________CR_TP1_ID30950_CAM0_TP1_THR997_CN1586513950176387000_TCN-30950___.png,134,120,1
copy_2994_0923__14_52_10__i1076472__gcn0219000__0219000__person_____L2____.png,122,72,6
copy_3144_0408_12_39_16___i21547659_INB_CLR_TP1_ID13536795_CAM0_TP1_THR985_CN1586349582146834000_TCN-13536795.png,17,135,0
copy_3385_2019-11-22_13-02-02_i=4285_id=1719_cn=1574427725328678000_thr=867_descr_Sgl_looks_different.jpg,244,233,7
copy_3756_0327_08_02_14___i1408616_LOOK_CLR_TP1_ID957420_CAM0_TP1_THR687_CN1585296138772937000_TCN-957420.png,37,172,3
copy_4217_0923__10_10_23__i0756519__gcn0055920__0055920__person___________.png,143,79,7
copy_4349_0923__08_59_16__i0671194__gcn0015135__0015202__person_____L2____.png,138,77,7
copy_4373_0125_10_39_10_i2128361_id160837_tcn-160837_cn1579948713845072000_thr986._looks_different.jpg,60,184,1
copy_4741_0405_17_57_28___i17099033_INB_CLR_TP3_ID10783694_CAM0_TP3_THR677_CN1586109453986829000_TCN-10783694.png,67,162,4
copy_4751_0923__17_53_46__i1287871__gcn0247054__0247505__person__P2_L2____.png,175,98,5
copy_4990_0327_07_41_49___i1387567_LOOK_CLR_TP1_ID955574_CAM0_TP1_THR746_CN1585294913157696000_TCN-955574.png,36,169,0
copy_4993_2019-11-28_10-53-30_i=23870_id=9675_cn=1574938562408613000_thr=905_descr_Sgl_different_place.jpg,1,121,4
copy_5409_0410_09_30_23___i473756_SB________________CR_TP1_ID46849_CAM0_TP1_THR814_CN1586511028682002000_TCN-46849___.png,188,231,1
copy_5457_0326_09_37_23___i9103672_LOOK_CLR_TP1_ID3101145_CAM0_TP1_THR947_CN1585215412022673000_TCN-3101145.png,13,124,3
copy_5512_0410_10_25_53___i507047_______PC_____________TP2_ID46898_CAM0_TP2_THR830_CN1586514355913904000_TCN-46898___.png,183,24,6
copy_5564_0327_17_32_48___i1944338_OUTB_CLR_TP1_ID1013445_CAM0_TP1_THR742_CN1585330374555479000_TCN-1013445.png,22,148,3
copy_5610_0407_09_37_05___i19765495_LOOK_CLR_TP1_ID12667339_CAM0_TP1_THR662_CN1586252225354403000_TCN-12667339.png,33,202,1
copy_5734_0405_17_57_28___i17099033_INB_CLR_TP3_ID10783694_CAM0_TP3_THR677_CN1586109453986829000_TCN-10783694.png,67,162,4
copy_5799_0409_09_17_01___i584459_SB_______SM_______CR_TP1_ID29615_CAM0_TP1_THR714_CN1586423824926127000_TCN-29615___.png,93,196,7
copy_6603_0428_12_40_49___i555929_SB________________CR_TP1_ID88470_CAM0_TP1_THR898_CN1588077652147540000_TCN-88470___.png,119,195,4
copy_6615_2019-11-25_10-02-28_i=2201578_id=12649_cn=1574676194067446000_thr=997_descr_Sgl_.jpg,188,165,0
copy_6837_3294149__0805__16_38_28__________.png,41,235,6
copy_6951_2019-11-22_16-44-24_i=82360_id=11160_cn=1574441067213395000_thr=781_descr_Sgl_.jpg,17,200,5
copy_7145_2019-11-20_09-23-13_i=325252_id=325355_cn=1574241809459645000_thr=983_descr_Sgl_.jpg,128,186,0
copy_7182_0923__09_27_04__i0704541__gcn0043005__0043005__person_____L2____.png,128,80,7
copy_7493_0408_19_44_58___i97721__________SM__________TP1_ID8227_CAM0_TP1_THR984_CN1586375100043346000_TCN-8227___.png,229,173,0
copy_7877_2019-12-02_12-37-33_i=26791_id=2036_cn=1575290254321854000_thr=939_descr__looks_different.jpg,242,224,0
copy_7929_0923__10_10_09__i0756239__gcn0055623__0055753__person_____L2____.png,150,85,4
copy_8300_2019-11-26_14-27-03_i=110209_id=16098_cn=1574778403646202000_thr=977_descr_Out@bord_.jpg,98,137,7
copy_8302_0327_08_02_19___i1408647_PLACE_CLR_TP1_ID957477_CAM0_TP1_THR979_CN1585296135129229000_TCN-957477.png,33,150,7
copy_8748_2019-12-01_15-34-02_i=1237677_id=16527_cn=1575214445799315000_thr=906_descr__looks_different.jpg,63,253,7
copy_8788_0330_08_29_44___i6212513_INB_CLR_TP1_ID4588089_CAM0_TP1_THR749_CN1585556993407981000_TCN-4588089.png,131,91,6
copy_8803_0416_07_50_05___i200881__________SM_______CR_TP1_ID133166_CAM0_TP1_THR750_CN1587023405985853000_TCN-133166_MN.png,20,177,3
copy_8846_0923__09_24_53__i0701917__gcn0040032__0040033__person___________.png,135,77,2
copy_8851_0408_12_39_16___i21547659_INB_CLR_TP1_ID13536795_CAM0_TP1_THR985_CN1586349582146834000_TCN-13536795.png,17,135,0
copy_8857_0923__10_15_03__i0762090__gcn0057603__0057705__person___________.png,129,74,1
copy_9081_0327_16_50_34___i1913143_INB_CLR_TP1_ID1009255_CAM0_TP1_THR790_CN1585327839085997000_TCN-1009255.png,61,153,7
copy_9153_2019-11-27_12-00-12_i=69240_id=9879_cn=1574856020091535000_thr=703_descr_Sgl_.jpg,73,182,2
copy_9335_0409_09_06_17___i578436__________SM__________TP1_ID25473_CAM0_TP1_THR948_CN1586423178189130000_TCN-25473___.png,78,0,3
copy_9553_2019-11-22_09-47-38_i=855514_id=13487_cn=1574416028591010000_thr=515_descr__crossing.jpg,67,204,7
copy_9810_2019-11-25_14-20-55_i=1636_id=751_cn=1574691657121310000_thr=507_descr_In_looks_different.jpg,33,161,3
copy_9825_2019-11-21_11-43-15_i=11910_id=671_cn=1574336596449352000_thr=672_descr_In@bord_different_place.jpg,128,90,5
copy_9885_0923__11_47_30__i0865697__gcn0145375__0145477__person___________.png,167,78,7
view_camera_coor_at_2019-08-31_13_53_45.jpg,16,0,6
